// alignID alignOntime alignSitch alignPitch alignOnvel refID refOntime refSitch refPitch refOnvel
0	4.115625	B3	59	41	0	1.429680	B3	59	40	
1	5.058333	C#4	61	45	1	1.917484	C#4	61	43	
2	5.838542	D4	62	51	2	2.500404	D4	62	45	
3	6.786458	Bb3	58	46	3	3.026688	Bb3	58	41	
4	7.982292	G5	79	42	6	3.514492	G5	79	33	
5	8.005208	E5	76	28	5	3.514492	E5	76	33	
6	8.044792	C#4	61	20	4	3.514492	C#4	61	33	
7	8.791667	F#5	78	40	9	4.245268	F#5	78	30	
8	8.822917	D5	74	27	8	4.245268	D5	74	30	
9	8.873958	D4	62	16	7	4.245268	D4	62	30	
10	9.529167	E5	76	29	12	4.726762	E5	76	28	
11	9.555208	E4	64	27	10	4.726762	E4	64	28	
12	9.563542	C#5	73	29	11	4.726762	C#5	73	28	
13	10.443750	C#5	73	34	15	5.214566	C#5	73	26	
14	10.473958	G4	67	20	13	5.214566	G4	67	26	
15	10.478125	Bb4	70	30	14	5.214566	Bb4	70	26	
16	11.475000	C#4	61	48	16	5.702370	C#4	61	46	
17	12.227083	D4	62	57	17	6.190174	D4	62	49	
18	12.947917	E4	64	69	18	6.677978	E4	64	51	
19	13.919792	B3	59	59	19	7.165782	B3	59	46	
20	15.055208	B5	83	45	22	7.653586	B5	83	35	
21	15.066667	G5	79	33	21	7.653586	G5	79	35	
22	15.103125	E4	64	35	20	7.653586	E4	64	35	
23	15.831250	A5	81	45	25	8.141390	A5	81	33	
24	15.833333	F#5	78	42	24	8.141390	F#5	78	33	
25	15.842708	F#4	66	40	23	8.141390	F#4	66	33	
26	16.577083	G5	79	40	28	8.629194	G5	79	30	
27	16.591667	E5	76	35	27	8.629194	E5	76	30	
28	16.602083	G4	67	30	26	8.629194	G4	67	30	
29	16.617708	B4	71	18	*	-1	*	-1	-1	
30	17.536458	E5	76	33	31	9.116998	E5	76	28	
31	17.563542	G4	67	21	29	9.116998	G4	67	28	
32	17.566667	B4	71	28	30	9.116998	B4	71	28	
33	18.822917	C4	60	61	32	9.604802	C4	60	50	
34	19.869792	G3	55	50	33	10.105633	G3	55	41	
35	20.744792	E5	76	42	35	10.668058	E5	76	31	
36	20.775000	C5	72	36	34	10.668058	C5	72	31	
37	20.785417	G4	67	23	*	-1	*	-1	-1	
38	21.556250	G4	67	31	37	11.155862	G4	67	27	
39	21.562500	E4	64	32	36	11.155862	E4	64	27	
40	22.622917	B3	59	44	38	11.643666	B3	59	46	
41	23.610417	G3	55	31	39	12.131470	G3	55	37	
42	24.442708	E5	76	40	41	12.619274	E5	76	28	
43	24.443750	B4	71	41	40	12.619274	B4	71	28	
44	24.446875	G4	67	29	*	-1	*	-1	-1	
45	25.373958	G4	67	36	43	13.117848	G4	67	24	
46	25.378125	E4	64	34	42	13.117848	E4	64	24	
47	26.660417	E5	76	64	47	13.632350	E5	76	71	
48	26.664583	Bb3	58	64	44	13.632350	Bb3	58	71	
49	26.666667	C#5	73	62	46	13.632350	C#5	73	71	
50	26.670833	E4	64	59	45	13.632350	E4	64	71	
51	27.854167	G3	55	60	48	14.120154	G3	55	68	
52	28.411458	F#3	54	61	49	14.449775	F#3	54	65	
53	28.534375	A3	57	57	50	14.532419	A3	57	65	
54	28.652083	G3	55	56	51	14.615064	G3	55	64	
55	30.686458	F#3	54	39	52	15.354782	F#3	54	58	
56	31.472917	F#3	54	28	54	15.598684	F#3	54	56	
57	31.501042	B2	47	31	53	15.598684	B2	47	56	
58	32.556250	F#4	66	29	56	16.087496	F#4	66	44	
59	32.567708	D4	62	23	55	16.087496	D4	62	44	
60	33.546875	D5	74	31	58	16.576308	D5	74	33	
61	33.551042	B4	71	30	57	16.576308	B4	71	33	
62	35.894792	D4	62	36	59	17.551916	D4	62	56	
63	36.666667	E4	64	59	60	18.046826	E4	64	59	
64	37.355208	F#4	66	61	61	18.542693	F#4	66	61	
65	38.306250	C#4	61	55	62	19.039842	C#4	61	54	
66	39.415625	Bb5	82	41	64	19.558260	Bb5	82	41	
67	39.419792	G5	79	37	63	19.558260	G5	79	41	
68	40.164583	A5	81	41	66	20.096738	A5	81	38	
69	40.186458	F#5	78	33	65	20.096738	F#5	78	38	
70	40.763542	E4	64	51	67	20.688621	E4	64	43	
71	40.765625	G5	79	47	69	20.688621	G5	79	35	
72	40.794792	E5	76	34	68	20.688621	E5	76	35	
73	41.414583	F#4	66	55	70	21.347962	F#4	66	53	
74	41.420833	E5	76	44	72	21.347962	E5	76	32	
75	41.458333	C#5	73	39	71	21.347962	C#5	73	32	
76	42.026042	G4	67	68	73	22.022662	G4	67	60	
77	42.665625	A4	69	65	74	22.745554	A4	69	64	
78	43.204167	A4	69	61	75	23.993728	A4	69	68	
79	43.471875	Bb4	70	71	76	24.296759	Bb4	70	69	
80	44.391667	D4	62	54	77	26.114941	D4	62	62	
81	45.557292	D6	86	46	80	27.933123	D6	86	44	
82	45.600000	Bb5	82	34	79	27.933123	Bb5	82	44	
83	45.602083	G4	67	27	78	27.933123	G4	67	44	
84	46.276042	C6	84	46	83	28.754430	C6	84	41	
85	46.306250	A5	81	26	82	28.754430	A5	81	41	
86	46.346875	A4	69	25	81	28.754430	A4	69	41	
87	46.975000	Bb5	82	45	86	29.254430	Bb5	82	38	
88	46.988542	G5	79	35	85	29.254430	G5	79	38	
89	47.020833	Bb4	70	31	84	29.254430	Bb4	70	38	
90	47.806250	G5	79	41	89	29.754430	G5	79	35	
91	47.826042	Bb4	70	35	87	29.754430	Bb4	70	35	
92	47.832292	D5	74	29	88	29.754430	D5	74	36	
93	49.042708	Eb4	63	47	90	30.255489	Eb4	63	44	
94	50.036458	G5	79	46	94	30.755489	G5	79	42	
95	50.053125	Eb5	75	34	93	30.755489	Eb5	75	42	
96	50.081250	G4	67	25	91	30.755489	G4	67	42	
97	50.084375	Bb4	70	31	92	30.755489	Bb4	70	42	
98	50.494792	F4	65	26	95	31.005489	F4	65	44	
99	50.541667	Eb4	63	48	96	31.088822	Eb4	63	44	
100	50.884375	D4	62	46	97	31.255489	D4	62	45	
101	50.884375	G5	79	44	101	31.255489	G5	79	45	
102	50.893750	Bb4	70	38	99	31.255489	Bb4	70	45	
103	50.898958	Eb5	75	41	100	31.255489	Eb5	75	45	
104	51.187500	Eb4	63	65	102	31.506548	Eb4	63	46	
105	51.493750	G4	67	47	103	31.756548	G4	67	47	
106	51.784375	Eb4	63	60	107	32.006548	Eb4	63	48	
107	51.784375	Eb5	75	54	105	31.756548	Eb5	75	47	
108	51.786458	G4	67	33	*	-1	*	-1	-1	
109	52.277083	Eb4	63	55	108	32.256548	Eb4	63	50	
110	53.176042	C#5	73	38	111	32.756548	C#5	73	46	
111	53.183333	G5	79	40	112	32.756548	G5	79	46	
112	53.196875	G4	67	29	109	32.756548	G4	67	46	
113	53.196875	Bb4	70	36	110	32.756548	Bb4	70	46	
114	53.461458	D4	62	53	113	33.007608	D4	62	46	
115	53.816667	D5	74	46	117	33.257608	C#5	73	44	
116	53.822917	G5	79	47	118	33.257608	G5	79	44	
117	53.823958	Bb4	70	36	116	33.257608	Bb4	70	44	
118	53.828125	G4	67	30	115	33.257608	G4	67	44	
119	53.836458	D4	62	40	114	33.257608	D4	62	44	
120	54.531250	G5	79	41	122	33.757608	G5	79	41	
121	54.535417	Bb4	70	39	120	33.757608	Bb4	70	41	
122	54.535417	D5	74	36	121	33.757608	C#5	73	41	
123	54.540625	G4	67	27	119	33.757608	G4	67	41	
124	55.180208	D4	62	61	123	34.257608	D4	62	48	
125	55.969792	G#5	80	52	127	34.758667	G#5	80	46	
126	55.998958	F5	77	43	126	34.758667	F5	77	46	
127	56.004167	G#4	68	40	124	34.758667	G#4	68	46	
128	56.359375	Eb4	63	47	128	35.008667	Eb4	63	47	
129	56.379167	D4	62	59	129	35.092000	D4	62	48	
130	56.723958	G#5	80	57	134	35.258667	G#5	80	48	
131	56.729167	C#4	61	60	130	35.258667	C#4	61	48	
132	56.734375	G#4	68	47	131	35.258667	G#4	68	48	
133	56.745833	F5	77	48	133	35.258667	F5	77	48	
134	56.763542	Bb4	70	43	132	35.258667	Bb4	70	48	
135	57.031250	D4	62	71	135	35.508667	D4	62	49	
136	57.317708	G#5	80	65	140	35.758667	G#5	80	50	
137	57.320833	F4	65	57	136	35.758667	F4	65	50	
138	57.337500	G#4	68	56	137	35.758667	G#4	68	50	
139	57.347917	Bb4	70	50	138	35.758667	Bb4	70	50	
140	57.607292	D4	62	74	141	36.009726	D4	62	51	
141	58.098958	D4	62	74	142	36.259726	D4	62	53	
142	58.706250	G5	79	74	145	36.759726	G5	79	51	
143	58.732292	G4	67	57	143	36.759726	G4	67	51	
144	58.738542	E5	76	48	144	36.759726	E5	76	51	
145	58.968750	C#4	61	73	146	37.009726	C#4	61	48	
146	59.454167	A5	81	81	150	37.259726	A5	81	53	
147	59.471875	C#4	61	72	147	37.259726	C#4	61	46	
148	59.471875	A4	69	72	148	37.259726	A4	69	53	
149	59.473958	E5	76	59	149	37.259726	E5	76	53	
150	60.370833	Bb5	82	83	153	37.760786	Bb5	82	56	
151	60.390625	E5	76	58	152	37.760786	E5	76	56	
152	60.391667	Bb4	70	70	151	37.760786	Bb4	70	56	
153	61.151042	Bb5	82	75	157	38.260786	Bb5	82	61	
154	61.182292	Bb4	70	62	154	38.260786	Bb4	70	61	
155	61.185417	C#5	73	49	155	38.260786	C#5	73	61	
156	61.186458	E5	76	53	156	38.260786	E5	76	61	
157	62.042708	Bb3	58	65	158	38.760786	Bb3	58	62	
158	62.739583	A3	57	71	159	39.259685	A3	57	65	
159	63.518750	G3	55	69	160	39.759685	G3	55	68	
160	64.596875	F#2	42	52	161	40.260744	F#2	42	74	
161	64.596875	F#3	54	63	162	40.260744	F#3	54	74	
162	65.676042	E5	76	50	164	40.759643	E5	76	69	
163	65.692708	Bb4	70	40	163	40.759643	Bb4	70	69	
164	66.191667	Bb3	58	42	165	41.009643	Bb3	58	65	
165	66.906250	C#6	85	50	170	41.259643	C#6	85	59	
166	66.946875	G5	79	37	169	41.259643	G5	79	59	
167	66.954167	C#5	73	39	167	41.259643	C#5	73	59	
168	66.969792	Bb3	58	31	166	41.259643	Bb3	58	61	
169	70.680208	B2	47	33	171	44.258500	B2	47	40	
170	70.683333	B3	59	37	172	44.258500	B3	59	40	
171	71.182292	G5	79	40	173	44.508500	G5	79	42	
172	71.494792	C#4	61	43	175	44.758500	C#4	61	43	
173	71.544792	C#3	49	34	174	44.758500	C#3	49	43	
174	71.789583	G5	79	45	176	44.998886	G5	79	45	
175	72.077083	D4	62	51	178	45.257399	D4	62	47	
176	72.097917	D3	50	49	177	45.257399	D3	50	47	
177	72.380208	G5	79	52	179	45.507399	G5	79	44	
178	72.390625	D3	50	30	*	-1	*	-1	-1	
179	72.792708	Bb3	58	39	181	45.757399	Bb3	58	42	
180	72.801042	D4	62	33	*	-1	*	-1	-1	
181	73.165625	G5	79	40	182	46.008458	G5	79	40	
182	73.489583	G6	91	48	185	46.258458	G6	91	31	
183	73.523958	E6	88	38	184	46.258458	E6	88	31	
184	73.525000	C#4	61	34	183	46.258458	C#4	61	31	
185	73.803125	G5	79	34	186	46.498844	G5	79	30	
186	74.056250	F#6	90	57	189	46.757357	F#6	90	30	
187	74.086458	D4	62	35	187	46.757357	D4	62	30	
188	74.086458	D6	86	34	188	46.757357	D6	86	30	
189	74.342708	G5	79	44	190	47.007357	G5	79	29	
190	74.636458	E6	88	50	193	47.257357	E6	88	28	
191	74.660417	C#6	85	40	192	47.257357	C#6	85	28	
192	74.704167	E4	64	23	191	47.257357	E4	64	29	
193	74.935417	G5	79	34	194	47.508417	G5	79	27	
194	75.308333	C#6	85	42	197	47.758417	C#6	85	27	
195	75.326042	Bb5	82	31	196	47.758417	Bb5	82	27	
196	75.363542	G4	67	27	195	47.758417	G4	67	28	
197	75.643750	G5	79	44	198	47.997034	G5	79	26	
198	75.927083	C#4	61	50	200	48.251193	C#4	61	44	
199	75.958333	C#3	49	39	199	48.251193	C#3	49	44	
200	76.343750	G5	79	41	201	48.499127	G5	79	45	
201	76.582292	D4	62	59	203	48.747060	D4	62	46	
202	76.608333	D3	50	51	202	48.747060	D3	50	46	
203	76.847917	G5	79	48	204	48.994994	G5	79	48	
204	77.155208	E4	64	70	206	49.242927	E4	64	50	
205	77.185417	E3	52	49	205	49.242927	E3	52	50	
206	77.459375	G5	79	48	207	49.496818	G5	79	48	
207	77.898958	B3	59	54	209	49.746818	B3	59	46	
208	77.906250	B2	47	52	208	49.746818	B2	47	46	
209	78.301042	G5	79	43	210	49.996818	G5	79	44	
210	78.678125	B6	95	49	214	50.246818	B6	95	35	
211	78.695833	G6	91	43	213	50.246818	G6	91	35	
212	78.723958	E4	64	32	212	50.246818	E4	64	35	
213	78.998958	G5	79	37	215	50.496818	G5	79	34	
214	79.260417	A6	93	52	218	50.746818	A6	93	34	
215	79.271875	F#6	90	49	217	50.746818	F#6	90	34	
216	79.318750	F#4	66	31	216	50.746818	F#4	66	34	
217	79.579167	G5	79	34	219	50.997877	G5	79	33	
218	79.837500	G6	91	51	222	51.247877	G6	91	32	
219	79.865625	E6	88	36	221	51.247877	E6	88	32	
220	79.898958	G4	67	21	220	51.247877	G4	67	32	
221	80.133333	G5	79	29	223	51.497877	G5	79	31	
222	80.534375	E6	88	42	226	51.747877	E6	88	30	
223	80.537500	B4	71	38	224	51.747877	B4	71	30	
224	80.953125	G5	79	38	227	51.997877	G5	79	30	
225	81.271875	C4	60	55	229	52.247877	C4	60	51	
226	81.303125	E3	52	47	228	52.247877	E3	52	51	
227	81.308333	G3	55	38	*	-1	*	-1	-1	
228	81.742708	G5	79	43	230	52.498937	G5	79	49	
229	82.032292	G3	55	39	233	52.748937	G3	55	44	
230	82.077083	D3	50	39	232	52.748937	D3	50	44	
231	82.087500	B2	47	44	231	52.748937	B2	47	44	
232	82.352083	G5	79	42	234	52.998937	G5	79	46	
233	82.766667	E6	88	45	238	53.248937	E6	88	35	
234	82.782292	C6	84	37	237	53.248937	C6	84	35	
235	82.795833	C5	72	36	235	53.248937	C5	72	35	
236	82.803125	E5	76	25	236	53.248937	E5	76	35	
237	83.178125	G5	79	43	239	53.498937	G5	79	33	
238	83.492708	D6	86	45	243	53.748937	D6	86	31	
239	83.503125	D5	74	35	241	53.748937	D5	74	31	
240	83.535417	B4	71	20	*	-1	*	-1	-1	
241	83.540625	G4	67	27	240	53.748937	G4	67	31	
242	83.784375	G5	79	45	244	53.999996	G5	79	30	
243	84.135417	B3	59	47	247	54.249996	B3	59	47	
244	84.155208	E3	52	43	245	54.249996	E3	52	47	
245	84.155208	G3	55	36	246	54.249996	G3	55	47	
246	84.493750	G5	79	45	248	54.499996	G5	79	46	
247	84.844792	G3	55	32	251	54.749996	G3	55	40	
248	84.863542	B2	47	29	249	54.749996	B2	47	40	
249	84.864583	D3	50	19	250	54.749996	D3	50	40	
250	85.134375	G5	79	39	252	54.999996	G5	79	42	
251	85.567708	E6	88	52	256	55.249996	E6	88	31	
252	85.607292	B5	83	39	255	55.249996	B5	83	31	
253	85.612500	E5	76	25	254	55.249996	E5	76	31	
254	85.638542	B4	71	33	253	55.249996	B4	71	31	
255	85.648958	G3	55	24	*	-1	*	-1	-1	
256	85.988542	G5	79	38	257	55.503227	G5	79	30	
257	86.316667	D5	74	36	259	55.757465	D5	74	29	
258	86.323958	D6	86	47	261	55.757465	D6	86	29	
259	86.342708	G4	67	35	258	55.757465	G4	67	29	
260	86.645833	G5	79	46	262	56.011702	G5	79	28	
261	87.165625	Bb3	58	57	266	56.265940	Bb3	58	41	
262	87.206250	E3	52	39	265	56.265940	E3	52	41	
263	87.213542	Bb2	46	35	263	56.265940	Bb2	46	41	
264	87.214583	C#3	49	32	264	56.265940	C#3	49	41	
265	87.613542	G5	79	51	267	56.520177	G5	79	38	
266	87.904167	G3	55	58	269	56.774415	G3	55	37	
267	87.907292	G2	43	51	268	56.774415	G2	43	37	
268	87.912500	E3	52	35	*	-1	*	-1	-1	
269	88.213542	G5	79	64	270	57.031994	G5	79	39	
270	88.495833	E3	52	55	273	57.290615	E3	52	39	
271	88.497917	G2	43	60	271	57.290615	G2	43	39	
272	88.503125	C#3	49	53	272	57.290615	C#3	49	39	
273	88.506250	G3	55	56	274	57.290615	G3	55	39	
274	88.853125	A5	81	65	275	57.549235	A5	81	40	
275	89.217708	F#3	54	52	277	57.807856	F#3	54	36	
276	89.219792	F#2	42	45	276	57.807856	F#2	42	36	
277	89.254167	C#3	49	32	*	-1	*	-1	-1	
278	89.618750	Bb5	82	61	278	58.066476	Bb5	82	41	
279	90.240625	B2	47	39	279	58.325097	B2	47	41	
280	90.247917	D3	50	39	280	58.325097	D3	50	41	
281	90.605208	F#3	54	31	281	58.325097	F#3	54	41	
282	90.713542	B5	83	55	283	58.587177	B5	83	39	
283	90.718750	B4	71	43	282	58.587177	B4	71	39	
284	91.364583	B5	83	70	285	59.113492	B5	83	42	
285	91.395833	B4	71	48	284	59.113492	B4	71	42	
286	92.011458	B5	83	75	287	59.639807	B5	83	45	
287	92.056250	B4	71	58	286	59.639807	B4	71	45	
288	92.735417	B5	83	54	289	60.169705	B5	83	48	
289	92.740625	B4	71	47	288	60.169705	B4	71	48	
290	93.166667	D4	62	39	291	60.437562	D4	62	44	
291	93.217708	D3	50	34	290	60.437562	D3	50	44	
292	93.581250	B5	83	61	293	60.705419	B5	83	45	
293	93.604167	B4	71	48	292	60.705419	B4	71	45	
294	93.894792	E4	64	52	295	60.973276	E4	64	47	
295	93.905208	E3	52	55	294	60.973276	E3	52	47	
296	94.155208	B5	83	72	297	61.241133	B5	83	46	
297	94.192708	B4	71	57	296	61.241133	B4	71	46	
298	94.483333	F#4	66	57	299	61.508990	F#4	66	48	
299	94.488542	F#3	54	58	298	61.508990	F#3	54	48	
300	94.794792	Bb5	82	65	301	61.782469	Bb5	82	47	
301	94.858333	Bb4	70	52	300	61.782469	Bb4	70	47	
302	95.242708	C#4	61	54	303	62.057698	C#4	61	45	
303	95.260417	C#3	49	48	302	62.057698	C#3	49	45	
304	95.567708	Bb5	82	58	305	62.332928	Bb5	82	44	
305	95.613542	Bb4	70	39	304	62.332928	Bb4	70	44	
306	96.045833	Bb6	94	66	307	62.608157	Bb6	94	37	
307	96.061458	G6	91	56	306	62.608157	G6	91	37	
308	96.447917	Bb5	82	49	309	62.883387	Bb5	82	36	
309	96.466667	Bb4	70	45	308	62.883387	Bb4	70	36	
310	96.722917	A6	93	65	311	63.158616	A6	93	34	
311	96.725000	F#6	90	59	310	63.158616	F#6	90	34	
312	97.004167	Bb5	82	55	313	63.441840	Bb5	82	33	
313	97.014583	Bb4	70	52	312	63.441840	Bb4	70	33	
314	97.290625	G6	91	68	317	63.727555	G6	91	32	
315	97.311458	E4	64	64	315	63.727555	E4	64	39	
316	97.317708	E3	52	58	314	63.727555	E3	52	39	
317	97.589583	Bb5	82	63	319	64.059028	Bb5	82	31	
318	97.591667	Bb4	70	61	318	64.059028	Bb4	70	31	
319	97.940625	E6	88	59	322	64.434028	E6	88	29	
320	97.941667	F#4	66	58	321	64.434028	F#4	66	42	
321	97.942708	F#3	54	54	320	64.434028	F#3	54	42	
322	97.961458	C#6	85	51	*	-1	*	-1	-1	
323	98.284375	Bb4	70	59	323	64.809028	Bb4	70	28	
324	98.284375	Bb5	82	58	324	64.809028	Bb5	82	28	
325	98.560417	G4	67	58	326	65.184028	G4	67	45	
326	98.563542	G3	55	58	325	65.184028	G3	55	45	
327	98.810417	Bb5	82	62	328	65.491840	Bb5	82	47	
328	98.816667	Bb4	70	57	327	65.491840	Bb4	70	47	
329	99.104167	A4	69	69	330	65.735742	A4	69	48	
330	99.130208	A3	57	65	329	65.735742	A3	57	48	
331	99.346875	Bb5	82	54	332	65.979644	Bb5	82	49	
332	99.353125	Bb4	70	58	331	65.979644	Bb4	70	49	
333	99.504167	A4	69	70	334	66.142246	A4	69	50	
334	99.510417	A3	57	64	333	66.142246	A3	57	50	
335	99.756250	Bb3	58	72	335	66.223546	Bb3	58	51	
336	99.759375	Bb4	70	73	336	66.223546	Bb4	70	51	
337	100.041667	Bb5	82	69	338	66.467448	Bb5	82	50	
338	100.056250	Bb4	70	61	337	66.467448	Bb4	70	50	
339	100.432292	D3	50	64	339	66.711350	D3	50	49	
340	100.432292	D4	62	65	340	66.711350	D4	62	49	
341	100.747917	Bb5	82	65	342	66.955252	Bb5	82	48	
342	100.754167	Bb4	70	57	341	66.955252	Bb4	70	48	
343	101.193750	D7	98	74	345	67.199231	D7	98	37	
344	101.223958	Bb6	94	59	344	67.199231	Bb6	94	37	
345	101.233333	G4	67	39	343	67.199231	G4	67	37	
346	101.607292	Bb5	82	49	347	67.449231	Bb5	82	36	
347	101.634375	Bb4	70	44	346	67.449231	Bb4	70	36	
348	101.872917	C7	96	75	350	67.699231	C7	96	36	
349	101.893750	A6	93	62	349	67.699231	A6	93	36	
350	101.932292	F#4	66	40	348	67.699231	F#4	66	36	
351	102.196875	Bb5	82	43	352	67.949231	Bb5	82	35	
352	102.197917	Bb4	70	45	351	67.949231	Bb4	70	35	
353	102.454167	Bb6	94	75	355	68.199231	Bb6	94	34	
354	102.473958	G6	91	64	354	68.199231	G6	91	34	
355	102.509375	G4	67	40	353	68.199231	G4	67	34	
356	102.787500	Bb5	82	54	357	68.449231	Bb5	82	33	
357	102.792708	Bb4	70	53	356	68.449231	Bb4	70	33	
358	103.122917	G6	91	68	359	68.693234	G6	91	33	
359	103.157292	D6	86	53	358	68.693234	D6	86	33	
360	103.510417	Bb5	82	44	361	68.937136	Bb5	82	32	
361	104.013542	Eb4	63	66	365	69.181038	Eb4	63	44	
362	104.026042	Eb3	51	55	362	69.181038	Eb3	51	44	
363	104.047917	G3	55	37	363	69.181038	G3	55	40	
364	104.051042	Bb3	58	42	364	69.181038	Bb3	58	40	
365	104.542708	Bb5	82	52	368	69.424940	Bb5	82	37	
366	104.572917	Bb4	70	40	366	69.424940	Bb4	70	37	
367	104.596875	G5	79	32	367	69.424940	G5	79	37	
368	105.060417	F3	53	55	369	69.838803	F3	53	42	
369	105.072917	F4	65	39	370	69.838803	F4	65	42	
370	105.255208	Bb5	82	56	375	69.920104	Bb5	82	38	
371	105.273958	Eb4	63	55	372	69.920104	Eb4	63	42	
372	105.296875	G5	79	37	374	69.920104	G5	79	38	
373	105.303125	Bb4	70	47	373	69.920104	Bb4	70	38	
374	105.305208	Eb3	51	51	371	69.920104	Eb3	51	42	
375	105.670833	D3	50	61	376	70.164006	D3	50	43	
376	105.675000	D4	62	60	377	70.164006	D4	62	43	
377	105.682292	D5	74	49	*	-1	*	-1	-1	
378	105.972917	Eb3	51	64	378	70.407908	Eb3	51	44	
379	105.973958	Eb4	63	70	379	70.407908	Eb4	63	44	
380	106.005208	G5	79	43	381	70.407908	G5	79	40	
381	106.005208	Bb5	82	51	382	70.407908	Bb5	82	40	
382	106.010417	Bb4	70	48	380	70.407908	Bb4	70	40	
383	106.013542	Eb5	75	36	*	-1	*	-1	-1	
384	106.263542	G4	67	67	384	70.651810	G4	67	45	
385	106.282292	G3	55	59	383	70.651810	G3	55	45	
386	106.579167	Eb4	63	64	386	70.895712	Eb4	63	46	
387	106.593750	Eb3	51	57	385	70.895712	Eb3	51	46	
388	106.604167	G5	79	48	388	70.895712	G5	79	42	
389	106.623958	Bb5	82	48	389	70.895712	Bb5	82	42	
390	106.631250	G4	67	32	*	-1	*	-1	-1	
391	106.633333	Bb4	70	45	387	70.895712	Bb4	70	42	
392	107.055208	Eb4	63	54	393	71.139614	Eb4	63	49	
393	107.091667	Eb3	51	55	390	71.139614	Eb3	51	49	
394	107.091667	G3	55	34	391	71.139614	G3	55	46	
395	107.094792	Bb3	58	44	392	71.139614	Bb3	58	46	
396	107.506250	Bb5	82	48	397	71.383516	Bb5	82	41	
397	107.510417	Bb4	70	44	394	71.383516	Bb4	70	41	
398	107.514583	G5	79	43	396	71.383516	G5	79	41	
399	107.545833	C#5	73	24	395	71.383516	C#5	73	41	
400	107.957292	D4	62	55	399	71.627494	D4	62	45	
401	107.971875	D3	50	53	398	71.627494	D3	50	45	
402	108.280208	Bb5	82	49	403	71.877494	Bb5	82	39	
403	108.289583	G5	79	41	402	71.877494	G5	79	39	
404	108.290625	Bb4	70	49	400	71.877494	Bb4	70	39	
405	108.294792	D5	74	32	401	71.877494	C#5	73	39	
406	108.629167	D4	62	50	407	72.127494	D4	62	41	
407	108.641667	Bb3	58	48	406	72.127494	Bb3	58	39	
408	108.644792	D3	50	45	404	72.127494	D3	50	41	
409	108.645833	G3	55	41	405	72.127494	G3	55	39	
410	108.995833	Bb4	70	47	408	72.377494	Bb4	70	38	
411	108.995833	Bb5	82	50	411	72.377494	Bb5	82	38	
412	108.997917	G5	79	46	410	72.377494	G5	79	38	
413	109.005208	D5	74	30	409	72.377494	C#5	73	38	
414	109.695833	Bb5	82	56	415	72.877494	Bb5	82	36	
415	109.707292	Bb4	70	47	412	72.877494	Bb4	70	36	
416	109.714583	D5	74	27	413	72.877494	C#5	73	36	
417	109.717708	G5	79	39	414	72.877494	G5	79	36	
418	110.227083	D4	62	65	420	73.121701	D4	62	45	
419	110.235417	G#3	56	53	418	73.121701	G#3	56	41	
420	110.237500	D3	50	50	416	73.121701	D3	50	45	
421	110.242708	F3	53	52	417	73.121701	F3	53	41	
422	110.242708	Bb3	58	50	419	73.121701	Bb3	58	41	
423	110.622917	G#5	80	56	423	73.365603	G#5	80	39	
424	110.625000	Bb5	82	58	424	73.365603	Bb5	82	39	
425	110.628125	Bb4	70	59	421	73.365603	Bb4	70	39	
426	110.633333	F5	77	45	422	73.365603	F5	77	39	
427	111.108333	Eb4	63	61	426	73.772106	Eb4	63	44	
428	111.113542	Eb3	51	57	425	73.772106	Eb3	51	44	
429	111.269792	G#5	80	57	431	73.853407	G#5	80	41	
430	111.279167	Bb4	70	58	429	73.853407	Bb4	70	41	
431	111.282292	D5	74	54	*	-1	*	-1	-1	
432	111.284375	Bb5	82	57	432	73.853407	Bb5	82	41	
433	111.286458	D3	50	57	427	73.853407	D3	50	44	
434	111.286458	D4	62	55	428	73.853407	D4	62	44	
435	111.723958	C#4	61	70	434	74.097493	C4	60	45	
436	111.725000	C#3	49	57	433	74.097493	C3	48	45	
437	112.053125	D4	62	74	436	74.348570	D4	62	47	
438	112.058333	D3	50	68	435	74.348570	D3	50	47	
439	112.065625	Bb4	70	61	437	74.348570	Bb4	70	43	
440	112.066667	Bb5	82	63	440	74.348570	Bb5	82	43	
441	112.081250	F5	77	45	438	74.348570	F5	77	43	
442	112.363542	F4	65	70	442	74.592472	F4	65	48	
443	112.365625	F3	53	68	441	74.592472	F3	53	48	
444	112.703125	D4	62	69	444	74.836374	D4	62	49	
445	112.704167	Bb4	70	63	445	74.836374	Bb4	70	44	
446	112.704167	D5	74	58	*	-1	*	-1	-1	
447	112.713542	G#5	80	60	447	74.836374	G#5	80	44	
448	112.714583	D3	50	55	443	74.836374	D3	50	49	
449	112.722917	F5	77	52	446	74.836374	F5	77	44	
450	113.216667	D4	62	72	452	75.080276	D4	62	53	
451	113.233333	Bb3	58	59	451	75.080276	Bb3	58	50	
452	113.234375	D3	50	66	449	75.080276	D3	50	53	
453	113.744792	Bb5	82	65	456	75.324178	Bb5	82	46	
454	113.751042	Bb4	70	60	453	75.324178	Bb4	70	46	
455	113.753125	G5	79	54	455	75.324178	G5	79	46	
456	113.771875	E5	76	39	454	75.324178	E5	76	46	
457	114.139583	C#4	61	80	458	75.568080	C4	60	48	
458	114.152083	C#3	49	64	457	75.568080	C3	48	48	
459	114.456250	Bb5	82	69	462	75.811982	Bb5	82	43	
460	114.462500	G5	79	54	461	75.811982	G5	79	43	
461	114.467708	Bb4	70	63	459	75.811982	Bb4	70	43	
462	114.478125	E5	76	46	460	75.811982	E5	76	43	
463	114.763542	C#4	61	84	466	76.055960	C4	60	43	
464	114.795833	Bb3	58	58	465	76.055960	Bb3	58	40	
465	114.801042	G3	55	46	464	76.055960	G3	55	40	
466	114.805208	C#3	49	55	463	76.055960	C3	48	43	
467	115.103125	Bb5	82	80	470	76.305960	Bb5	82	40	
468	115.114583	G5	79	70	469	76.305960	G5	79	40	
469	115.117708	Bb4	70	67	467	76.305960	Bb4	70	40	
470	115.120833	E5	76	55	468	76.305960	E5	76	40	
471	115.859375	Bb5	82	75	476	76.805960	Bb5	82	42	
472	115.868750	C#4	61	77	472	76.805960	C4	60	45	
473	115.875000	Bb4	70	64	473	76.805960	Bb4	70	42	
474	115.886458	E5	76	50	474	76.805960	E5	76	42	
475	115.888542	C#3	49	59	471	76.805960	C3	48	45	
476	116.383333	C#4	61	68	478	77.055960	C4	60	47	
477	116.393750	C#3	49	64	477	77.055960	C3	48	47	
478	116.826042	Bb5	82	74	482	77.305960	Bb5	82	46	
479	116.841667	Bb4	70	59	479	77.305960	Bb4	70	46	
480	116.841667	E5	76	54	481	77.305960	E5	76	46	
481	116.848958	C#5	73	54	480	77.305960	C#5	73	46	
482	117.251042	Eb3	51	57	*	-1	*	-1	-1	
483	117.259375	Bb3	58	78	484	77.549964	Bb3	58	51	
484	117.277083	Bb2	46	61	483	77.549964	Bb2	46	51	
485	117.614583	Bb5	82	86	488	77.793866	Bb5	82	51	
486	117.625000	E5	76	57	487	77.793866	E5	76	51	
487	117.626042	Bb4	70	62	485	77.793866	Bb4	70	51	
488	117.630208	C#5	73	60	486	77.793866	C#5	73	51	
489	117.914583	A2	45	78	489	78.037768	A2	45	55	
490	117.914583	A3	57	78	490	78.037768	A3	57	55	
491	118.256250	Bb5	82	83	494	78.281670	Bb5	82	56	
492	118.265625	Bb4	70	72	491	78.281670	Bb4	70	56	
493	118.266667	C#5	73	61	492	78.281670	C#5	73	56	
494	118.266667	E5	76	48	493	78.281670	E5	76	56	
495	118.652083	G3	55	84	496	78.525756	G3	55	60	
496	118.654167	G2	43	84	495	78.525756	G2	43	60	
497	119.078125	Bb5	82	77	500	78.776833	Bb5	82	60	
498	119.086458	Bb4	70	72	497	78.776833	Bb4	70	60	
499	119.086458	E5	76	64	499	78.776833	E5	76	60	
500	119.087500	C#5	73	57	498	78.776833	C#5	73	60	
501	119.665625	F#3	54	86	504	79.020735	F#3	54	63	
502	119.681250	E3	52	78	503	79.020735	Eb3	51	63	
503	119.683333	C#3	49	73	502	79.020735	C3	48	63	
504	119.685417	F#2	42	69	501	79.020735	F#2	42	63	
505	120.214583	Bb5	82	85	508	79.264637	Bb5	82	59	
506	120.225000	E5	76	66	507	79.264637	E5	76	59	
507	120.230208	C#5	73	66	506	79.264637	C#5	73	59	
508	120.233333	Bb4	70	66	505	79.264637	Bb4	70	59	
509	120.810417	Bb3	58	74	509	79.508539	Bb3	58	56	
510	121.443750	C#6	85	68	513	79.752441	C#6	85	53	
511	121.453125	G5	79	54	512	79.752441	Bb5	82	53	
512	121.485417	C#5	73	29	510	79.752441	C#5	73	53	
513	121.488542	Bb4	70	26	*	-1	*	-1	-1	
514	121.494792	E5	76	33	511	79.752441	E5	76	53	
515	122.363542	Bb3	58	32	514	79.996343	Bb3	58	50	
516	123.426042	E6	88	46	518	80.240245	E6	88	46	
517	123.432292	G5	79	33	516	80.240245	G5	79	46	
518	123.433333	E5	76	33	515	80.240245	E5	76	46	
519	123.437500	C#6	85	32	517	80.240245	C#6	85	46	
520	127.922917	D3	50	33	520	82.953786	D3	50	40	
521	127.926042	G2	43	22	519	82.953786	G2	43	40	
522	128.445833	B3	59	39	521	83.208024	B3	59	41	
523	128.775000	E3	52	45	522	83.462261	E3	52	42	
524	128.784375	C4	60	49	523	83.462261	C4	60	42	
525	129.071875	C#4	61	62	524	83.716499	C#4	61	44	
526	129.483333	G2	43	36	525	83.970848	G2	43	45	
527	129.485417	F3	53	36	526	83.970848	F3	53	45	
528	129.485417	E4	64	46	527	83.970848	E4	64	45	
529	129.894792	D4	62	31	528	84.234005	D4	62	43	
530	130.312500	Bb3	58	35	530	84.497221	Bb3	58	41	
531	130.336458	C#3	49	33	529	84.497221	C#3	49	41	
532	131.244792	B5	83	36	*	-1	*	-1	-1	
533	131.255208	G5	79	35	532	85.009380	G5	79	33	
534	131.553125	E6	88	48	533	85.253282	E6	88	32	
535	131.838542	F#6	90	57	536	85.497184	F#6	90	31	
536	131.895833	F#5	78	35	535	85.497184	F#5	78	31	
537	131.905208	A5	81	23	*	-1	*	-1	-1	
538	132.131250	A6	93	55	537	85.741086	A6	93	30	
539	132.515625	E5	76	33	539	85.985117	E5	76	29	
540	132.515625	G6	91	48	540	85.985117	G6	91	29	
541	132.888542	E6	88	50	541	86.239354	E6	88	28	
542	133.214583	G4	67	27	542	86.493592	G4	67	27	
543	133.219792	E5	76	32	543	86.493592	Bb4	70	27	
544	133.584375	C#6	85	45	544	86.747829	C#6	85	26	
545	134.056250	G2	43	34	545	87.002178	G2	43	44	
546	134.071875	E3	52	36	546	87.002178	E3	52	44	
547	134.358333	C#4	61	59	547	87.265336	C#4	61	45	
548	134.692708	F3	53	57	548	87.528552	F#3	54	47	
549	134.693750	D4	62	58	549	87.528552	D4	62	47	
550	134.985417	Eb4	63	64	550	87.796409	Eb4	63	48	
551	135.385417	F#4	66	55	553	88.040710	F#4	66	50	
552	135.415625	G2	43	40	551	88.040710	G2	43	50	
553	135.775000	E4	64	52	554	88.284612	E4	64	48	
554	136.223958	B3	59	42	556	88.528514	B3	59	46	
555	136.256250	E3	52	28	555	88.528514	E3	52	46	
556	136.264583	E4	64	33	*	-1	*	-1	-1	
557	137.159375	B5	83	42	558	89.016369	B5	83	35	
558	137.170833	G5	79	28	557	89.016369	G5	79	35	
559	137.185417	B4	71	19	*	-1	*	-1	-1	
560	137.466667	C#6	85	54	559	89.264302	C#6	85	35	
561	137.765625	Eb6	87	65	562	89.512236	Eb6	87	34	
562	137.802083	A5	81	27	561	89.512236	A5	81	34	
563	137.807292	F#5	78	37	560	89.512236	F#5	78	34	
564	138.073958	F#6	90	63	563	89.760169	F#6	90	34	
565	138.102083	F#5	78	32	*	-1	*	-1	-1	
566	138.471875	E6	88	44	566	90.008103	E6	88	33	
567	138.495833	G5	79	31	565	90.008103	G5	79	33	
568	138.514583	E5	76	23	564	90.008103	E5	76	33	
569	138.884375	B6	95	42	567	90.256036	B6	95	33	
570	139.263542	G4	67	26	568	90.504049	G4	67	32	
571	139.289583	E5	76	31	569	90.504049	E5	76	32	
572	139.709375	E7	100	43	570	90.758286	E7	100	32	
573	140.346875	E3	52	39	572	91.012524	E3	52	47	
574	140.365625	G2	43	32	571	91.012524	G2	43	47	
575	140.717708	C4	60	43	574	91.266761	C4	60	54	
576	140.740625	Bb3	58	38	573	91.266761	Bb3	58	54	
577	141.419792	E4	64	37	575	91.690490	E4	64	46	
578	141.480208	D4	62	41	576	91.775236	D4	62	45	
579	142.086458	Bb4	70	43	577	92.031992	Bb4	70	35	
580	142.086458	D5	74	44	578	92.031992	D5	74	35	
581	142.436458	D6	86	48	580	92.305651	D6	86	33	
582	142.445833	Bb5	82	40	579	92.305651	Bb5	82	33	
583	142.775000	E4	64	34	581	92.549553	E4	64	30	
584	142.775000	G4	67	30	582	92.549553	G4	67	30	
585	143.125000	G5	79	40	584	92.793455	G5	79	28	
586	143.131250	E5	76	35	583	92.793455	E5	76	28	
587	143.672917	F2	41	49	585	93.037357	F2	41	50	
588	143.676042	F3	53	48	586	93.037357	F3	53	50	
589	144.026042	C4	60	54	588	93.281259	C4	60	56	
590	144.034375	Bb3	58	48	587	93.281259	Bb3	58	56	
591	144.707292	E4	64	39	589	93.694782	E4	64	49	
592	144.719792	D4	62	48	590	93.779528	D4	62	47	
593	145.251042	Bb4	70	53	591	94.033766	Bb4	70	37	
594	145.253125	D5	74	54	592	94.033766	D5	74	37	
595	145.620833	D6	86	68	594	94.288003	D6	86	35	
596	145.626042	Bb5	82	56	593	94.288003	Bb5	82	35	
597	145.916667	F4	65	54	596	94.542241	F4	65	30	
598	145.925000	D4	62	49	595	94.542241	D4	62	30	
599	146.240625	F5	77	56	598	94.796478	F5	77	26	
600	146.250000	D5	74	50	597	94.796478	D5	74	26	
601	146.643750	E3	52	68	600	95.050886	E3	52	57	
602	146.645833	E2	40	72	599	95.050886	E2	40	57	
603	147.003125	C#4	61	72	603	95.317645	C#4	61	65	
604	147.031250	Bb3	58	53	602	95.317645	Bb3	58	65	
605	147.035417	G3	55	45	601	95.317645	G3	55	65	
606	147.602083	E4	64	80	604	95.561547	E4	64	59	
607	147.625000	C#4	61	40	*	-1	*	-1	-1	
608	147.933333	E6	88	67	606	95.805449	E6	88	56	
609	147.938542	E5	76	57	605	95.805449	E5	76	56	
610	148.217708	F#4	66	70	607	95.886750	F#4	66	54	
611	148.312500	A4	69	68	608	95.968050	A4	69	53	
612	148.385417	G4	67	73	609	96.049351	G4	67	52	
613	148.495833	F#6	90	69	610	96.130652	F#6	90	51	
614	148.579167	A6	93	78	611	96.211952	A6	93	50	
615	148.687500	G6	91	78	613	96.293253	G6	91	48	
616	148.696875	G5	79	60	612	96.293253	G5	79	48	
617	148.843750	F#2	42	52	614	96.496505	F#2	42	44	
618	148.964583	C#3	49	57	615	96.516830	C#3	49	44	
619	149.162500	Bb3	58	63	616	96.537284	Bb3	58	44	
620	149.612500	F#6	90	59	619	96.791522	F#6	90	37	
621	149.618750	F#4	66	51	617	96.791522	F#4	66	37	
622	149.633333	F#5	78	50	618	96.791522	F#5	78	37	
623	150.046875	B2	47	46	620	96.982200	B2	47	31	
624	150.053125	B3	59	39	*	-1	*	-1	-1	
625	150.146875	F#3	54	50	621	97.003386	F#3	54	31	
626	150.291667	D4	62	46	622	97.024573	D4	62	31	
627	150.485417	F#4	66	54	623	97.045759	F#4	66	31	
628	150.733333	G6	91	74	625	97.172878	G6	91	31	
629	150.756250	G5	79	52	624	97.172878	G5	79	31	
630	151.122917	F#6	90	66	627	97.299997	F#6	90	30	
631	151.170833	F#5	78	51	626	97.299997	F#5	78	30	
632	151.781250	D6	86	64	629	97.681353	D6	86	27	
633	151.817708	D5	74	36	628	97.681353	D5	74	27	
634	152.053125	B5	83	59	631	97.808472	B5	83	26	
635	152.063542	B4	71	46	630	97.808472	B4	71	26	
636	152.661458	G5	79	53	633	98.196808	G5	79	23	
637	152.703125	G4	67	39	632	98.196808	G4	67	23	
638	152.935417	F#5	78	54	635	98.330736	F#5	78	22	
639	152.963542	F#4	66	36	634	98.330736	F#4	66	22	
640	153.591667	D5	74	43	637	98.697787	D5	74	19	
641	153.635417	D4	62	32	636	98.697787	D4	62	19	
642	153.985417	B4	71	48	639	98.819738	B4	71	18	
643	154.055208	B3	59	25	638	98.819738	B3	59	18	
644	154.773958	G4	67	49	641	99.307542	G4	67	16	
645	154.805208	G3	55	29	640	99.307542	G3	55	18	
646	155.286458	F#4	66	54	643	99.551573	F#4	66	19	
647	155.315625	F#3	54	36	642	99.551573	F#3	54	20	
648	155.713542	D4	62	59	645	99.805337	D4	62	21	
649	155.744792	D3	50	39	644	99.805337	D3	50	22	
650	156.112500	B2	47	46	646	100.049239	B2	47	25	
651	156.134375	B3	59	55	647	100.049239	B3	59	24	
652	156.495833	G3	55	55	649	100.293141	G3	55	27	
653	156.539583	G2	43	47	648	100.293141	G2	43	27	
654	156.885417	F#3	54	63	651	100.537043	F#3	54	29	
655	156.916667	F#2	42	45	650	100.537043	F#2	42	29	
656	157.296875	D3	50	72	653	100.780945	D3	50	32	
657	157.346875	D2	38	58	652	100.780945	D2	38	31	
658	157.905208	Bb2	46	69	655	101.024976	Bb2	46	33	
659	157.932292	Bb1	34	61	654	101.024976	Bb1	34	33	
660	158.464583	C#4	61	57	656	101.279085	C#4	61	36	
661	158.917708	E4	64	60	657	101.522987	E4	64	38	
662	159.275000	F#4	66	64	658	101.766889	F#4	66	40	
663	159.643750	A4	69	54	659	102.010791	A4	69	43	
664	159.998958	G4	67	66	660	102.254693	G4	67	40	
665	160.331250	E4	64	67	661	102.498724	E4	64	38	
666	160.656250	C#4	61	55	662	102.752961	C#4	61	36	
667	161.186458	Bb5	82	58	664	102.997036	Bb5	82	29	
668	161.188542	G5	79	51	663	102.997036	G5	79	29	
669	161.654167	E6	88	57	665	103.240938	E6	88	28	
670	161.980208	F#6	90	71	668	103.484840	F#6	90	27	
671	162.015625	A5	81	46	667	103.484840	A5	81	27	
672	162.032292	F#5	78	54	666	103.484840	F#5	78	25	
673	162.317708	A6	93	68	669	103.728742	A6	93	26	
674	162.704167	G6	91	62	672	103.972773	G6	91	25	
675	162.744792	G5	79	37	671	103.972773	G5	79	25	
676	162.747917	E5	76	37	670	103.972773	E5	76	23	
677	163.154167	E6	88	57	674	104.226881	E6	88	24	
678	163.191667	C#4	61	56	673	104.226881	C#4	61	30	
679	163.485417	C#6	85	71	678	104.470783	C#6	85	23	
680	163.529167	E4	64	48	675	104.470783	E4	64	33	
681	163.810417	Bb5	82	64	680	104.714685	Bb5	82	22	
682	163.815625	F#4	66	59	679	104.714685	F#4	66	35	
683	163.972917	Bb3	58	54	681	104.958587	Bb3	58	35	
684	164.065625	D4	62	58	682	104.958587	D4	62	35	
685	164.223958	G4	67	67	683	104.958587	G4	67	37	
686	164.563542	A4	69	59	684	105.202489	A4	69	40	
687	164.672917	G4	67	73	685	105.283790	G4	67	41	
688	164.795833	F#4	66	72	686	105.365090	F#4	66	42	
689	164.962500	Bb2	46	59	688	105.446520	Bb2	46	42	
690	164.963542	Bb1	34	59	687	105.446520	Bb1	34	42	
691	164.963542	G4	67	66	689	105.446520	G4	67	42	
692	165.291667	A4	69	69	690	105.695461	A4	69	45	
693	165.612500	C5	72	75	691	105.939363	C5	72	48	
694	165.922917	D6	86	87	694	106.183265	D6	86	36	
695	165.938542	Bb4	70	75	692	106.183265	Bb4	70	46	
696	165.943750	D5	74	75	693	106.183265	D5	74	36	
697	166.279167	G6	91	94	697	106.427167	G6	91	38	
698	166.285417	G5	79	75	696	106.427167	G5	79	38	
699	166.303125	G4	67	64	695	106.427167	G4	67	43	
700	166.596875	A6	93	92	700	106.671069	A6	93	39	
701	166.602083	A5	81	85	699	106.671069	A5	81	39	
702	166.607292	D4	62	69	698	106.671069	D4	62	40	
703	167.025000	Bb6	94	92	704	106.915021	Bb6	94	40	
704	167.035417	Bb2	46	71	702	106.915021	Bb2	46	37	
705	167.035417	G6	91	74	*	-1	*	-1	-1	
706	167.036458	Bb1	34	71	701	106.915021	Bb1	34	37	
707	167.036458	Bb5	82	75	703	106.915021	Bb5	82	40	
708	167.433333	C7	96	78	705	107.162955	C7	96	42	
709	167.526042	Bb6	94	78	706	107.224938	Bb6	94	43	
710	167.619792	A6	93	83	707	107.286921	A6	93	43	
711	167.703125	Bb6	94	86	708	107.348905	Bb6	94	44	
712	167.704167	Eb5	75	68	709	107.410914	Eb5	75	44	
713	167.794792	A5	81	72	713	107.431747	A5	81	44	
714	167.822917	C6	84	83	714	107.452581	C6	84	44	
715	167.823958	C7	96	84	712	107.410914	C7	96	44	
716	167.828125	A6	93	79	711	107.410914	A6	93	44	
717	167.844792	Eb6	87	62	710	107.410914	Eb6	87	44	
718	168.222917	Eb7	99	94	715	107.660914	Eb7	99	46	
719	168.527083	G5	79	77	*	-1	*	-1	-1	
720	168.530208	D7	98	97	719	107.910967	D7	98	48	
721	168.551042	Bb6	94	68	*	-1	*	-1	-1	
722	168.552083	Bb5	82	81	*	-1	*	-1	-1	
723	168.552083	D6	86	86	717	107.910967	D6	86	48	
724	168.581250	G6	91	58	718	107.910967	G6	91	48	
725	168.854167	Bb6	94	99	722	108.165316	Bb6	94	46	
726	168.890625	G5	79	42	720	107.932153	G5	79	48	
727	169.206250	G6	91	97	725	108.437913	G6	91	45	
728	169.207292	Bb4	70	70	723	108.437913	Bb4	70	45	
729	169.213542	G5	79	72	727	108.492858	G5	79	45	
730	169.217708	D5	74	62	726	108.465386	D5	74	45	
731	169.219792	Bb5	82	78	724	108.437913	Bb5	82	45	
732	169.626042	D6	86	87	728	108.723627	D6	86	43	
733	169.777083	Bb2	46	58	729	108.926879	Bb2	46	43	
734	169.902083	G3	55	68	730	108.947204	G3	55	43	
735	170.056250	F#6	90	98	734	108.967529	F#6	90	41	
736	170.066667	D4	62	70	731	108.967529	D4	62	43	
737	170.073958	Bb5	82	77	733	108.967529	Bb5	82	41	
738	170.079167	F#5	78	73	732	108.967529	F#5	78	41	
739	170.513542	G6	91	101	737	109.211431	G6	91	44	
740	170.518750	G5	79	89	736	109.211431	G5	79	44	
741	170.530208	Eb4	63	70	735	109.211431	Eb4	63	45	
742	170.844792	Bb6	94	94	742	109.455333	Bb6	94	46	
743	170.854167	Bb5	82	84	740	109.455333	Bb5	82	46	
744	170.858333	Eb6	87	88	741	109.455333	Eb6	87	46	
745	170.867708	G4	67	74	739	109.455333	G4	67	47	
746	170.885417	Bb3	58	65	738	109.455333	Bb3	58	47	
747	171.154167	Eb4	63	67	743	109.699235	Eb4	63	49	
748	171.164583	G6	91	102	745	109.699235	G6	91	49	
749	171.169792	G5	79	88	744	109.699235	G5	79	49	
750	171.313542	Bb2	46	67	746	109.902487	Bb2	46	51	
751	171.364583	F3	53	59	748	109.922812	F3	53	51	
752	171.484375	G#3	56	71	*	-1	*	-1	-1	
753	171.651042	G6	91	100	752	109.943137	G6	91	52	
754	171.654167	Eb4	63	84	751	109.943137	Eb4	63	51	
755	171.655208	G5	79	83	747	109.902487	G5	79	51	
756	171.656250	Bb3	58	62	*	-1	*	-1	-1	
757	171.660417	G#3	56	60	750	109.943137	G#3	56	51	
758	172.150000	Bb1	34	83	753	110.187039	Bb1	34	50	
759	172.316667	F6	89	96	755	110.308990	F6	89	49	
760	172.326042	F5	77	84	754	110.308990	F5	77	49	
761	172.472917	F6	89	95	759	110.430941	F6	89	48	
762	172.473958	F5	77	81	*	-1	*	-1	-1	
763	172.475000	G#5	80	83	758	110.430941	G#5	80	48	
764	172.485417	G#3	56	77	757	110.430941	G#3	56	49	
765	172.500000	F3	53	62	756	110.430941	Bb2	46	49	
766	172.506250	Bb3	58	55	*	-1	*	-1	-1	
767	172.787500	D4	62	80	760	110.677969	D4	62	48	
768	172.792708	G#3	56	68	*	-1	*	-1	-1	
769	173.164583	E6	88	91	767	110.927969	E6	88	49	
770	173.167708	E5	76	82	765	110.927969	E5	76	49	
771	173.170833	G#5	80	76	766	110.927969	G#5	80	49	
772	173.177083	C#4	61	63	764	110.927969	C#4	61	48	
773	173.178125	G#3	56	59	763	110.927969	G#3	56	48	
774	173.191667	F3	53	53	762	110.907135	F3	53	48	
775	173.591667	F6	89	94	770	111.174843	F6	89	51	
776	173.594792	F5	77	91	769	111.174843	F5	77	51	
777	173.600000	D4	62	64	768	111.174843	D4	62	51	
778	173.602083	G#3	56	48	*	-1	*	-1	-1	
779	173.893750	G#6	92	95	775	111.418745	G#6	92	53	
780	173.894792	G#5	80	89	773	111.418745	G#5	80	53	
781	173.912500	F4	65	76	772	111.418745	F4	65	54	
782	173.917708	G#3	56	71	*	-1	*	-1	-1	
783	173.922917	Bb5	82	71	774	111.418745	Bb5	82	53	
784	173.926042	Bb3	58	60	771	111.418745	Bb3	58	54	
785	173.926042	D4	62	57	*	-1	*	-1	-1	
786	174.195833	F6	89	91	778	111.664713	F6	89	55	
787	174.204167	F5	77	88	777	111.664713	F5	77	55	
788	174.211458	D4	62	75	776	111.664713	D4	62	58	
789	174.613542	F6	89	92	786	111.912647	F6	89	59	
790	174.618750	F5	77	85	783	111.912647	F5	77	59	
791	174.623958	C#6	85	78	785	111.912647	C#6	85	59	
792	174.625000	Eb3	51	70	780	111.891986	Eb3	51	61	
793	174.625000	C#4	61	75	782	111.912647	C#4	61	61	
794	174.626042	Bb3	58	68	*	-1	*	-1	-1	
795	174.629167	Bb5	82	67	784	111.912647	Bb5	82	59	
796	174.633333	G3	55	61	781	111.912647	G3	55	61	
797	175.030208	Bb1	34	81	787	112.158514	Bb1	34	60	
798	175.197917	Eb6	87	93	789	112.280465	Eb6	87	55	
799	175.204167	Eb5	75	85	788	112.280465	Eb5	75	55	
800	175.362500	Eb6	87	92	798	112.402467	Eb6	87	54	
801	175.367708	Eb5	75	88	794	112.402467	Eb5	75	54	
802	175.375000	C#6	85	75	797	112.402467	C#6	85	54	
803	175.384375	Bb5	82	64	796	112.402467	Bb5	82	54	
804	175.385417	G4	67	68	792	112.402467	G4	67	58	
805	175.386458	Eb4	63	68	*	-1	*	-1	-1	
806	175.388542	C#4	61	64	791	112.402467	C#4	61	58	
807	175.391667	G3	55	54	*	-1	*	-1	-1	
808	175.391667	Bb3	58	56	790	112.402467	Bb3	58	58	
809	175.841667	C#5	73	90	799	112.651545	C#5	73	56	
810	176.308333	Eb6	87	88	806	112.901545	Eb6	87	59	
811	176.317708	Eb5	75	80	800	112.859879	Eb5	75	59	
812	176.320833	B4	71	80	805	112.901545	B4	71	56	
813	176.322917	B5	83	68	801	112.880712	G#5	80	59	
814	176.327083	Bb3	58	62	802	112.901545	Bb3	58	56	
815	176.328125	G#4	68	74	804	112.901545	G#4	68	56	
816	176.336458	Eb4	63	58	803	112.901545	Eb4	63	56	
817	176.771875	C5	72	89	807	113.151545	C5	72	57	
818	177.096875	Eb5	75	93	808	113.401545	Eb5	75	59	
819	177.384375	Eb6	87	88	812	113.651545	Eb6	87	62	
820	177.385417	G#5	80	78	811	113.651545	G#5	80	62	
821	177.389583	C5	72	83	809	113.651545	C5	72	60	
822	177.391667	Eb5	75	81	810	113.651545	Eb5	75	62	
823	177.706250	Bb3	58	60	813	113.857770	Bb3	58	61	
824	177.706250	G4	67	58	815	113.898420	G4	67	61	
825	177.707292	Eb4	63	56	814	113.878095	Eb4	63	61	
826	177.714583	C5	72	82	816	113.898420	C5	72	61	
827	177.742708	D6	86	88	818	113.898420	D6	86	63	
828	177.743750	G#5	80	75	*	-1	*	-1	-1	
829	177.754167	D5	74	81	817	113.898420	D5	74	63	
830	178.104167	Eb6	87	93	820	114.142322	Eb6	87	64	
831	178.107292	Eb5	75	88	819	114.142322	Eb5	75	64	
832	178.264583	Bb4	70	89	821	114.265331	Bb4	70	63	
833	178.266667	G4	67	61	*	-1	*	-1	-1	
834	178.452083	G6	91	97	827	114.399875	G6	91	66	
835	178.462500	G5	79	83	826	114.399875	G5	79	66	
836	178.463542	G4	67	74	824	114.399875	G4	67	63	
837	178.464583	Eb4	63	65	823	114.376940	Eb4	63	63	
838	178.475000	Bb3	58	73	822	114.354004	Bb3	58	63	
839	178.884375	Bb1	34	92	830	114.785082	Bb1	34	65	
840	178.884375	Eb6	87	96	829	114.661116	Eb6	87	67	
841	178.885417	Eb5	75	91	*	-1	*	-1	-1	
842	179.326042	Eb6	87	90	836	114.909049	Eb6	87	68	
843	179.334375	G#5	80	84	834	114.909049	G#5	80	68	
844	179.336458	Bb5	82	80	835	114.909049	Bb5	82	68	
845	179.341667	Eb5	75	87	833	114.909049	Eb5	75	68	
846	179.344792	Bb3	58	76	831	114.909049	Bb3	58	66	
847	179.352083	G4	67	78	832	114.909049	G4	67	66	
848	179.813542	G#4	68	84	837	115.156983	G#4	68	67	
849	179.839583	Eb4	63	35	*	-1	*	-1	-1	
850	179.973958	D6	86	93	839	115.280949	D6	86	69	
851	179.977083	D5	74	88	838	115.280949	D5	74	69	
852	180.133333	D5	74	93	842	115.404916	D5	74	70	
853	180.133333	D6	86	89	843	115.404916	D6	86	70	
854	180.134375	G#4	68	79	*	-1	*	-1	-1	
855	180.135417	C5	72	83	841	115.404916	C5	72	68	
856	180.135417	G#5	80	73	*	-1	*	-1	-1	
857	180.136458	C6	84	79	*	-1	*	-1	-1	
858	180.138542	Bb3	58	71	840	115.404916	Bb3	58	68	
859	180.143750	Bb5	82	74	*	-1	*	-1	-1	
860	180.446875	G#4	68	89	844	115.652850	G#4	68	69	
861	180.773958	C#5	73	84	848	115.900783	C#5	73	72	
862	180.773958	C#6	85	91	851	115.900783	C#6	85	72	
863	180.784375	G4	67	81	847	115.900783	G4	67	70	
864	180.792708	Bb3	58	62	846	115.900783	Bb3	58	70	
865	180.794792	G#3	56	77	845	115.900783	G#3	56	70	
866	181.093750	D6	86	90	853	116.150292	D6	86	73	
867	181.094792	D5	74	86	852	116.150292	D5	74	73	
868	181.242708	F4	65	88	854	116.275292	F4	65	72	
869	181.395833	F6	89	95	861	116.400292	F6	89	74	
870	181.404167	F4	65	97	857	116.400292	F4	65	73	
871	181.405208	F5	77	84	858	116.400292	F5	77	74	
872	181.422917	G#3	56	77	855	116.400292	G#3	56	73	
873	181.753125	Bb1	34	76	*	-1	*	-1	-1	
874	181.754167	D6	86	93	863	116.650292	D6	86	75	
875	181.756250	D5	74	91	862	116.650292	D5	74	75	
876	182.122917	C#6	85	89	870	116.900292	C#6	85	76	
877	182.125000	C#5	73	77	867	116.900292	C#5	73	76	
878	182.133333	Eb3	51	71	865	116.900292	Eb3	51	75	
879	182.134375	Eb4	63	72	866	116.900292	Eb4	63	75	
880	182.135417	G5	79	62	868	116.900292	G5	79	76	
881	182.141667	Bb5	82	65	869	116.900292	Bb5	82	76	
882	182.553125	E4	64	78	872	117.159444	E4	64	76	
883	182.555208	E3	52	75	871	117.159444	E3	52	76	
884	182.812500	Bb5	82	87	878	117.433716	Bb5	82	79	
885	182.823958	Bb4	70	81	875	117.433716	Bb4	70	79	
886	182.833333	C#5	73	70	876	117.433716	C#5	73	79	
887	182.841667	G4	67	70	874	117.433716	G4	67	77	
888	182.841667	E5	76	67	877	117.433716	E5	76	79	
889	182.855208	G3	55	63	873	117.433716	G3	55	77	
890	182.855208	C#4	61	50	*	-1	*	-1	-1	
891	183.107292	E4	64	79	880	117.695398	E4	64	79	
892	183.113542	E3	52	73	879	117.695398	E3	52	79	
893	183.385417	A5	81	88	886	117.939351	A5	81	81	
894	183.393750	A4	69	85	883	117.939351	A4	69	81	
895	183.394792	E5	76	71	884	117.939351	E5	76	81	
896	183.395833	C4	60	84	882	117.939351	C4	60	80	
897	183.401042	C3	48	80	881	117.939351	C3	48	80	
898	183.664583	C#3	49	76	887	118.187284	C#3	49	81	
899	183.664583	C#4	61	83	888	118.187284	C#4	61	81	
900	183.953125	G5	79	92	894	118.435218	G5	79	83	
901	183.956250	G4	67	85	891	118.435218	G4	67	83	
902	183.957292	C#5	73	84	893	118.435218	C#5	73	83	
903	183.966667	E4	64	83	890	118.435218	E4	64	82	
904	183.975000	E3	52	77	889	118.435218	E3	52	82	
905	184.227083	C#4	61	86	896	118.683151	C#4	61	83	
906	184.234375	C#3	49	72	895	118.683151	C#3	49	83	
907	184.523958	E6	88	90	902	118.931085	E6	88	85	
908	184.532292	E5	76	90	899	118.931085	E5	76	85	
909	184.536458	C#6	85	77	901	118.931085	C#6	85	85	
910	184.542708	A3	57	90	898	118.931085	A3	57	84	
911	184.547917	A2	45	82	897	118.931085	A2	45	84	
912	184.563542	G5	79	57	900	118.931085	G5	79	85	
913	184.827083	Bb2	46	82	903	119.176952	Bb2	46	86	
914	184.827083	Bb3	58	91	904	119.176952	Bb3	58	86	
915	185.113542	C#6	85	94	911	119.420904	C#6	85	87	
916	185.114583	C#5	73	89	907	119.420904	C#5	73	87	
917	185.119792	C#4	61	90	906	119.420904	C#4	61	87	
918	185.122917	C#3	49	80	905	119.420904	C#3	49	87	
919	185.122917	G5	79	74	909	119.420904	G5	79	87	
920	185.123958	E5	76	78	908	119.420904	E5	76	87	
921	185.414583	Bb2	46	78	912	119.668838	Bb2	46	88	
922	185.414583	Bb3	58	87	913	119.668838	Bb3	58	88	
923	185.753125	Bb5	82	88	919	119.916771	Bb5	82	90	
924	185.761458	C#5	73	81	917	119.916771	C#5	73	90	
925	185.763542	F#3	54	90	915	119.916771	F#3	54	89	
926	185.763542	Bb4	70	87	916	119.916771	Bb4	70	90	
927	185.764583	F#2	42	88	914	119.916771	F#2	42	89	
928	185.765625	E5	76	76	918	119.916771	E5	76	90	
929	185.791667	F#5	78	54	*	-1	*	-1	-1	
930	186.144792	G3	55	94	921	120.164705	G3	55	90	
931	186.148958	G2	43	92	920	120.164705	G2	43	90	
932	186.541667	Bb3	58	100	923	120.412638	B3	59	92	
933	186.542708	A4	69	87	924	120.412638	A4	69	92	
934	186.542708	A5	81	84	927	120.412638	A5	81	92	
935	186.544792	Bb2	46	87	922	120.412638	B2	47	92	
936	186.545833	C#5	73	76	925	120.412638	C#5	73	92	
937	187.053125	Bb4	70	93	931	120.658506	B4	71	94	
938	187.053125	G5	79	95	933	120.658506	G5	79	94	
939	187.057292	G4	67	93	930	120.658506	G4	67	94	
940	187.058333	C#1	25	98	928	120.658506	C#1	25	93	
941	187.060417	C#2	37	99	929	120.658506	C#2	37	93	
942	187.061458	E5	76	87	932	120.658506	E5	76	94	
943	187.483333	D2	38	100	*	-1	*	-1	-1	
944	187.485417	D1	26	87	934	120.821107	D1	26	93	
945	188.009375	D6	86	96	943	120.902408	D6	86	97	
946	188.011458	D5	74	99	940	120.902408	D5	74	97	
947	188.014583	D4	62	96	939	120.902408	D4	62	97	
948	188.015625	F#5	78	90	941	120.902408	F#5	78	97	
949	188.018750	D3	50	81	936	120.902408	D3	50	100	
950	188.018750	A3	57	85	938	120.902408	A3	57	97	
951	188.018750	A5	81	87	942	120.902408	A5	81	97	
952	188.023958	F#3	54	82	937	120.902408	F#3	54	97	
953	188.318750	D5	74	91	944	121.146310	D5	74	97	
954	188.318750	A5	81	77	946	121.146310	A5	81	97	
955	188.320833	D6	86	94	947	121.146310	D6	86	97	
956	188.322917	F#5	78	82	945	121.146310	F#5	78	97	
957	188.945833	D6	86	86	955	121.634114	D6	86	96	
958	188.947917	A5	81	71	954	121.634114	A5	81	96	
959	188.948958	D5	74	74	952	121.634114	D5	74	96	
960	188.952083	F#5	78	77	953	121.634114	F#5	78	96	
961	188.971875	D3	50	60	948	121.634114	D3	50	99	
962	189.254167	A2	45	69	956	121.837365	A2	45	99	
963	189.295833	D3	50	66	957	121.857690	D3	50	96	
964	189.336458	F#3	54	85	958	121.878016	F#3	54	96	
965	189.337500	D4	62	95	959	121.878016	D4	62	96	
966	189.743750	D6	86	101	963	122.121918	D6	86	95	
967	189.744792	A5	81	87	962	122.121918	A5	81	95	
968	189.745833	D5	74	99	960	122.121918	D5	74	95	
969	189.745833	F#5	78	96	961	122.121918	F#5	78	95	
970	190.186458	A2	45	72	964	122.609722	A2	45	98	
971	190.225000	D3	50	76	965	122.609722	D3	50	95	
972	190.273958	F#3	54	78	966	122.609722	F#3	54	95	
973	190.343750	A5	81	93	970	122.609722	A5	81	95	
974	190.343750	D6	86	90	971	122.609722	D6	86	95	
975	190.344792	D5	74	95	968	122.609722	D5	74	95	
976	190.344792	F#5	78	87	969	122.609722	F#5	78	95	
977	190.347917	D4	62	95	967	122.609722	D4	62	95	
978	190.660417	F#2	42	84	972	122.812973	F#2	42	97	
979	190.782292	D4	62	102	975	122.853624	D4	62	94	
980	190.784375	F#3	54	86	974	122.853624	F#3	54	94	
981	191.192708	D6	86	100	979	123.097526	D6	86	94	
982	191.197917	D5	74	94	976	123.097526	D5	74	94	
983	191.197917	A5	81	84	978	123.097526	A5	81	94	
984	191.201042	F#5	78	90	977	123.097526	F#5	78	94	
985	191.615625	F#2	42	85	980	123.610552	F#2	42	96	
986	191.683333	D3	50	70	981	123.610552	D3	50	93	
987	191.735417	F#3	54	70	982	123.610552	F#3	54	93	
988	191.863542	D5	74	91	984	123.610552	D5	74	93	
989	191.863542	A5	81	90	986	123.610552	A5	81	93	
990	191.863542	D6	86	94	987	123.610552	D6	86	93	
991	191.864583	F#5	78	84	985	123.610552	F#5	78	93	
992	191.889583	C4	60	65	*	-1	*	-1	-1	
993	192.143750	A2	45	77	988	123.826069	A2	45	96	
994	192.228125	D3	50	77	989	123.847621	D3	50	93	
995	192.286458	D4	62	96	991	123.869173	D4	62	93	
996	192.289583	F#3	54	89	990	123.869173	F#3	54	93	
997	192.780208	D6	86	100	995	124.127793	D6	86	93	
998	192.784375	D5	74	97	992	124.127793	D5	74	93	
999	192.785417	A5	81	88	994	124.127793	A5	81	93	
1000	192.787500	F#5	78	87	993	124.127793	F#5	78	93	
1001	193.295833	A2	45	64	996	124.645034	A2	45	95	
1002	193.360417	D3	50	65	997	124.645034	D3	50	92	
1003	193.448958	F#3	54	70	998	124.645034	F#3	54	92	
1004	193.539583	D4	62	88	999	124.645034	D4	62	92	
1005	193.544792	D5	74	96	1000	124.645034	D5	74	92	
1006	193.544792	D6	86	92	1003	124.645034	D6	86	92	
1007	193.545833	A5	81	84	1002	124.645034	A5	81	92	
1008	193.547917	F#5	78	90	1001	124.645034	F#5	78	92	
1009	193.895833	D2	38	90	1004	124.903655	D2	38	95	
1010	194.045833	A2	45	79	1006	124.925207	A2	45	92	
1011	194.214583	F#3	54	91	1007	124.946758	F#3	54	92	
1012	194.217708	A3	57	66	*	-1	*	-1	-1	
1013	194.435417	D4	62	93	1008	124.946758	D4	62	92	
1014	194.435417	D5	74	102	1009	124.946758	D5	74	92	
1015	194.435417	D6	86	87	1005	124.903655	D6	86	92	
1016	194.436458	F#5	78	96	1010	124.946758	F#5	78	92	
1017	194.437500	A5	81	87	1011	124.946758	A5	81	92	
1018	195.207292	E4	64	98	1012	125.427758	E4	64	93	
1019	195.207292	E5	76	99	1013	125.427758	E5	76	93	
1020	195.914583	F4	65	102	1014	125.954073	F4	65	94	
1021	195.914583	F5	77	104	1015	125.954073	F5	77	94	
1022	196.681250	C#5	73	100	1017	126.480388	C#5	73	90	
1023	196.683333	C#4	61	92	1016	126.480388	C#4	61	88	
1024	197.797917	G#2	44	69	1018	127.107552	G#2	44	93	
1025	197.833333	D3	50	69	1019	127.130074	D3	50	93	
1026	197.858333	F3	53	74	1020	127.152597	F3	53	93	
1027	197.876042	B3	59	91	1021	127.152597	B3	59	93	
1028	197.886458	B6	95	98	1025	127.152597	B6	95	93	
1029	197.895833	F6	89	88	1024	127.152597	F6	89	93	
1030	197.896875	B5	83	97	1022	127.152597	B5	83	93	
1031	197.902083	D6	86	90	1023	127.152597	D6	86	93	
1032	198.765625	G#2	44	66	1026	127.377822	G#2	44	93	
1033	198.794792	D3	50	53	*	-1	*	-1	-1	
1034	198.821875	F3	53	88	1028	127.422867	F3	53	93	
1035	198.822917	B6	95	103	1033	127.422867	B6	95	93	
1036	198.826042	D3	50	69	1027	127.400345	D3	50	93	
1037	198.826042	B3	59	96	1029	127.422867	B3	59	93	
1038	198.826042	B5	83	101	1030	127.422867	B5	83	93	
1039	198.826042	F6	89	93	1032	127.422867	F6	89	93	
1040	198.834375	D6	86	95	1031	127.422867	D6	86	93	
1041	199.438542	D5	74	95	1035	127.558003	D5	74	88	
1042	199.440625	D4	62	88	1034	127.558003	D4	62	88	
1043	200.130208	E4	64	98	1036	127.828273	E4	64	85	
1044	200.130208	E5	76	97	1037	127.828273	E5	76	85	
1045	200.836458	F4	65	99	1038	128.098544	F4	65	88	
1046	200.836458	F5	77	96	1039	128.098544	F5	77	88	
1047	201.662500	C#4	61	96	1040	128.379572	C#4	61	83	
1048	201.662500	C#5	73	99	1041	128.379572	C#5	73	84	
1049	202.751042	G#2	44	80	1042	128.767921	G#2	44	93	
1050	202.822917	D3	50	64	1043	128.792193	D3	50	93	
1051	202.854167	F3	53	78	1044	128.816465	F3	53	93	
1052	202.884375	B3	59	91	1045	128.816465	B3	59	93	
1053	202.885417	B6	95	101	1049	128.816465	B6	95	93	
1054	202.893750	D6	86	96	1047	128.816465	D6	86	93	
1055	202.893750	F6	89	94	1048	128.816465	F6	89	93	
1056	202.894792	B5	83	98	1046	128.816465	B5	83	93	
1057	203.728125	G#2	44	65	1050	129.059183	G#2	44	93	
1058	203.776042	D3	50	43	1051	129.083455	D3	50	93	
1059	203.810417	F3	53	73	1052	129.107727	F3	53	93	
1060	203.841667	B3	59	92	1053	129.107727	B3	59	93	
1061	203.843750	B6	95	101	1057	129.107727	B6	95	93	
1062	203.847917	B5	83	98	1054	129.107727	B5	83	93	
1063	203.852083	F6	89	91	1056	129.107727	F6	89	93	
1064	203.853125	D6	86	92	1055	129.107727	D6	86	93	
1065	204.527083	D4	62	86	1058	129.253358	D4	62	84	
1066	204.864583	D5	74	83	1059	129.350445	D5	74	85	
1067	205.097917	D6	86	91	1060	129.447533	D6	86	86	
1068	205.292708	E4	64	93	1061	129.544620	E4	64	87	
1069	205.472917	E5	76	92	1062	129.641707	E5	76	88	
1070	205.635417	E6	88	94	1063	129.738795	E6	88	89	
1071	205.786458	F4	65	94	1064	129.835882	F4	65	91	
1072	205.946875	F5	77	92	1065	129.932969	F5	77	91	
1073	206.097917	F6	89	96	1066	130.017394	F6	89	89	
1074	206.328125	C#4	61	90	1067	130.092063	C#4	61	88	
1075	206.544792	C#5	73	92	1068	130.181349	C#5	73	88	
1076	206.725000	C#6	85	87	1069	130.266343	C#6	85	87	
1077	206.868750	B3	59	87	1070	130.347643	B3	59	86	
1078	207.023958	B4	71	85	1071	130.428944	B4	71	86	
1079	207.167708	B5	83	84	1072	130.510245	B5	83	85	
1080	207.311458	G#3	56	91	1073	130.591545	G#3	56	84	
1081	207.442708	G#4	68	90	1074	130.672846	G#4	68	83	
1082	207.591667	G#5	80	84	1075	130.754147	G#5	80	83	
1083	207.725000	F3	53	90	1076	130.835447	F3	53	82	
1084	207.858333	F4	65	83	1077	130.916748	F4	65	81	
1085	208.011458	F5	77	88	1078	130.998049	F5	77	81	
1086	208.182292	C#3	49	86	1079	131.079349	C#3	49	80	
1087	208.344792	C#4	61	85	1080	131.160650	C#4	61	79	
1088	208.506250	C#5	73	91	1081	131.241951	C#5	73	79	
1089	208.634375	B2	47	91	1082	131.323251	B2	47	78	
1090	208.775000	B3	59	88	1083	131.404552	B3	59	77	
1091	208.931250	B4	71	84	1084	131.485853	B4	71	77	
1092	209.082292	G#2	44	96	1085	131.567153	G#2	44	76	
1093	209.218750	G#3	56	91	1086	131.648454	G#3	56	75	
1094	209.372917	G#4	68	85	1087	131.729755	G#4	68	75	
1095	209.547917	F2	41	90	1088	131.811055	F2	41	74	
1096	209.706250	F3	53	91	1089	131.892356	F3	53	73	
1097	209.893750	F4	65	89	1090	131.973657	F4	65	72	
1098	210.144792	C#2	37	97	1091	132.054957	C#2	37	76	
1099	210.373958	C#3	49	92	1092	132.136258	C#3	49	80	
1100	210.412500	Eb3	51	61	*	-1	*	-1	-1	
1101	210.602083	C#4	61	92	1093	132.217559	C#4	61	84	
1102	210.826042	B1	35	94	1094	132.298859	B1	35	88	
1103	210.831250	B3	59	76	*	-1	*	-1	-1	
1104	211.114583	B2	47	95	1095	132.380160	B2	47	92	
1105	211.284375	G2	43	63	*	-1	*	-1	-1	
1106	211.430208	B3	59	88	1096	132.461461	B3	59	96	
1107	211.766667	G1	31	97	1097	132.542761	G1	31	100	
1108	212.206250	G2	43	100	1098	132.624062	G2	43	103	
1109	212.688542	G3	55	96	1099	132.706455	G3	55	107	
1110	213.520833	F#3	54	103	1102	132.789789	F#3	54	116	
1111	213.521875	F#2	42	106	1101	132.789789	F#2	42	116	
1112	213.525000	F#1	30	97	1100	132.789789	F#1	30	116	
1113	214.764583	F#5	78	105	1109	132.914421	F#5	78	110	
1114	214.770833	F#4	66	100	1106	132.914421	F#4	66	110	
1115	214.770833	B4	71	90	1107	132.914421	B4	71	110	
1116	214.771875	D5	74	89	1108	132.914421	D5	74	110	
1117	214.773958	F#3	54	85	1103	132.914421	F#3	54	110	
1118	214.773958	B3	59	90	1104	132.914421	B3	59	110	
1119	214.776042	D4	62	84	1105	132.914421	D4	62	110	
1120	216.927083	F#5	78	99	1116	133.159484	F#5	78	109	
1121	216.935417	F#4	66	93	1113	133.159484	F#4	66	109	
1122	216.935417	B4	71	86	1114	133.159484	B4	71	109	
1123	216.935417	D5	74	86	1115	133.159484	D5	74	109	
1124	216.936458	F#3	54	80	1110	133.159484	F#3	54	109	
1125	216.936458	B3	59	80	1111	133.159484	B3	59	109	
1126	216.936458	D4	62	85	1112	133.159484	D4	62	109	
1127	217.938542	F#3	54	94	1119	133.281435	F#3	54	112	
1128	217.953125	F#2	42	90	1118	133.281435	F#2	42	112	
1129	217.959375	F#1	30	79	1117	133.281435	F#1	30	112	
1130	219.204167	G#4	68	93	1124	133.403386	G#4	68	107	
1131	219.204167	B4	71	88	1125	133.403386	B4	71	107	
1132	219.204167	F#5	78	94	1126	133.403386	F#5	78	107	
1133	219.206250	F#4	66	99	1123	133.403386	F#4	66	107	
1134	219.218750	B3	59	79	1122	133.403386	B3	59	107	
1135	219.221875	G#3	56	78	1121	133.403386	G#3	56	107	
1136	221.544792	F#4	66	98	1130	133.647288	F#4	66	105	
1137	221.544792	F#5	78	96	1133	133.647288	F#5	78	105	
1138	221.545833	G#4	68	92	1131	133.647288	G#4	68	105	
1139	221.547917	B4	71	86	1132	133.647288	B4	71	105	
1140	221.556250	B3	59	80	1129	133.647288	B3	59	105	
1141	221.562500	F#3	54	73	1127	133.647288	F#3	54	105	
1142	221.562500	G#3	56	74	1128	133.647288	G#3	56	105	
1143	222.852083	F#3	54	94	1136	133.769239	F#3	54	110	
1144	222.862500	F#2	42	84	1135	133.769239	F#2	42	110	
1145	222.864583	F#1	30	80	1134	133.769239	F#1	30	110	
1146	224.576042	F#5	78	90	1143	133.891190	F#5	78	101	
1147	224.584375	C#4	61	76	1139	133.891190	C#4	61	101	
1148	224.586458	F#4	66	81	1140	133.891190	F#4	66	101	
1149	224.587500	Bb4	70	75	1141	133.891190	Bb4	70	101	
1150	224.587500	C#5	73	78	1142	133.891190	C#5	73	101	
1151	224.594792	Bb3	58	68	1138	133.891190	Bb3	58	101	
1152	224.598958	C#3	49	66	*	-1	*	-1	-1	
1153	224.602083	F#3	54	67	1137	133.891190	F#3	54	101	
1154	227.211458	Bb2	46	43	1144	134.175742	Bb2	46	88	
1155	227.281250	C#3	49	45	1145	134.175742	C#3	49	88	
1156	227.435417	F#3	54	49	1154	134.358668	F#3	54	81	
1157	227.445833	C#5	73	48	1150	134.175742	C#5	73	88	
1158	227.453125	Bb4	70	48	1149	134.175742	Bb4	70	88	
1159	227.453125	F#5	78	53	1151	134.175742	F#5	78	88	
1160	227.456250	Bb3	58	40	1155	134.378994	Bb3	58	81	
1161	227.457292	C#4	61	42	*	-1	*	-1	-1	
1162	227.464583	F#4	66	49	1148	134.175742	F#4	66	88	
1163	228.834375	F#2	42	25	1159	134.378994	F#5	78	81	
1164	229.008333	C#3	49	34	1153	134.338343	C#3	49	81	
1165	229.214583	F#3	54	19	1163	135.313951	F#3	54	41	
1166	229.858333	F#5	78	38	*	-1	*	-1	-1	
1167	229.869792	Bb4	70	32	*	-1	*	-1	-1	
1168	229.875000	F#3	54	19	*	-1	*	-1	-1	
1169	229.884375	F#4	66	24	*	-1	*	-1	-1	
1170	229.888542	Bb3	58	25	*	-1	*	-1	-1	
1171	235.229167	Eb3	51	38	*	-1	*	-1	-1	
1172	235.258333	B2	47	34	*	-1	*	-1	-1	
1173	235.266667	B1	35	31	*	-1	*	-1	-1	
1174	235.676042	F#3	54	44	*	-1	*	-1	-1	
1175	235.933333	Eb4	63	52	1165	135.395252	Eb4	63	43	
1176	235.935417	B3	59	40	1164	135.395252	B3	59	43	
1177	236.238542	Eb4	63	62	1170	135.476553	Eb4	63	44	
1178	236.243750	C#2	37	44	1166	135.476553	C#2	37	44	
1179	236.247917	C#3	49	45	1167	135.476553	C#3	49	44	
1180	236.250000	Bb3	58	54	1169	135.476553	Bb3	58	44	
1181	236.256250	E3	52	46	1168	135.476553	E3	52	44	
1182	236.707292	C#4	61	45	1171	135.598504	C#4	61	45	
1183	237.135417	C#4	61	51	1175	135.723402	C#4	61	47	
1184	237.144792	Eb3	51	42	1173	135.723402	Eb3	51	47	
1185	237.144792	F#3	54	43	1174	135.723402	F#3	54	47	
1186	237.144792	Bb3	58	38	*	-1	*	-1	-1	
1187	237.146875	Eb2	39	38	1172	135.723402	Eb2	39	47	
1188	237.598958	B3	59	47	1176	135.848034	B3	59	45	
1189	238.186458	A3	57	45	1180	135.959468	A3	57	44	
1190	238.202083	E3	52	42	1179	135.959468	E3	52	44	
1191	238.212500	Bb2	46	31	1178	135.959468	Bb2	46	42	
1192	238.214583	Bb1	34	34	1177	135.959468	Bb1	34	42	
1193	238.885417	G3	55	29	1181	136.093097	G3	55	42	
1194	239.582292	G5	79	86	1185	136.215048	G5	79	73	
1195	239.587500	Bb2	46	65	1182	136.215048	Bb2	46	73	
1196	239.591667	G3	55	68	1183	136.215048	G3	55	73	
1197	239.592708	G4	67	69	1184	136.215048	G4	67	73	
1198	239.943750	F#5	78	90	1188	136.296349	F#5	78	75	
1199	239.945833	F#3	54	81	1186	136.296349	F#3	54	75	
1200	239.945833	F#4	66	82	1187	136.296349	F#4	66	75	
1201	240.221875	G#6	92	97	1193	136.377649	G#6	92	77	
1202	240.223958	G#5	80	95	1191	136.377649	G#5	80	77	
1203	240.227083	G#4	68	90	1190	136.377649	G#4	68	77	
1204	240.234375	E4	64	82	1189	136.377649	E4	64	77	
1205	240.247917	F#6	90	61	1192	136.377649	E6	88	77	
1206	240.605208	G#6	92	99	1199	136.458950	G#6	92	79	
1207	240.607292	G#5	80	97	1197	136.458950	G#5	80	79	
1208	240.608333	G#4	68	88	1196	136.458950	G#4	68	79	
1209	240.612500	E4	64	67	1195	136.458950	E4	64	79	
1210	240.614583	E6	88	80	1198	136.458950	E6	88	79	
1211	240.625000	F#3	54	57	1194	136.458950	F#3	54	79	
1212	241.104167	F#6	90	93	1204	136.580901	F#6	90	77	
1213	241.107292	F#5	78	92	1202	136.580901	F#5	78	77	
1214	241.114583	F#4	66	74	1201	136.580901	F#4	66	78	
1215	241.115625	Eb6	87	77	1203	136.580901	Eb6	87	77	
1216	241.122917	Eb4	63	70	1200	136.580901	Eb4	63	78	
1217	241.529167	F#6	90	92	1210	136.702852	F#6	90	76	
1218	241.534375	F#5	78	89	1208	136.702852	F#5	78	76	
1219	241.541667	Eb4	63	76	1206	136.702852	Eb4	63	76	
1220	241.541667	F#4	66	80	1207	136.702852	F#4	66	76	
1221	241.541667	Eb6	87	77	1209	136.702852	Eb6	87	76	
1222	241.544792	F#3	54	69	1205	136.702852	F#3	54	76	
1223	241.969792	E6	88	87	1215	136.824803	E6	88	74	
1224	241.973958	E5	76	87	1213	136.824803	E5	76	74	
1225	241.977083	C#4	61	63	1211	136.824803	C#4	61	75	
1226	241.977083	E4	64	68	1212	136.824803	E4	64	75	
1227	241.980208	C#6	85	82	1214	136.824803	C#6	85	74	
1228	242.506250	E6	88	85	1221	136.946754	E6	88	72	
1229	242.511458	E5	76	81	1219	136.946754	E5	76	72	
1230	242.514583	C#6	85	81	1220	136.946754	C#6	85	72	
1231	242.515625	F#3	54	50	1216	136.946754	F#3	54	73	
1232	242.520833	E4	64	56	1218	136.946754	E4	64	73	
1233	242.523958	C#4	61	58	1217	136.946754	C#4	61	73	
1234	243.113542	C#6	85	74	1226	137.068705	C#6	85	70	
1235	243.114583	Bb3	58	44	1222	137.068705	Bb3	58	72	
1236	243.122917	C#4	61	32	1223	137.068705	C#4	61	72	
1237	243.123958	Bb5	82	53	1225	137.068705	Bb5	82	70	
1238	243.143750	C#5	73	45	1224	137.068705	C#5	73	70	
1239	244.156250	E3	52	42	1229	137.190656	E3	52	46	
1240	244.175000	C#3	49	42	1228	137.190656	C#3	49	46	
1241	244.188542	C#2	37	41	1227	137.190656	C#2	37	46	
1242	244.563542	Bb3	58	43	1230	137.271957	Bb3	58	47	
1243	244.822917	E4	64	51	1231	137.353257	E4	64	48	
1244	245.136458	E4	64	55	1236	137.434558	E4	64	49	
1245	245.154167	B3	59	48	1235	137.434558	B3	59	49	
1246	245.161458	Eb3	51	54	1233	137.434558	Eb3	51	49	
1247	245.166667	F#3	54	42	1234	137.434558	F#3	54	49	
1248	245.175000	Eb2	39	49	1232	137.434558	Eb2	39	49	
1249	245.610417	Eb4	63	55	1237	137.556509	Eb4	63	50	
1250	246.191667	Eb4	63	48	1242	137.678460	Eb4	63	52	
1251	246.204167	E2	40	38	1238	137.678460	E2	40	52	
1252	246.204167	Bb3	58	41	1241	137.678460	Bb3	58	52	
1253	246.212500	G3	55	33	1240	137.678460	G3	55	52	
1254	246.213542	E3	52	41	1239	137.678460	E3	52	52	
1255	246.723958	C#4	61	46	1243	137.800411	C#4	61	50	
1256	247.393750	B2	47	45	1245	137.922362	B2	47	48	
1257	247.395833	B3	59	40	1247	137.922362	B3	59	48	
1258	247.404167	B1	35	40	1244	137.922362	B1	35	48	
1259	247.406250	G3	55	33	1246	137.922362	G#3	56	48	
1260	248.156250	G3	55	37	1249	138.044313	G#3	56	46	
1261	248.193750	E3	52	40	1248	138.044313	E3	52	46	
1262	248.911458	G5	79	87	1253	138.166264	G5	79	78	
1263	248.917708	B2	47	70	1250	138.166264	B2	47	78	
1264	248.921875	G3	55	68	1251	138.166264	G3	55	78	
1265	248.925000	G4	67	64	1252	138.166264	G4	67	78	
1266	249.284375	G#5	80	90	1256	138.247565	G#5	80	79	
1267	249.289583	G#4	68	74	1255	138.247565	G#4	68	79	
1268	249.292708	G#3	56	63	1254	138.247565	G#3	56	79	
1269	249.594792	B6	95	94	1261	138.328865	B6	95	80	
1270	249.603125	G#4	68	84	1257	138.328865	G#4	68	80	
1271	249.603125	B5	83	92	1259	138.328865	B5	83	80	
1272	249.604167	G#6	92	87	1260	138.328865	G#6	92	80	
1273	249.617708	B4	71	81	1258	138.328865	B4	71	80	
1274	249.634375	B3	59	56	*	-1	*	-1	-1	
1275	250.001042	B6	95	94	1267	138.410166	B6	95	82	
1276	250.004167	B5	83	98	1265	138.410166	B5	83	82	
1277	250.004167	G#6	92	90	1266	138.410166	G#6	92	82	
1278	250.005208	G#4	68	89	1263	138.410166	G#4	68	82	
1279	250.011458	B3	59	74	1262	138.410166	B3	59	82	
1280	250.497917	G#6	92	92	1272	138.532117	G#6	92	85	
1281	250.504167	G#5	80	91	1270	138.532117	G#5	80	85	
1282	250.505208	E6	88	83	1271	138.532117	E6	88	85	
1283	250.506250	G#4	68	71	1269	138.532117	G#4	68	84	
1284	250.509375	E4	64	71	1268	138.532117	E4	64	84	
1285	250.527083	B3	59	48	*	-1	*	-1	-1	
1286	250.921875	G#4	68	87	1275	138.656634	G#4	68	86	
1287	250.922917	G#6	92	91	1278	138.656634	G#6	92	86	
1288	250.925000	G#5	80	93	1276	138.656634	G#5	80	86	
1289	250.926042	B3	59	72	1273	138.656634	B3	59	86	
1290	250.926042	E6	88	87	1277	138.656634	E6	88	86	
1291	250.932292	E4	64	59	1274	138.656634	E4	64	86	
1292	251.364583	E4	64	61	1280	138.781558	E4	64	84	
1293	251.364583	E6	88	94	1283	138.781558	E6	88	84	
1294	251.372917	E5	76	87	1281	138.781558	E5	76	84	
1295	251.373958	G#3	56	60	1279	138.781558	G#3	56	84	
1296	251.373958	G#5	80	81	1282	138.781558	B5	83	84	
1297	251.600000	B2	47	46	1284	138.862859	B2	47	82	
1298	251.605208	C3	48	44	*	-1	*	-1	-1	
1299	251.725000	G#3	56	55	1285	138.883184	G#3	56	82	
1300	251.729167	E6	88	58	1286	138.903509	E4	64	82	
1301	251.873958	E5	76	84	1287	138.903509	E5	76	82	
1302	251.873958	E6	88	91	1289	138.903509	E6	88	82	
1303	251.875000	G#5	80	81	1288	138.903509	G#5	80	82	
1304	251.904167	E4	64	65	*	-1	*	-1	-1	
1305	252.466667	B5	83	82	1294	139.025460	B5	83	80	
1306	252.467708	G#5	80	78	1293	139.025460	G#5	80	80	
1307	252.472917	B4	71	80	1292	139.025460	B4	71	80	
1308	252.482292	B3	59	55	1291	139.025460	B3	59	80	
1309	252.506250	E3	52	46	1290	139.025460	E3	52	80	
1310	253.402083	C3	48	52	1296	139.147411	C3	48	53	
1311	253.409375	C2	36	46	1295	139.147411	C2	36	53	
1312	253.828125	G3	55	39	1297	139.228712	G3	55	55	
1313	254.172917	E4	64	52	1299	139.310012	E4	64	57	
1314	254.185417	C4	60	44	1298	139.310012	C4	60	57	
1315	254.776042	E4	64	51	1304	139.391313	E4	64	58	
1316	254.796875	B3	59	42	1303	139.391313	B3	59	58	
1317	254.797917	F3	53	39	1302	139.391313	F3	53	58	
1318	254.805208	G1	31	41	1300	139.391313	G1	31	58	
1319	254.805208	G2	43	43	1301	139.391313	G2	43	58	
1320	255.659375	D4	62	39	1305	139.513264	D4	62	54	
1321	256.260417	F#5	78	82	1308	139.635215	F#5	78	81	
1322	256.265625	F#4	66	66	1307	139.635215	F#4	66	81	
1323	256.291667	F#3	54	63	1306	139.635215	F#3	54	81	
1324	256.656250	G5	79	87	1311	139.716516	G5	79	82	
1325	256.662500	G4	67	71	1310	139.716516	G4	67	82	
1326	256.664583	G3	55	71	1309	139.716516	G3	55	82	
1327	256.958333	A6	93	95	1316	139.797816	A6	93	84	
1328	256.962500	F6	89	85	1315	139.797816	F6	89	84	
1329	256.964583	A5	81	87	1314	139.797816	A5	81	84	
1330	256.982292	F4	65	72	1313	139.797816	F4	65	84	
1331	256.983333	A4	69	64	*	-1	*	-1	-1	
1332	257.468750	F6	89	84	1321	139.879117	F6	89	86	
1333	257.468750	A6	93	92	1322	139.879117	A6	93	86	
1334	257.472917	A5	81	87	1320	139.879117	A5	81	86	
1335	257.492708	A4	69	64	1319	139.879117	A4	69	86	
1336	257.494792	G3	55	62	1317	139.879117	G3	55	86	
1337	257.494792	F4	65	61	1318	139.879117	F4	65	86	
1338	258.296875	F6	89	68	1327	140.001068	F6	89	84	
1339	258.311458	B5	83	59	1326	140.001068	B5	83	84	
1340	258.326042	F5	77	48	1325	140.001068	F5	77	84	
1341	258.331250	B3	59	40	1323	140.001068	B3	59	84	
1342	259.076042	C3	48	41	1329	140.123019	C3	48	57	
1343	259.082292	C2	36	39	1328	140.123019	C2	36	57	
1344	259.505208	G3	55	37	1330	140.204706	G3	55	58	
1345	259.860417	E4	64	48	1332	140.287351	E4	64	60	
1346	259.863542	C4	60	41	1331	140.287351	C4	60	60	
1347	260.603125	E4	64	42	1337	140.369995	E4	64	62	
1348	260.612500	G#2	44	44	1334	140.369995	G#2	44	62	
1349	260.614583	G#1	32	38	1333	140.369995	G#1	32	62	
1350	260.620833	B3	59	32	1336	140.369995	B3	59	62	
1351	261.604167	D4	62	31	1338	140.493962	D4	62	60	
1352	262.197917	G5	79	76	1341	140.617929	G5	79	93	
1353	262.217708	G4	67	61	1340	140.617929	G4	67	93	
1354	262.219792	G3	55	67	1339	140.617929	G3	55	93	
1355	262.572917	G#4	68	88	1343	140.700573	G#4	68	96	
1356	262.572917	G#5	80	90	1344	140.700573	G#5	80	96	
1357	262.592708	G#3	56	86	1342	140.700573	G#3	56	96	
1358	262.885417	B6	95	98	1349	140.783218	B6	95	98	
1359	262.888542	B5	83	96	1347	140.783218	B5	83	98	
1360	262.888542	F6	89	85	1348	140.783218	F6	89	98	
1361	262.893750	B4	71	89	1346	140.783218	B4	71	98	
1362	262.928125	F4	65	69	1345	140.783218	F4	65	98	
1363	263.348958	B6	95	99	1355	140.865862	B6	95	101	
1364	263.350000	F4	65	76	1351	140.865862	F4	65	101	
1365	263.350000	F6	89	90	1354	140.865862	F6	89	101	
1366	263.353125	B5	83	97	1353	140.865862	B5	83	98	
1367	263.354167	B4	71	90	1352	140.865862	B4	71	101	
1368	263.359375	G#3	56	75	1350	140.865862	G#3	56	101	
1369	263.927083	F6	89	96	1360	140.989829	G#6	92	102	
1370	263.932292	F4	65	75	1357	140.989829	G#4	68	102	
1371	263.933333	B3	59	71	1356	140.989829	D4	62	102	
1372	263.933333	F5	77	91	1358	140.989829	F5	77	102	
1373	263.938542	D6	86	84	1359	140.989829	D6	86	102	
1374	264.234375	F#2	42	61	1361	141.072473	F#2	42	104	
1375	264.295833	B2	47	71	1362	141.093134	B2	47	104	
1376	264.334375	Eb3	51	84	1363	141.113796	Eb3	51	104	
1377	264.342708	G#6	92	92	1368	141.113796	G#6	92	106	
1378	264.344792	G#5	80	86	1365	141.113796	G#5	80	106	
1379	264.350000	Eb6	87	90	1367	141.113796	Eb6	87	106	
1380	264.353125	F#3	54	84	1364	141.113796	F#3	54	104	
1381	264.680208	F#3	54	75	1369	141.196440	F#3	54	103	
1382	264.973958	F#6	90	96	1375	141.279085	F#6	90	103	
1383	264.975000	B4	71	84	1371	141.279085	B4	71	103	
1384	264.980208	B3	59	72	*	-1	*	-1	-1	
1385	264.982292	Eb4	63	81	1370	141.279085	Eb4	63	103	
1386	264.982292	F#5	78	92	1372	141.279085	F#5	78	103	
1387	264.983333	Eb6	87	85	1374	141.279085	Eb6	87	103	
1388	264.985417	B5	83	76	1373	141.279085	B5	83	103	
1389	265.462500	Eb4	63	84	1376	141.361729	Eb4	63	102	
1390	265.462500	B4	71	88	1377	141.361729	B4	71	102	
1391	265.764583	Eb6	87	93	1379	141.444374	Eb6	87	101	
1392	265.770833	Eb5	75	90	1378	141.444374	Eb5	75	101	
1393	266.014583	B3	59	63	1381	141.527018	B3	59	100	
1394	266.032292	B5	83	91	1384	141.527018	B5	83	100	
1395	266.034375	F#3	54	61	1380	141.527018	F#3	54	100	
1396	266.034375	B4	71	90	1383	141.527018	B4	71	100	
1397	266.183333	F#2	42	78	1385	141.568340	F#2	42	99	
1398	266.289583	C#3	49	65	1386	141.589001	C#3	49	99	
1399	266.384375	Bb3	58	82	1387	141.609663	Bb3	58	99	
1400	266.384375	F#6	90	95	1391	141.609663	F#6	90	99	
1401	266.396875	F#5	78	92	1388	141.609663	F#5	78	99	
1402	266.402083	C#6	85	82	1390	141.609663	C#6	85	99	
1403	266.744792	F#3	54	83	1392	141.692911	F#3	54	98	
1404	267.098958	E6	88	90	1398	141.777657	E6	88	97	
1405	267.103125	E5	76	89	1395	141.777657	E5	76	97	
1406	267.104167	C#6	85	84	1397	141.777657	C#6	85	97	
1407	267.105208	C#4	61	71	1393	141.777657	C#4	61	97	
1408	267.105208	Bb4	70	77	1394	141.777657	Bb4	70	97	
1409	267.545833	C#4	61	77	1399	141.862403	C#4	61	96	
1410	267.545833	Bb4	70	86	1400	141.862403	Bb4	70	96	
1411	267.905208	C#6	85	94	1402	141.947149	C#6	85	95	
1412	267.912500	C#5	73	82	1401	141.947149	C#5	73	95	
1413	268.279167	F#3	54	62	1403	142.031895	F#3	54	94	
1414	268.354167	Bb5	82	88	1406	142.031895	Bb5	82	94	
1415	268.357292	Bb4	70	72	1405	142.031895	Bb4	70	94	
1416	268.571875	B2	47	63	1407	142.116640	B2	47	93	
1417	268.713542	F#3	54	63	1408	142.116640	F#3	54	93	
1418	268.853125	B4	71	81	1410	142.116640	B4	71	93	
1419	268.922917	Eb4	63	60	1409	142.116640	Eb4	63	93	
1420	269.396875	B5	83	79	1411	142.201386	B5	83	89	
1421	269.873958	F#5	78	75	1412	142.286132	F#5	78	84	
1422	270.280208	Eb5	75	70	1413	142.370878	Eb5	75	80	
1423	270.618750	B4	71	73	1414	142.455624	B4	71	76	
1424	270.919792	F#4	66	61	1415	142.540370	F#4	66	72	
1425	271.234375	Eb4	63	60	1416	142.625115	Eb4	63	68	
1426	271.570833	B3	59	49	1417	142.709861	B3	59	63	
1427	271.902083	G#3	56	54	1418	142.794607	G#3	56	59	
1428	272.242708	F#3	54	57	1419	142.879408	F#3	54	55	
1429	272.591667	Eb3	51	56	1420	142.965615	Eb3	51	51	
1430	272.915625	B2	47	56	1421	143.053476	B2	47	47	
1431	273.523958	F#3	54	43	1425	143.143627	F#3	54	46	
1432	273.546875	Eb3	51	41	1424	143.143627	Eb3	51	46	
1433	273.553125	Bb2	46	37	1423	143.143627	Bb2	46	46	
1434	273.560417	Eb2	39	38	1422	143.143627	Eb2	39	46	
1435	274.003125	Bb3	58	45	1426	143.255987	Bb3	58	47	
1436	274.271875	F#4	66	50	1428	143.352374	F#4	66	48	
1437	274.279167	F#3	54	30	*	-1	*	-1	-1	
1438	274.284375	Eb4	63	40	1427	143.352374	Eb4	63	48	
1439	274.609375	F#4	66	55	1433	143.435019	F#4	66	48	
1440	274.618750	D4	62	47	1432	143.435019	D4	62	48	
1441	274.620833	F2	41	49	1429	143.435019	F2	41	48	
1442	274.626042	G#3	56	42	1431	143.435019	G#3	56	48	
1443	275.084375	F4	65	50	1434	143.558986	F4	65	50	
1444	275.107292	D4	62	24	*	-1	*	-1	-1	
1445	275.556250	F4	65	53	1438	143.682952	F4	65	53	
1446	275.561458	F#2	42	44	1435	143.682952	F#2	42	53	
1447	275.563542	F#3	54	44	1436	143.682952	F#3	54	53	
1448	275.563542	Bb3	58	45	1437	143.682952	Bb3	58	53	
1449	276.105208	Eb4	63	56	1439	143.806919	Eb4	63	51	
1450	276.864583	F3	53	33	1442	143.930886	F3	53	50	
1451	276.864583	C#4	61	44	1444	143.930886	C#4	61	50	
1452	276.873958	G#3	56	41	1443	143.930886	G#3	56	50	
1453	276.883333	D3	50	34	1441	143.930886	D3	50	50	
1454	276.893750	D2	38	36	1440	143.930886	D2	38	50	
1455	277.815625	B3	59	45	1445	144.054853	B3	59	48	
1456	278.466667	D5	74	80	1449	144.178819	D5	74	78	
1457	278.489583	D4	62	65	1448	144.178819	D4	62	78	
1458	278.500000	D3	50	70	1447	144.178819	D3	50	78	
1459	278.504167	D2	38	66	1446	144.178819	D2	38	78	
1460	278.964583	C#5	73	89	1453	144.261464	C#5	73	79	
1461	278.966667	C#3	49	91	1451	144.261464	C#3	49	79	
1462	278.967708	C#2	37	84	1450	144.261464	C#2	37	79	
1463	278.969792	C#4	61	84	1452	144.261464	C#4	61	79	
1464	279.355208	Eb7	99	102	*	-1	*	-1	-1	
1465	279.357292	B6	95	90	*	-1	*	-1	-1	
1466	279.359375	Eb5	75	90	1457	144.344108	Eb5	75	80	
1467	279.362500	Eb6	87	98	1459	144.344108	Eb6	87	80	
1468	279.363542	B4	71	89	1455	144.344108	B3	59	80	
1469	279.801042	Eb7	99	106	*	-1	*	-1	-1	
1470	279.803125	Eb6	87	98	1465	144.426753	Eb6	87	82	
1471	279.803125	B6	95	88	*	-1	*	-1	-1	
1472	279.805208	Eb5	75	88	1463	144.426753	Eb5	75	82	
1473	279.811458	B4	71	85	*	-1	*	-1	-1	
1474	279.812500	Eb4	63	74	1462	144.426753	Eb4	63	82	
1475	280.346875	C#7	97	101	*	-1	*	-1	-1	
1476	280.352083	Bb6	94	95	*	-1	*	-1	-1	
1477	280.353125	C#6	85	101	1470	144.550720	C#6	85	84	
1478	280.357292	C#5	73	73	1468	144.550720	C#5	73	84	
1479	280.362500	Bb4	70	74	1466	144.550720	Bb3	58	83	
1480	280.823958	C#7	97	100	*	-1	*	-1	-1	
1481	280.826042	C#6	85	96	1476	144.674712	C#6	85	89	
1482	280.827083	Bb6	94	91	*	-1	*	-1	-1	
1483	280.842708	Bb4	70	81	1472	144.674712	Bb3	58	86	
1484	280.843750	Eb4	63	71	1471	144.674712	C#3	49	86	
1485	281.263542	B6	95	96	*	-1	*	-1	-1	
1486	281.264583	B5	83	98	1481	144.799686	B5	83	86	
1487	281.264583	G#6	92	93	*	-1	*	-1	-1	
1488	281.271875	G#4	68	83	1477	144.799686	G#3	56	84	
1489	281.275000	B4	71	78	1479	144.799686	B4	71	86	
1490	281.792708	B6	95	95	*	-1	*	-1	-1	
1491	281.795833	B5	83	94	1487	144.923653	B5	83	83	
1492	281.797917	G#6	92	91	*	-1	*	-1	-1	
1493	281.806250	G#4	68	78	*	-1	*	-1	-1	
1494	281.808333	C#4	61	72	1484	144.923653	B3	59	82	
1495	281.813542	B4	71	82	1485	144.923653	B4	71	83	
1496	282.359375	G#6	92	87	*	-1	*	-1	-1	
1497	282.362500	G#5	80	79	1492	145.047620	G#5	80	81	
1498	282.378125	F6	89	62	*	-1	*	-1	-1	
1499	282.383333	G#4	68	65	1490	145.047620	G#4	68	81	
1500	282.388542	F4	65	59	1488	145.047620	F3	53	80	
1501	283.297917	B3	59	42	1495	145.171587	B3	59	54	
1502	283.326042	F3	53	33	1494	145.171587	F3	53	54	
1503	283.333333	F2	41	29	1493	145.171587	F2	41	54	
1504	283.676042	D4	62	56	1496	145.254231	D4	62	55	
1505	283.928125	G#4	68	68	1497	145.336876	G#4	68	56	
1506	284.264583	G#4	68	68	1502	145.419520	G#4	68	57	
1507	284.268750	F#3	54	45	1499	145.419520	F#3	54	57	
1508	284.275000	F#2	42	47	1498	145.419520	F#2	42	57	
1509	284.275000	Bb3	58	47	1500	145.419520	Bb3	58	57	
1510	284.275000	Eb4	63	54	1501	145.419520	Eb4	63	57	
1511	284.281250	F#1	30	41	*	-1	*	-1	-1	
1512	284.732292	F#4	66	67	1503	145.543487	F#4	66	58	
1513	285.354167	F#4	66	52	1508	145.667454	F#4	66	61	
1514	285.380208	G#2	44	41	1504	145.667454	G#2	44	61	
1515	285.385417	G#3	56	37	1505	145.667454	G#3	56	61	
1516	285.386458	B3	59	31	1506	145.667454	B3	59	61	
1517	285.388542	D4	62	37	1507	145.667454	D4	62	61	
1518	285.987500	F4	65	54	1509	145.791420	F4	65	59	
1519	286.727083	Eb4	63	43	1513	145.915387	Eb4	63	58	
1520	286.735417	Eb3	51	32	1511	145.915387	Eb3	51	58	
1521	286.763542	Eb2	39	30	1510	145.915387	Eb2	39	58	
1522	287.628125	B3	59	30	1515	146.039354	B3	59	56	
1523	287.650000	G#3	56	28	1514	146.039354	G#3	56	56	
1524	288.264583	D5	74	79	1518	146.163399	D5	74	86	
1525	288.279167	D4	62	66	*	-1	*	-1	-1	
1526	288.282292	D3	50	68	1517	146.163399	D3	50	86	
1527	288.285417	D2	38	66	1516	146.163399	D2	38	86	
1528	288.695833	Eb2	39	71	1520	146.248145	Eb2	39	87	
1529	288.695833	Eb3	51	84	1521	146.248145	Eb3	51	87	
1530	288.695833	Eb5	75	90	1522	146.248145	Eb5	75	87	
1531	288.703125	Eb4	63	80	*	-1	*	-1	-1	
1532	289.023958	Eb7	99	98	1529	146.331762	Eb7	99	88	
1533	289.027083	B6	95	83	1528	146.331762	B6	95	88	
1534	289.029167	Eb6	87	95	1527	146.331762	Eb6	87	88	
1535	289.032292	Eb5	75	89	1526	146.331762	Eb5	75	88	
1536	289.035417	B4	71	85	1525	146.331762	B4	71	88	
1537	289.437500	Eb7	99	92	1535	146.414406	Eb7	99	89	
1538	289.442708	Eb6	87	95	1533	146.414406	Eb6	87	89	
1539	289.445833	Eb5	75	82	1532	146.414406	Eb5	75	89	
1540	289.451042	B4	71	82	1531	146.414406	B4	71	89	
1541	289.464583	Eb4	63	74	1530	146.414406	B3	59	89	
1542	290.008333	B6	95	86	1540	146.538373	B6	95	91	
1543	290.011458	B5	83	91	1538	146.538373	B5	83	91	
1544	290.011458	G#6	92	88	1539	146.538373	G#6	92	91	
1545	290.014583	G#4	68	81	1536	146.538373	G#4	68	91	
1546	290.066667	B4	71	44	1537	146.538373	B4	71	91	
1547	290.458333	B6	95	89	1546	146.662340	B6	95	95	
1548	290.461458	Eb6	87	86	1545	146.662340	G#6	92	95	
1549	290.463542	B5	83	86	1544	146.662340	B5	83	95	
1550	290.464583	B4	71	84	1543	146.662340	B4	71	94	
1551	290.466667	Eb4	63	81	1541	146.662340	Eb4	63	94	
1552	290.480208	B3	59	64	*	-1	*	-1	-1	
1553	290.890625	G#6	92	91	1551	146.786306	G#6	92	93	
1554	290.891667	G#4	68	73	1548	146.786306	G#4	68	92	
1555	290.894792	G#5	80	89	1549	146.786306	G#5	80	93	
1556	290.904167	B3	59	68	1547	146.786306	B3	59	92	
1557	291.139583	Eb3	51	56	1552	146.868951	Eb3	51	90	
1558	291.248958	B3	59	63	1553	146.889612	B3	59	90	
1559	291.393750	G#6	92	89	1557	146.910273	G#6	92	90	
1560	291.394792	G#5	80	87	1555	146.910273	G#5	80	90	
1561	291.400000	G#4	68	78	1554	146.910273	G#4	68	90	
1562	291.400000	B5	83	84	1556	146.910273	B5	83	90	
1563	291.565625	B3	59	46	*	-1	*	-1	-1	
1564	291.979167	Eb6	87	90	1562	147.034240	Eb6	87	88	
1565	291.984375	Eb5	75	82	1560	147.034240	Eb5	75	88	
1566	291.987500	B5	83	74	1561	147.034240	B5	83	88	
1567	291.993750	Eb4	63	60	1559	147.034240	Eb4	63	88	
1568	292.005208	G#3	56	58	1558	147.034240	G#3	56	88	
1569	292.009375	B3	59	49	*	-1	*	-1	-1	
1570	292.994792	D5	74	59	1566	147.158207	D5	74	77	
1571	293.025000	E2	40	29	1563	147.158207	E2	40	63	
1572	293.025000	G#4	68	28	1565	147.158207	G#4	68	63	
1573	293.035417	E4	64	27	1564	147.158207	E4	64	63	
1574	293.456250	B2	47	34	1567	147.220190	B2	47	63	
1575	293.572917	E4	64	37	1568	147.240851	E4	64	64	
1576	293.577083	G#4	68	33	1569	147.240851	G#4	68	64	
1577	293.792708	D3	50	27	1570	147.282173	D3	50	64	
1578	293.828125	E4	64	46	1571	147.323496	E4	64	65	
1579	293.831250	G#4	68	44	1572	147.323496	G#4	68	65	
1580	293.936458	E3	52	39	1573	147.344157	E3	52	65	
1581	294.109375	E4	64	51	1575	147.406140	E4	64	66	
1582	294.109375	G#4	68	50	1576	147.406140	G#4	68	66	
1583	294.123958	B2	47	41	1574	147.406140	B2	47	66	
1584	294.344792	E4	64	43	1578	147.488785	E4	64	67	
1585	294.353125	G#4	68	47	1579	147.488785	G#4	68	67	
1586	294.355208	D3	50	49	1577	147.468123	D3	50	66	
1587	294.485417	D5	74	65	1581	147.530107	D5	74	79	
1588	294.556250	E3	52	46	1580	147.530107	E3	52	67	
1589	294.713542	E4	64	39	1582	147.571429	E4	64	68	
1590	294.735417	B3	59	48	1584	147.592090	B3	59	69	
1591	294.940625	C#5	73	71	1588	147.654099	C#5	73	82	
1592	294.968750	G#4	68	51	1587	147.654099	G#4	68	69	
1593	294.990625	E4	64	28	1586	147.654099	E4	64	69	
1594	295.000000	E3	52	32	1585	147.654099	E3	52	69	
1595	295.195833	G#3	56	50	1589	147.716599	G#3	56	68	
1596	295.381250	D5	74	71	1591	147.779074	D5	74	79	
1597	295.391667	B3	59	49	1590	147.779074	B3	59	67	
1598	295.603125	D4	62	43	1592	147.841057	D4	62	65	
1599	295.857292	F#5	78	54	*	-1	*	-1	-1	
1600	295.914583	E5	76	57	1595	147.903040	E5	76	76	
1601	295.953125	G#2	44	49	1594	147.903040	G#2	44	65	
1602	296.277083	D3	50	43	1596	147.965024	D3	50	64	
1603	296.532292	D5	74	57	1598	148.027007	D5	74	73	
1604	296.577083	E3	52	43	1597	148.027007	E3	52	64	
1605	296.852083	G#3	56	37	1599	148.088990	G#3	56	63	
1606	297.259375	C#5	73	86	1606	148.150974	C#5	73	100	
1607	297.264583	E3	52	73	1603	148.150974	E3	52	100	
1608	297.265625	G#4	68	75	1605	148.150974	G#4	68	100	
1609	297.268750	E2	40	80	1600	148.150974	E2	40	100	
1610	297.268750	D3	50	73	1602	148.150974	D3	50	100	
1611	297.270833	C#4	61	75	1604	148.150974	C#4	61	100	
1612	297.271875	B2	47	77	1601	148.150974	B2	47	100	
1613	297.276042	D4	62	65	*	-1	*	-1	-1	
1614	297.796875	D5	74	85	1608	148.233618	D5	74	101	
1615	297.802083	D4	62	79	1607	148.233618	D4	62	101	
1616	298.138542	D7	98	97	1614	148.316263	D7	98	102	
1617	298.143750	B6	95	87	1613	148.316263	B6	95	102	
1618	298.145833	D6	86	90	1612	148.316263	D6	86	102	
1619	298.150000	B4	71	75	1610	148.316263	B4	71	102	
1620	298.593750	B6	95	89	1619	148.398907	B6	95	104	
1621	298.594792	D7	98	94	1620	148.398907	D7	98	104	
1622	298.607292	B4	71	76	1616	148.398907	B4	71	104	
1623	298.607292	D6	86	88	1618	148.398907	D6	86	104	
1624	298.614583	E4	64	65	1615	148.398907	E4	64	104	
1625	298.614583	D5	74	80	1617	148.398907	D5	74	104	
1626	298.622917	G#4	68	50	*	-1	*	-1	-1	
1627	298.954167	C#7	97	92	1626	148.481552	C#7	97	105	
1628	298.959375	C#6	85	91	1624	148.481552	C#6	85	105	
1629	298.964583	C#5	73	86	1623	148.481552	C#5	73	105	
1630	298.966667	A6	93	78	1625	148.481552	A6	93	105	
1631	298.971875	A4	69	71	1622	148.481552	A4	69	105	
1632	299.223958	B6	95	91	1632	148.564196	B6	95	106	
1633	299.228125	B5	83	91	1630	148.564196	B5	83	106	
1634	299.228125	G#6	92	88	1631	148.564196	G#6	92	106	
1635	299.237500	G#4	68	77	1628	148.564196	G#4	68	106	
1636	299.250000	B4	71	73	1629	148.564196	B4	71	106	
1637	299.552083	B6	95	93	1638	148.646841	B6	95	109	
1638	299.555208	G#4	68	74	1634	148.646841	G#4	68	110	
1639	299.557292	B5	83	93	1636	148.646841	B5	83	109	
1640	299.563542	B4	71	79	1635	148.646841	B4	71	110	
1641	299.568750	D6	86	82	1637	148.646841	D6	86	109	
1642	299.571875	E4	64	68	1633	148.646841	E4	64	110	
1643	299.860417	A6	93	96	1644	148.729485	A6	93	108	
1644	299.863542	A5	81	93	1642	148.729485	A5	81	108	
1645	299.867708	A4	69	75	1641	148.729485	A4	69	108	
1646	299.883333	F#4	66	70	1640	148.729485	F#4	66	108	
1647	300.131250	G#4	68	77	1646	148.812130	G#4	68	106	
1648	300.135417	E4	64	70	1645	148.812130	E4	64	106	
1649	300.135417	G#6	92	94	1649	148.812130	G#6	92	106	
1650	300.136458	G#5	80	91	1647	148.812130	G#5	80	106	
1651	300.175000	D6	86	57	1648	148.812130	D6	86	106	
1652	300.310417	E3	52	67	1650	148.894774	E3	52	104	
1653	300.404167	B3	59	36	*	-1	*	-1	-1	
1654	300.489583	G#5	80	94	1653	148.894774	G#5	80	105	
1655	300.492708	G#6	92	93	1655	148.894774	G#6	92	105	
1656	300.495833	D6	86	79	1654	148.894774	D6	86	105	
1657	300.514583	G#4	68	81	1652	148.894774	G#4	68	104	
1658	300.520833	B3	59	54	1651	148.894774	B3	59	104	
1659	300.855208	F#6	90	90	1661	148.977419	F#6	90	104	
1660	300.857292	F#5	78	97	1659	148.977419	F#5	78	104	
1661	300.870833	D6	86	74	1660	148.977419	D6	86	104	
1662	300.875000	F#4	66	67	1658	148.977419	F#4	66	102	
1663	300.893750	A3	57	56	1657	148.977419	A3	57	102	
1664	301.162500	E6	88	90	1667	149.060063	E6	88	103	
1665	301.165625	E5	76	83	1665	149.060063	E5	76	103	
1666	301.171875	E4	64	70	1664	149.060063	E4	64	101	
1667	301.176042	E3	52	61	1662	149.060063	E3	52	101	
1668	301.176042	D6	86	72	1666	149.060063	D6	86	103	
1669	301.191667	G#3	56	52	1663	149.060063	G#3	56	101	
1670	301.759375	F2	41	37	1668	149.142787	F2	41	63	
1671	301.852083	D5	74	65	1671	149.142787	D5	74	76	
1672	301.875000	G#4	68	42	1670	149.142787	G#4	68	63	
1673	301.878125	D4	62	51	1669	149.142787	D4	62	63	
1674	302.270833	B2	47	39	1672	149.206346	B2	47	63	
1675	302.414583	G#4	68	30	1674	149.227532	G#4	68	64	
1676	302.419792	D4	62	22	1673	149.227532	D4	62	64	
1677	302.546875	D3	50	43	1675	149.269827	D3	50	64	
1678	302.685417	G#4	68	46	1677	149.311149	G#4	68	65	
1679	302.690625	D4	62	37	1676	149.311149	D4	62	65	
1680	302.753125	F3	53	50	1678	149.331810	F3	53	65	
1681	302.959375	G#4	68	48	1681	149.393793	G#4	68	66	
1682	302.985417	B2	47	50	1679	149.393793	B2	47	66	
1683	302.985417	D4	62	42	1680	149.393793	D4	62	66	
1684	303.187500	D3	50	56	1682	149.455777	D3	50	66	
1685	303.216667	G#4	68	54	1684	149.476438	G#4	68	67	
1686	303.218750	D4	62	54	1683	149.476438	D4	62	67	
1687	303.223958	D5	74	50	*	-1	*	-1	-1	
1688	303.354167	D5	74	73	1686	149.517760	D5	74	76	
1689	303.384375	F3	53	60	1685	149.517760	F3	53	67	
1690	303.388542	D4	62	60	*	-1	*	-1	-1	
1691	303.391667	G#4	68	59	*	-1	*	-1	-1	
1692	303.573958	B3	59	59	1689	149.579743	B3	59	69	
1693	303.573958	D4	62	60	1687	149.559082	D4	62	68	
1694	303.613542	G#4	68	46	1688	149.559082	G#4	68	68	
1695	303.776042	C#5	73	81	1693	149.641727	C#5	73	79	
1696	303.795833	F3	53	57	1690	149.641727	F3	53	69	
1697	303.795833	G#4	68	53	1692	149.641727	G#4	68	69	
1698	303.813542	D4	62	52	1691	149.641727	D4	62	69	
1699	304.005208	G#3	56	59	1694	149.703710	G#3	56	68	
1700	304.067708	G#4	68	22	*	-1	*	-1	-1	
1701	304.171875	D5	74	81	1696	149.765694	D5	74	76	
1702	304.235417	C4	60	52	*	-1	*	-1	-1	
1703	304.237500	B3	59	56	1695	149.765694	B3	59	67	
1704	304.384375	D5	74	62	*	-1	*	-1	-1	
1705	304.388542	D4	62	57	1697	149.827677	D4	62	65	
1706	304.640625	F#5	78	64	*	-1	*	-1	-1	
1707	304.676042	E5	76	70	1700	149.889660	E5	76	73	
1708	304.695833	G#2	44	55	1699	149.889660	G#2	44	65	
1709	305.008333	D3	50	52	1701	149.951644	D3	50	64	
1710	305.295833	D5	74	64	1703	150.013627	D5	74	70	
1711	305.305208	F3	53	52	1702	150.013627	F3	53	64	
1712	305.568750	G#3	56	60	1704	150.075610	G#3	56	63	
1713	305.922917	C#5	73	91	1711	150.137594	C#5	73	100	
1714	305.928125	B2	47	74	1706	150.137594	B2	47	100	
1715	305.933333	D3	50	69	1707	150.137594	D3	50	100	
1716	305.933333	G#4	68	81	1710	150.137594	G#4	68	100	
1717	305.936458	F2	41	75	1705	150.137594	F2	41	100	
1718	305.937500	F3	53	84	1708	150.137594	F3	53	100	
1719	305.943750	D4	62	70	1709	150.137594	C#4	61	100	
1720	306.398958	D5	74	84	1713	150.220238	D5	74	101	
1721	306.402083	D4	62	71	1712	150.220238	D4	62	101	
1722	306.751042	D7	98	93	1719	150.302883	D7	98	102	
1723	306.755208	D6	86	88	1717	150.302883	D6	86	102	
1724	306.755208	B6	95	88	1718	150.302883	B6	95	102	
1725	306.756250	B4	71	78	1715	150.302883	B4	71	102	
1726	306.759375	D5	74	79	1716	150.302883	D5	74	102	
1727	307.183333	D7	98	93	1725	150.385527	D7	98	104	
1728	307.185417	B6	95	87	1724	150.385527	B6	95	104	
1729	307.187500	D6	86	93	1723	150.385527	D6	86	104	
1730	307.207292	B4	71	75	1721	150.385527	B4	71	104	
1731	307.216667	D5	74	67	1722	150.385527	D5	74	104	
1732	307.218750	F4	65	55	1720	150.385527	F4	65	104	
1733	307.536458	C#5	73	87	1728	150.468172	C#5	73	105	
1734	307.537500	C#7	97	88	1731	150.468172	C#7	97	105	
1735	307.541667	C#6	85	92	1729	150.468172	C#6	85	105	
1736	307.542708	Bb6	94	81	1730	150.468172	Bb6	94	105	
1737	307.544792	Bb4	70	78	1727	150.468172	Bb4	70	105	
1738	307.813542	B6	95	90	1737	150.550816	B6	95	106	
1739	307.817708	B5	83	90	1735	150.550816	B5	83	106	
1740	307.821875	G#6	92	84	1736	150.550816	G#6	92	106	
1741	307.823958	G#4	68	76	1733	150.550816	G#4	68	106	
1742	307.826042	B4	71	79	1734	150.550816	B4	71	106	
1743	308.122917	B6	95	95	1743	150.633487	B6	95	109	
1744	308.125000	B5	83	96	1741	150.633487	B5	83	109	
1745	308.131250	G#4	68	82	1739	150.633487	G#4	68	109	
1746	308.133333	B4	71	90	1740	150.633487	B4	71	109	
1747	308.136458	F4	65	75	1738	150.633487	F4	65	109	
1748	308.143750	D6	86	81	1742	150.633487	D6	86	109	
1749	308.433333	Bb6	94	95	1749	150.716820	Bb6	94	109	
1750	308.438542	Bb5	82	93	1747	150.716820	Bb5	82	109	
1751	308.440625	Bb4	70	77	1746	150.716820	Bb4	70	108	
1752	308.443750	F#4	66	69	1745	150.716820	F#4	66	108	
1753	308.714583	G#4	68	82	1751	150.799783	G#4	68	108	
1754	308.722917	G#5	80	95	1752	150.799783	G#5	80	108	
1755	308.723958	F4	65	64	1750	150.799783	F4	65	108	
1756	308.723958	G#6	92	89	1754	150.799783	G#6	92	108	
1757	308.758333	D6	86	61	1753	150.799783	D6	86	108	
1758	308.911458	F3	53	58	1755	150.882428	F3	53	107	
1759	309.073958	G#5	80	98	1758	150.882428	G#5	80	107	
1760	309.073958	G#6	92	96	1760	150.882428	G#6	92	107	
1761	309.076042	B3	59	66	1756	150.882428	B3	59	107	
1762	309.079167	G#4	68	89	1757	150.882428	G#4	68	107	
1763	309.081250	D6	86	83	1759	150.882428	D6	86	107	
1764	309.459375	F#6	90	94	1766	150.965072	F#6	90	106	
1765	309.463542	F#5	78	102	1764	150.965072	F#5	78	106	
1766	309.483333	F#4	66	87	1763	150.965072	F#4	66	106	
1767	309.487500	Bb3	58	71	1762	150.965072	Bb3	58	106	
1768	309.493750	D6	86	65	1765	150.965072	D6	86	106	
1769	309.864583	F4	65	85	1769	151.047717	F4	65	105	
1770	309.868750	F6	89	95	1772	151.047717	F6	89	105	
1771	309.872917	F5	77	93	1770	151.047717	F5	77	105	
1772	309.873958	G#3	56	76	1768	151.047717	G#3	56	105	
1773	309.876042	D6	86	85	1771	151.047717	D6	86	105	
1774	309.881250	F3	53	64	1767	151.047717	F3	53	105	
1775	310.030208	Bb5	82	51	*	-1	*	-1	-1	
1776	310.256250	G#6	92	98	1779	151.130361	G#6	92	104	
1777	310.258333	B5	83	90	1777	151.130361	B5	83	104	
1778	310.261458	Eb2	39	83	*	-1	*	-1	-1	
1779	310.261458	G#5	80	93	1776	151.130361	G#5	80	104	
1780	310.264583	Eb3	51	87	1774	151.130361	Eb3	51	104	
1781	310.264583	F#3	54	93	1775	151.130361	F#3	54	104	
1782	310.264583	Eb6	87	89	1778	151.130361	Eb6	87	104	
1783	310.265625	F#2	42	84	*	-1	*	-1	-1	
1784	310.266667	B2	47	77	1773	151.109700	B2	47	104	
1785	310.740625	F#3	54	72	1780	151.192344	F#3	54	104	
1786	311.042708	F#6	90	97	1785	151.254328	F#6	90	103	
1787	311.045833	F#5	78	96	1782	151.254328	F#5	78	103	
1788	311.052083	B5	83	83	1783	151.254328	B5	83	103	
1789	311.055208	Eb6	87	80	1784	151.254328	Eb6	87	103	
1790	311.056250	B3	59	78	1781	151.254328	B3	59	103	
1791	311.320833	Eb4	63	87	1786	151.316311	Eb4	63	103	
1792	311.813542	B4	71	91	1787	151.378295	G#4	68	102	
1793	312.303125	Eb6	87	97	1789	151.440278	Eb6	87	101	
1794	312.305208	Eb5	75	89	1788	151.440278	Eb5	75	101	
1795	312.709375	Eb4	63	76	1791	151.502261	Eb4	63	101	
1796	312.713542	F#3	54	60	1790	151.502261	F#3	54	101	
1797	312.713542	Eb5	75	93	1792	151.502261	Eb5	75	101	
1798	312.713542	Eb6	87	93	1793	151.502261	Eb6	87	101	
1799	312.994792	B5	83	91	1795	151.564245	B5	83	100	
1800	312.995833	B4	71	91	1794	151.564245	B4	71	100	
1801	313.112500	F#2	42	70	1796	151.584906	F#2	42	100	
1802	313.229167	C#3	49	65	1797	151.605567	C#3	49	100	
1803	313.348958	Bb3	58	77	1798	151.626228	Bb3	58	100	
1804	313.352083	F#6	90	95	1802	151.626228	F#6	90	99	
1805	313.364583	F#5	78	84	1799	151.626228	F#5	78	99	
1806	313.369792	C#6	85	81	1801	151.626228	C#6	85	99	
1807	313.373958	Bb5	82	77	1800	151.626228	Bb5	82	99	
1808	313.493750	C#3	49	58	*	-1	*	-1	-1	
1809	313.714583	F#3	54	72	1803	151.688211	F#3	54	99	
1810	314.026042	E6	88	89	1808	151.750195	E6	88	98	
1811	314.030208	E5	76	89	1805	151.750195	E5	76	98	
1812	314.034375	C#6	85	77	1807	151.750195	C#6	85	98	
1813	314.037500	Bb3	58	63	1804	151.750195	Bb3	58	99	
1814	314.052083	Bb5	82	64	1806	151.750195	Bb5	82	98	
1815	314.346875	C#4	61	80	1809	151.812178	C#4	61	98	
1816	314.881250	Bb4	70	83	1810	151.874162	Bb4	70	98	
1817	315.373958	C#6	85	96	1812	151.936145	C#6	85	96	
1818	315.380208	C#5	73	82	1811	151.936145	C#5	73	96	
1819	315.885417	C#6	85	90	1816	151.998128	C#6	85	96	
1820	315.893750	C#5	73	82	1815	151.998128	C#5	73	96	
1821	315.914583	E4	64	62	1814	151.998128	E4	64	96	
1822	315.916667	F#3	54	65	1813	151.998128	F#3	54	96	
1823	316.254167	Bb5	82	87	1818	152.060112	Bb5	82	96	
1824	316.263542	Bb4	70	79	1817	152.060112	Bb4	70	96	
1825	316.289583	C#4	61	44	*	-1	*	-1	-1	
1826	316.291667	G#5	80	55	*	-1	*	-1	-1	
1827	316.405208	F#2	42	48	1819	152.080773	F#2	42	92	
1828	316.509375	C#3	49	58	1820	152.101434	C#3	49	92	
1829	316.672917	F#5	78	87	1822	152.122121	F#5	78	92	
1830	316.683333	Bb3	58	63	1821	152.122121	Bb3	58	92	
1831	317.122917	E5	76	71	1823	152.184621	E5	76	89	
1832	317.478125	C#5	73	81	1824	152.247095	C#5	73	86	
1833	317.802083	Bb4	70	77	1825	152.309078	Bb4	70	83	
1834	318.115625	F#4	66	69	1826	152.371062	F#4	66	80	
1835	318.412500	E4	64	67	1827	152.433045	E4	64	77	
1836	318.725000	C#4	61	64	1828	152.495029	C#4	61	74	
1837	319.015625	Bb3	58	55	1829	152.557012	Bb3	58	71	
1838	319.328125	F#3	54	55	1830	152.618995	F#3	54	68	
1839	319.628125	E3	52	59	1831	152.680979	E3	52	65	
1840	319.954167	C#3	49	54	1832	152.742962	C#3	49	62	
1841	320.343750	Bb2	46	53	1833	152.804945	Bb2	46	59	
1842	320.786458	F#2	42	49	1834	152.866929	F#2	42	56	
1843	321.277083	E2	40	39	1835	152.949573	E2	40	52	
1844	321.795833	C#2	37	39	1836	153.032218	C#2	37	48	
1845	322.620833	Bb1	34	36	1837	153.114862	Bb1	34	44	
1846	325.092708	G1	31	30	1838	153.610755	G1	31	38	
1847	328.305208	F#1	30	28	1839	154.107630	F#1	30	31	
*	-1	*	-1	-1	98	31.255489	G4	67	45	
*	-1	*	-1	-1	104	31.756548	Bb4	70	47	
*	-1	*	-1	-1	106	31.756548	G5	79	47	
*	-1	*	-1	-1	125	34.758667	Bb4	70	46	
*	-1	*	-1	-1	139	35.758667	F5	77	50	
*	-1	*	-1	-1	168	41.259643	E5	76	59	
*	-1	*	-1	-1	211	50.246818	B3	59	35	
*	-1	*	-1	-1	225	51.747877	B5	83	30	
*	-1	*	-1	-1	242	53.748937	B5	83	31	
*	-1	*	-1	-1	260	55.757465	B5	83	29	
*	-1	*	-1	-1	316	63.727555	E6	88	32	
*	-1	*	-1	-1	360	68.937136	Bb4	70	32	
*	-1	*	-1	-1	439	74.348570	G#5	80	43	
*	-1	*	-1	-1	448	74.836374	Bb5	82	44	
*	-1	*	-1	-1	450	75.080276	G3	55	50	
*	-1	*	-1	-1	475	76.805960	G5	79	42	
*	-1	*	-1	-1	531	85.009380	E5	76	33	
*	-1	*	-1	-1	534	85.497184	D5	74	31	
*	-1	*	-1	-1	538	85.985117	C#5	73	29	
*	-1	*	-1	-1	552	88.040710	G3	55	50	
*	-1	*	-1	-1	676	104.470783	E5	76	23	
*	-1	*	-1	-1	677	104.470783	G5	79	23	
*	-1	*	-1	-1	716	107.910967	D5	74	48	
*	-1	*	-1	-1	749	109.922812	G#5	80	51	
*	-1	*	-1	-1	761	110.886302	Bb2	46	48	
*	-1	*	-1	-1	779	111.871325	Bb2	46	62	
*	-1	*	-1	-1	793	112.402467	Bb4	70	58	
*	-1	*	-1	-1	795	112.402467	G5	79	54	
*	-1	*	-1	-1	825	114.399875	Bb4	70	63	
*	-1	*	-1	-1	828	114.661116	Eb5	75	67	
*	-1	*	-1	-1	856	116.400292	Bb3	58	73	
*	-1	*	-1	-1	859	116.400292	G#5	80	74	
*	-1	*	-1	-1	860	116.400292	Bb5	82	74	
*	-1	*	-1	-1	864	116.775292	Bb1	34	74	
*	-1	*	-1	-1	885	117.939351	G5	79	81	
*	-1	*	-1	-1	892	118.435218	Bb4	70	83	
*	-1	*	-1	-1	910	119.420904	Bb5	82	87	
*	-1	*	-1	-1	926	120.412638	E5	76	92	
*	-1	*	-1	-1	949	121.634114	F#3	54	96	
*	-1	*	-1	-1	950	121.634114	A3	57	96	
*	-1	*	-1	-1	951	121.634114	D4	62	96	
*	-1	*	-1	-1	973	122.833298	D3	50	94	
*	-1	*	-1	-1	1120	133.403386	F#3	54	107	
*	-1	*	-1	-1	1146	134.175742	F#3	54	88	
*	-1	*	-1	-1	1147	134.175742	C#4	61	88	
*	-1	*	-1	-1	1160	135.232651	B1	35	40	
*	-1	*	-1	-1	1161	135.232651	B2	47	40	
*	-1	*	-1	-1	1264	138.410166	B4	71	82	
*	-1	*	-1	-1	1312	139.797816	D4	62	84	
*	-1	*	-1	-1	1324	140.001068	F4	65	84	
*	-1	*	-1	-1	1335	140.369995	F3	53	62	
*	-1	*	-1	-1	1366	141.113796	B5	83	106	
*	-1	*	-1	-1	1382	141.527018	F#4	66	100	
*	-1	*	-1	-1	1389	141.609663	Bb5	82	99	
*	-1	*	-1	-1	1396	141.777657	Bb5	82	97	
*	-1	*	-1	-1	1404	142.031895	E4	64	94	
*	-1	*	-1	-1	1430	143.435019	F3	53	48	
*	-1	*	-1	-1	1454	144.344108	C#3	49	80	
*	-1	*	-1	-1	1456	144.344108	Eb4	63	80	
*	-1	*	-1	-1	1458	144.344108	B5	83	80	
*	-1	*	-1	-1	1460	144.426753	C#3	49	82	
*	-1	*	-1	-1	1461	144.426753	B3	59	82	
*	-1	*	-1	-1	1464	144.426753	B5	83	82	
*	-1	*	-1	-1	1467	144.550720	C#4	61	83	
*	-1	*	-1	-1	1469	144.550720	Bb5	82	84	
*	-1	*	-1	-1	1475	144.674712	Bb5	82	89	
*	-1	*	-1	-1	1478	144.799686	B3	59	84	
*	-1	*	-1	-1	1480	144.799686	G#5	80	86	
*	-1	*	-1	-1	1486	144.923653	G#5	80	83	
*	-1	*	-1	-1	1489	145.047620	G#3	56	80	
*	-1	*	-1	-1	1491	145.047620	F5	77	81	
*	-1	*	-1	-1	1512	145.915387	B3	59	58	
*	-1	*	-1	-1	1519	146.163399	D6	86	86	
*	-1	*	-1	-1	1523	146.248145	Eb6	87	87	
*	-1	*	-1	-1	1524	146.331762	Eb4	63	88	
*	-1	*	-1	-1	1534	146.414406	B6	95	89	
*	-1	*	-1	-1	1542	146.662340	G#4	68	94	
*	-1	*	-1	-1	1550	146.786306	Eb6	87	93	
*	-1	*	-1	-1	1583	147.571429	G#4	68	68	
*	-1	*	-1	-1	1593	147.861718	F5	77	77	
*	-1	*	-1	-1	1609	148.316263	E4	64	102	
*	-1	*	-1	-1	1611	148.316263	D5	74	102	
*	-1	*	-1	-1	1621	148.481552	E4	64	105	
*	-1	*	-1	-1	1627	148.564196	E4	64	106	
*	-1	*	-1	-1	1639	148.729485	E4	64	108	
*	-1	*	-1	-1	1643	148.729485	D6	86	108	
*	-1	*	-1	-1	1656	148.977419	E3	52	102	
*	-1	*	-1	-1	1714	150.302883	F4	65	102	
*	-1	*	-1	-1	1726	150.468172	F4	65	105	
*	-1	*	-1	-1	1732	150.550816	F4	65	106	
*	-1	*	-1	-1	1744	150.716820	F4	65	108	
*	-1	*	-1	-1	1748	150.716820	D6	86	109	
*	-1	*	-1	-1	1761	150.965072	F3	53	106	
*	-1	*	-1	-1	180	45.757399	Bb2	46	42	
*	-1	*	-1	-1	430	73.853407	F5	77	41	
*	-1	*	-1	-1	721	107.953340	Bb5	82	48	
*	-1	*	-1	-1	849	115.900783	G#5	80	72	
*	-1	*	-1	-1	850	115.900783	Bb5	82	72	
*	-1	*	-1	-1	935	120.861757	D2	38	97	
*	-1	*	-1	-1	983	123.610552	D4	62	93	
*	-1	*	-1	-1	1158	134.378994	C#5	73	81	
*	-1	*	-1	-1	1157	134.378994	Bb4	70	81	
*	-1	*	-1	-1	1156	134.378994	F#4	66	81	
*	-1	*	-1	-1	1152	134.318018	F#2	42	81	
*	-1	*	-1	-1	1162	135.232651	Eb3	51	40	
*	-1	*	-1	-1	1474	144.674712	C#5	73	89	
*	-1	*	-1	-1	1473	144.674712	C#4	61	86	
*	-1	*	-1	-1	1483	144.923653	G#3	56	82	
*	-1	*	-1	-1	1482	144.923653	C#3	49	82	
*	-1	*	-1	-1	1698	149.848338	F5	77	74	
