// alignID alignOntime alignSitch alignPitch alignOnvel refID refOntime refSitch refPitch refOnvel
0	1211.166667	F2	41	38	0	0.999999	F2	41	56	
1	1211.544792	C3	48	38	1	1.203282	C3	48	55	
2	1211.792708	G#3	56	42	3	1.385399	G#3	56	60	
3	1211.794792	F4	65	51	2	1.379652	F4	65	60	
4	1211.942708	C3	48	44	4	1.553467	C3	48	58	
5	1212.046875	Bb3	58	56	6	1.708945	Bb3	58	58	
6	1212.076042	G4	67	58	5	1.708945	G4	67	61	
7	1212.216667	C3	48	37	7	1.865250	C3	48	55	
8	1212.305208	F2	41	57	8	2.016291	F2	41	56	
9	1212.463542	C3	48	53	9	2.162125	C3	48	58	
10	1212.671875	G#4	68	73	10	2.323583	G#4	68	62	
11	1212.677083	C4	60	57	11	2.323583	C4	60	56	
12	1212.803125	F3	53	34	12	2.490250	C3	48	57	
13	1212.885417	C#4	61	56	13	2.630875	C#4	61	56	
14	1212.930208	Bb4	70	74	14	2.641291	Bb4	70	63	
15	1213.015625	C3	48	56	15	2.792333	C3	48	54	
16	1213.138542	F2	41	65	16	2.959000	F2	41	58	
17	1213.265625	C3	48	58	17	3.099625	C3	48	60	
18	1213.433333	C5	72	82	19	3.281916	C5	72	67	
19	1213.464583	C4	60	60	18	3.261083	C4	60	62	
20	1213.576042	C3	48	60	20	3.417333	C3	48	62	
21	1213.693750	Bb3	58	68	21	3.568375	Bb3	58	63	
22	1213.696875	C#5	73	90	22	3.589208	C#5	73	73	
23	1213.764583	C3	48	50	23	3.729833	C3	48	66	
24	1213.935417	C5	72	90	24	3.896500	C5	72	79	
25	1213.936458	F2	41	59	25	3.896500	F2	41	70	
26	1213.936458	C4	60	57	*	-1	*	-1	-1	
27	1214.091667	C3	48	56	26	4.042333	C3	48	71	
28	1214.284375	G#5	80	89	27	4.188166	G#5	80	80	
29	1214.285417	G#3	56	57	28	4.209000	G#3	56	72	
30	1214.292708	G#4	68	63	*	-1	*	-1	-1	
31	1214.386458	C3	48	56	29	4.349625	C3	48	73	
32	1214.526042	Bb3	58	71	30	4.511083	Bb3	58	74	
33	1214.534375	G5	79	92	31	4.521500	G5	79	85	
34	1214.652083	C3	48	60	32	4.656916	C3	48	75	
35	1214.773958	F2	41	67	34	4.823583	F2	41	77	
36	1214.777083	F5	77	88	33	4.802750	F5	77	87	
37	1214.905208	C3	48	62	35	4.979833	C3	48	71	
38	1214.994792	C5	72	89	36	5.110041	C5	72	87	
39	1215.036458	G#3	56	68	37	5.146500	G#3	56	74	
40	1215.136458	C3	48	68	38	5.297541	C3	48	73	
41	1215.235417	C#5	73	91	39	5.443375	C#5	73	86	
42	1215.255208	Bb3	58	71	40	5.448583	Bb3	58	73	
43	1215.389583	C3	48	41	41	5.604833	C3	48	71	
44	1215.464583	C5	72	86	42	5.771500	C5	72	86	
45	1215.469792	F2	41	63	43	5.776708	F2	41	74	
46	1215.596875	C3	48	51	44	5.927750	C3	48	74	
47	1215.703125	G#4	68	87	45	6.078791	G#4	68	84	
48	1215.735417	G#3	56	58	46	6.084000	G#3	56	74	
49	1215.859375	C3	48	54	47	6.229833	C3	48	73	
50	1215.954167	F4	65	79	48	6.391291	F4	65	82	
51	1215.963542	C4	60	65	49	6.401708	C4	60	74	
52	1216.114583	C3	48	57	50	6.552750	C3	48	77	
53	1216.280208	C4	60	74	52	6.735041	C4	60	85	
54	1216.311458	F2	41	58	51	6.709000	F2	41	77	
55	1216.458333	C3	48	53	53	6.865250	C3	48	75	
56	1216.551042	G3	55	60	54	7.026708	G3	55	74	
57	1216.654167	C3	48	59	55	7.177750	C3	48	72	
58	1216.761458	G#3	56	70	56	7.339208	G#3	56	72	
59	1216.910417	C3	48	53	57	7.490250	C3	48	72	
60	1217.004167	F2	41	64	58	7.646500	F2	41	74	
61	1217.128125	C3	48	55	59	7.802750	C3	48	72	
62	1217.286458	Bb3	58	67	60	7.959000	Bb3	58	69	
63	1217.425000	C3	48	51	61	8.115250	C3	48	64	
64	1217.573958	G3	55	57	62	8.271500	G3	55	59	
65	1217.742708	C3	48	40	63	8.417333	C3	48	54	
66	1217.933333	F2	41	51	64	8.589208	F2	41	50	
67	1218.206250	C3	48	43	65	8.740250	C3	48	45	
68	1218.426042	F4	65	52	66	8.886083	F4	65	64	
69	1218.432292	G#3	56	50	67	8.901708	G#3	56	53	
70	1218.577083	C3	48	53	68	9.047541	C3	48	48	
71	1218.695833	Bb3	58	55	69	9.209000	Bb3	58	54	
72	1218.695833	G4	67	61	70	9.214208	G4	67	65	
73	1218.791667	C3	48	58	71	9.365250	C3	48	50	
74	1218.906250	F2	41	61	72	9.521500	F2	41	54	
75	1219.035417	C3	48	59	73	9.677750	C3	48	49	
76	1219.185417	G#4	68	71	75	9.849625	G#4	68	66	
77	1219.202083	C4	60	66	74	9.834000	C4	60	55	
78	1219.333333	C3	48	49	76	9.995458	C3	48	50	
79	1219.415625	C#4	61	63	77	10.146500	C#4	61	56	
80	1219.426042	Bb4	70	73	78	10.156916	Bb4	70	65	
81	1219.519792	C3	48	63	79	10.302750	C3	48	49	
82	1219.639583	F2	41	74	80	10.464208	F2	41	56	
83	1219.747917	C3	48	51	81	10.615250	C3	48	61	
84	1219.922917	C5	72	86	83	10.787125	C5	72	65	
85	1219.925000	C4	60	74	82	10.771500	C4	60	61	
86	1220.036458	C3	48	67	84	10.917333	C3	48	61	
87	1220.164583	Bb3	58	72	85	11.084000	Bb3	58	59	
88	1220.167708	C#5	73	91	86	11.089208	C#5	73	71	
89	1220.244792	C3	48	61	87	11.240250	C3	48	58	
90	1220.433333	F2	41	59	89	11.401708	F2	41	62	
91	1220.441667	C5	72	86	88	11.401708	C5	72	76	
92	1220.603125	C3	48	53	90	11.563166	C3	48	61	
93	1220.813542	C6	84	85	91	11.709000	C6	84	81	
94	1220.821875	G#3	56	57	92	11.719416	G#3	56	63	
95	1220.932292	C3	48	37	93	11.870458	C3	48	67	
96	1221.065625	C4	60	69	95	12.026708	C4	60	67	
97	1221.065625	G#5	80	91	94	12.021500	G#5	80	82	
98	1221.178125	C3	48	44	96	12.167333	C3	48	67	
99	1221.329167	G5	79	93	98	12.339208	G5	79	87	
100	1221.331250	F2	41	68	97	12.334000	F2	41	74	
101	1221.452083	C3	48	62	99	12.490250	C3	48	79	
102	1221.562500	C5	72	90	101	12.656916	C5	72	86	
103	1221.598958	Bb3	58	74	100	12.651708	Bb3	58	69	
104	1221.680208	C3	48	66	102	12.807958	C3	48	79	
105	1221.794792	C#5	73	93	103	12.953791	C#5	73	84	
106	1221.829167	G3	55	65	104	12.964208	G3	55	67	
107	1221.936458	C3	48	48	105	13.120458	C3	48	76	
108	1222.030208	C5	72	89	106	13.271500	C5	72	86	
109	1222.057292	F2	41	63	107	13.276708	F2	41	78	
110	1222.175000	C3	48	57	108	13.432958	C3	48	76	
111	1222.301042	G4	67	92	109	13.578791	G4	67	83	
112	1222.344792	Bb3	58	65	110	13.589208	Bb3	58	68	
113	1222.446875	C3	48	61	111	13.740250	C3	48	76	
114	1222.584375	G3	55	65	112	13.901708	G3	55	54	
115	1222.584375	C4	60	87	113	13.912125	C4	60	79	
116	1222.713542	C3	48	58	114	14.052750	C3	48	68	
117	1222.894792	F2	41	63	*	-1	*	-1	-1	
118	1222.989583	F2	41	65	116	14.220458	F2	41	72	
119	1222.989583	F4	65	85	115	14.220458	F4	65	87	
120	1223.143750	B2	47	60	117	14.382128	B2	47	73	
121	1223.143750	G4	67	90	118	14.398982	G4	67	88	
122	1223.250000	G#3	56	74	119	14.556922	G#3	56	78	
123	1223.284375	G#4	68	93	120	14.591012	G#4	68	96	
124	1223.384375	B2	47	77	121	14.722279	B2	47	82	
125	1223.529167	C#4	61	76	122	14.883664	C#4	61	85	
126	1223.641667	B2	47	68	123	15.070323	B2	47	85	
127	1223.803125	F2	41	70	124	15.253373	F2	41	90	
128	1223.935417	B2	47	60	125	15.426635	B2	47	87	
129	1224.109375	G#3	56	59	126	15.608016	G#3	56	83	
130	1224.253125	B2	47	55	127	15.773136	B2	47	80	
131	1224.539583	C#4	61	55	128	15.971243	C#4	61	78	
132	1224.768750	B2	47	48	129	16.146243	B2	47	69	
133	1225.305208	F2	41	47	130	16.346243	F2	41	57	
134	1225.666667	C3	48	32	131	16.527698	C3	48	59	
135	1225.964583	F4	65	41	132	16.694183	F4	65	69	
136	1225.994792	G#3	56	44	133	16.694183	G#3	56	63	
137	1226.260417	Bb3	58	42	136	17.006904	Bb3	58	59	
138	1226.263542	G4	67	46	135	16.991279	G4	67	72	
139	1226.367708	C3	48	42	137	17.152738	C3	48	55	
140	1226.477083	F2	41	58	138	17.319404	F2	41	55	
141	1226.622917	C3	48	51	139	17.475654	C3	48	54	
142	1226.761458	G#4	68	64	141	17.647529	G#4	68	67	
143	1226.782292	C4	60	56	140	17.631904	C4	60	56	
144	1226.907292	C3	48	47	142	17.788154	C3	48	56	
145	1227.032292	Bb4	70	69	144	17.960029	Bb4	70	73	
146	1227.035417	C#4	61	52	143	17.933988	C#4	61	56	
147	1227.037500	F3	53	39	*	-1	*	-1	-1	
148	1227.136458	C3	48	62	145	18.095446	C3	48	57	
149	1227.269792	F2	41	63	146	18.262113	F2	41	57	
150	1227.388542	C3	48	51	147	18.413154	C3	48	58	
151	1227.532292	C5	72	77	148	18.574613	C5	72	73	
152	1227.558333	C4	60	53	149	18.574613	C4	60	61	
153	1227.683333	C3	48	43	150	18.725654	C3	48	62	
154	1227.781250	C#5	73	81	152	18.902738	C#5	73	79	
155	1227.792708	Bb3	58	57	151	18.881904	Bb3	58	62	
156	1227.888542	C3	48	53	153	19.038154	C3	48	64	
157	1228.062500	C5	72	67	155	19.210029	C5	72	79	
158	1228.083333	F2	41	48	154	19.199613	F2	41	64	
159	1228.228125	C3	48	47	156	19.355863	C3	48	65	
160	1228.432292	G#5	80	66	158	19.527738	G#5	80	79	
161	1228.437500	G#3	56	49	157	19.512113	G#3	56	66	
162	1228.443750	G#4	68	48	*	-1	*	-1	-1	
163	1228.553125	C3	48	45	159	19.657946	C3	48	68	
164	1228.723958	Bb3	58	53	161	19.819404	Bb3	58	68	
165	1228.761458	G5	79	77	160	19.819404	G5	79	84	
166	1228.853125	C3	48	47	162	19.965238	C3	48	66	
167	1229.011458	F5	77	75	164	20.137113	F5	77	83	
168	1229.014583	F2	41	57	163	20.131904	F2	41	63	
169	1229.166667	C3	48	45	165	20.288154	C3	48	66	
170	1229.254167	C5	72	77	167	20.460029	C5	72	76	
171	1229.292708	G#3	56	57	166	20.444404	G#3	56	63	
172	1229.386458	C3	48	54	168	20.600654	C3	48	64	
173	1229.483333	C#5	73	75	169	20.756904	C#5	73	79	
174	1229.515625	Bb3	58	58	170	20.756904	Bb3	58	61	
175	1229.612500	C3	48	52	171	20.902738	C3	48	62	
176	1229.754167	C5	72	72	172	21.069404	C5	72	83	
177	1229.755208	F2	41	58	173	21.074613	F2	41	63	
178	1229.911458	C3	48	50	174	21.236071	C3	48	67	
179	1230.005208	G#4	68	76	175	21.387113	G#4	68	83	
180	1230.036458	G#3	56	55	176	21.392321	G#3	56	67	
181	1230.152083	C3	48	56	177	21.538154	C3	48	65	
182	1230.289583	F4	65	62	179	21.725654	F4	65	79	
183	1230.303125	C4	60	54	178	21.699613	C4	60	71	
184	1230.447917	C3	48	50	180	21.850654	C3	48	68	
185	1230.676042	C4	60	55	182	22.032946	C4	60	93	
186	1230.680208	F2	41	52	181	22.012113	F2	41	75	
187	1230.854167	C3	48	47	183	22.173571	C3	48	69	
188	1230.964583	G3	55	58	184	22.329821	G3	55	79	
189	1231.076042	C3	48	55	185	22.480863	C3	48	73	
190	1231.204167	G#3	56	59	186	22.637113	G#3	56	76	
191	1231.341667	C3	48	49	187	22.793363	C3	48	63	
192	1231.445833	F2	41	51	188	22.949613	F2	41	77	
193	1231.578125	C3	48	45	189	23.111071	C3	48	77	
194	1231.761458	Bb3	58	54	190	23.262113	Bb3	58	75	
195	1231.896875	C3	48	43	191	23.418363	C3	48	72	
196	1232.060417	G3	55	48	192	23.574613	G3	55	70	
197	1232.223958	C3	48	42	193	23.730863	C3	48	69	
198	1232.461458	F2	41	46	194	23.881904	F2	41	51	
199	1232.748958	C3	48	37	195	24.043363	C3	48	52	
200	1232.973958	F4	65	42	197	24.204821	F4	65	61	
201	1233.031250	G#3	56	30	196	24.199613	G#3	56	53	
202	1233.112500	C3	48	43	198	24.350654	C3	48	56	
203	1233.258333	G4	67	49	200	24.512113	G4	67	63	
204	1233.264583	Bb3	58	36	199	24.506904	Bb3	58	57	
205	1233.359375	C3	48	44	201	24.652738	C3	48	57	
206	1233.461458	F2	41	54	202	24.824613	F2	41	55	
207	1233.582292	C3	48	55	203	24.980863	C3	48	54	
208	1233.737500	G#4	68	68	205	25.168363	G#4	68	59	
209	1233.764583	C4	60	42	204	25.137113	C4	60	52	
210	1233.889583	C3	48	50	206	25.288154	C3	48	55	
211	1233.987500	Bb4	70	74	208	25.470446	Bb4	70	60	
212	1233.989583	C#4	61	55	207	25.454821	C#4	61	54	
213	1234.110417	C3	48	58	209	25.605863	C3	48	57	
214	1234.223958	F2	41	67	210	25.751696	F2	41	54	
215	1234.348958	C3	48	55	211	25.918363	C3	48	56	
216	1234.503125	C5	72	79	213	26.085029	C5	72	62	
217	1234.525000	F2	41	47	*	-1	*	-1	-1	
218	1234.525000	C4	60	54	212	26.074613	C4	60	58	
219	1234.626042	C3	48	52	214	26.225654	C3	48	58	
220	1234.763542	Bb3	58	60	216	26.381904	Bb3	58	60	
221	1234.764583	C#5	73	78	215	26.381904	C#5	73	65	
222	1234.854167	C3	48	53	217	26.538154	C3	48	62	
223	1234.963542	Bb3	58	45	*	-1	*	-1	-1	
224	1235.078125	C5	72	69	218	26.689196	C5	72	71	
225	1235.086458	F2	41	51	219	26.699613	F2	41	65	
226	1235.286458	C3	48	34	220	26.855863	C3	48	69	
227	1235.526042	C6	84	53	222	27.022529	C6	84	75	
228	1235.532292	G#3	56	46	221	27.012113	G#3	56	69	
229	1235.550000	C5	72	36	*	-1	*	-1	-1	
230	1235.716667	C3	48	41	223	27.163154	C3	48	69	
231	1235.912500	C4	60	47	225	27.319404	C4	60	72	
232	1235.914583	G#5	80	65	224	27.319404	G#5	80	84	
233	1236.077083	C3	48	51	226	27.465238	C3	48	75	
234	1236.237500	G5	79	70	227	27.621488	G5	79	90	
235	1236.263542	F2	41	59	228	27.626696	F2	41	75	
236	1236.414583	C3	48	52	229	27.777738	C3	48	79	
237	1236.561458	C5	72	73	230	27.928779	C5	72	90	
238	1236.594792	Bb3	58	56	231	27.944404	Bb3	58	79	
239	1236.703125	C3	48	51	232	28.095446	C3	48	76	
240	1236.822917	C#5	73	69	233	28.241279	C#5	73	90	
241	1236.885417	G3	55	46	234	28.256904	G3	55	74	
242	1237.004167	C3	48	51	235	28.413154	C3	48	71	
243	1237.167708	C5	72	67	236	28.548571	C5	72	86	
244	1237.202083	F2	41	45	237	28.574613	F2	41	73	
245	1237.372917	C3	48	45	238	28.730863	C3	48	79	
246	1237.505208	G4	67	59	239	28.861071	G4	67	87	
247	1237.576042	Bb3	58	53	240	28.887113	Bb3	58	83	
248	1237.696875	C3	48	48	241	29.038154	C3	48	82	
249	1237.894792	C4	60	55	242	29.194404	C4	60	89	
250	1237.941667	G3	55	42	243	29.199613	G3	55	83	
251	1238.088542	C3	48	42	244	29.350654	C3	48	76	
252	1238.493750	F2	41	39	246	29.512113	F2	41	79	
253	1238.494792	F4	65	42	245	29.512113	F4	65	100	
254	1238.792708	C3	48	42	247	29.668363	C3	48	82	
255	1239.037500	G#3	56	49	248	29.824613	G#3	56	73	
256	1239.166667	C3	48	42	249	29.975654	C3	48	79	
257	1239.343750	C4	60	47	250	30.131904	C4	60	72	
258	1239.472917	C3	48	35	251	30.288154	C3	48	77	
259	1239.648958	F2	41	44	252	30.444404	F2	41	77	
260	1239.836458	C3	48	40	253	30.600654	C3	48	76	
261	1240.000000	G#3	56	49	254	30.756904	G#3	56	70	
262	1240.242708	C3	48	42	255	30.902738	C3	48	70	
263	1240.536458	C4	60	29	256	31.069404	C4	60	65	
264	1240.832292	C3	48	35	257	31.215238	C3	48	64	
265	1241.426042	G#4	68	67	258	31.371488	G#4	68	74	
266	1241.459375	F2	41	40	259	31.381904	F2	41	57	
267	1241.734375	D3	50	50	260	31.543363	D3	50	57	
268	1241.909375	G#3	56	60	261	31.699613	G#3	56	58	
269	1242.042708	D3	50	48	262	31.855863	D3	50	55	
270	1242.172917	Bb3	58	62	263	32.012113	Bb3	58	56	
271	1242.290625	D3	50	42	264	32.168363	D3	50	57	
272	1242.490625	Bb4	70	67	265	32.262113	Bb4	70	67	
273	1242.608333	G#4	68	66	266	32.298571	G#4	68	75	
274	1242.644792	F2	41	47	267	32.324613	F2	41	56	
275	1242.816667	Bb2	46	55	268	32.480863	Bb2	46	56	
276	1242.945833	G4	67	74	269	32.631904	G4	67	81	
277	1242.984375	G#3	56	55	270	32.637113	G#3	56	56	
278	1243.104167	Bb2	46	57	271	32.788154	Bb2	46	61	
279	1243.206250	Bb3	58	60	272	32.949613	Bb3	58	63	
280	1243.300000	Bb2	46	61	274	33.100654	Bb2	46	64	
281	1243.364583	G#4	68	76	273	33.085029	G#4	68	76	
282	1243.520833	Bb4	70	76	276	33.272529	Bb4	70	80	
283	1243.546875	Eb2	39	57	275	33.262113	Eb2	39	64	
284	1243.687500	Bb2	46	56	277	33.418363	Bb2	46	65	
285	1243.818750	F#3	54	65	278	33.574613	F#3	54	69	
286	1243.945833	Bb2	46	55	279	33.725654	Bb2	46	69	
287	1244.040625	Bb3	58	71	280	33.892321	Bb3	58	70	
288	1244.129167	Bb2	46	74	281	34.043363	Bb2	46	76	
289	1244.321875	C5	72	82	283	34.210029	C5	72	89	
290	1244.337500	Eb2	39	67	282	34.204821	Eb2	39	77	
291	1244.472917	G#2	44	66	284	34.355863	G#2	44	76	
292	1244.592708	F#3	54	71	285	34.512113	F#3	54	75	
293	1244.711458	G#2	44	63	286	34.663154	G#2	44	75	
294	1244.813542	G#3	56	71	287	34.824613	G#3	56	75	
295	1244.935417	G#2	44	65	288	34.975654	G#2	44	77	
296	1245.154167	C#2	37	61	289	35.126696	C#2	37	87	
297	1245.155208	C#5	73	77	290	35.173571	C#5	73	91	
298	1245.297917	G#2	44	66	291	35.282946	G#2	44	87	
299	1245.494792	F3	53	62	292	35.449613	F3	53	85	
300	1245.508333	G#4	68	87	293	35.470446	G#4	68	89	
301	1245.607292	G#2	44	64	294	35.600654	G#2	44	89	
302	1245.744792	G#3	56	59	295	35.756904	G#3	56	87	
303	1245.744792	Bb4	70	89	296	35.762113	Bb4	70	87	
304	1245.846875	G#2	44	59	297	35.902738	G#2	44	89	
305	1245.993750	G#4	68	96	299	36.079821	G#4	68	85	
306	1246.008333	C#2	37	70	298	36.074613	C#2	37	89	
307	1246.110417	G#2	44	57	300	36.230863	G#2	44	83	
308	1246.204167	F4	65	88	302	36.397529	F4	65	88	
309	1246.243750	F3	53	71	301	36.381904	F3	53	82	
310	1246.376042	G#2	44	62	303	36.538154	G#2	44	84	
311	1246.453125	C#4	61	88	305	36.699613	C#4	61	86	
312	1246.472917	G#3	56	69	304	36.694404	G#3	56	81	
313	1246.563542	G#2	44	68	306	36.850654	G#2	44	84	
314	1246.740625	G#3	56	83	308	37.027738	G#3	56	101	
315	1246.755208	C2	36	69	307	37.001696	C2	36	85	
316	1246.915625	G#2	44	75	309	37.157946	G#2	44	82	
317	1247.041667	Eb3	51	71	310	37.324613	F3	53	82	
318	1247.154167	G#2	44	73	311	37.480863	G#2	44	82	
319	1247.266667	G#3	56	71	312	37.637113	G#3	56	82	
320	1247.391667	G#2	44	56	313	37.793363	G#2	44	85	
321	1247.544792	C2	36	68	314	37.949613	C2	36	84	
322	1247.718750	G#2	44	65	315	38.105863	G#2	44	80	
323	1247.905208	Eb3	51	51	316	38.256904	F3	53	81	
324	1248.031250	G#2	44	62	317	38.402738	G#2	44	77	
325	1248.275000	Eb4	63	72	318	38.569404	Eb4	63	80	
326	1248.284375	G#3	56	53	319	38.569404	G#3	56	77	
327	1248.473958	G#2	44	46	320	38.715238	G#2	44	69	
328	1248.964583	B1	35	36	321	38.881904	B1	35	66	
329	1249.077083	Eb5	75	58	322	38.887113	Eb5	75	76	
330	1249.375000	F#2	42	47	323	39.038154	F#2	42	63	
331	1249.560417	Eb3	51	54	324	39.199613	Eb3	51	66	
332	1249.671875	F#2	42	58	325	39.340238	F#2	42	66	
333	1249.813542	F#3	54	44	326	39.512113	F#3	54	66	
334	1249.906250	F#2	42	57	327	39.663154	F#2	42	66	
335	1249.987500	Eb5	75	57	328	39.756904	Eb5	75	69	
336	1250.042708	F5	77	63	329	39.803779	F5	77	69	
337	1250.112500	Eb5	75	70	331	39.887113	Eb5	75	72	
338	1250.118750	B1	35	53	330	39.819404	B1	35	64	
339	1250.260417	F#2	42	59	332	39.975654	F#2	42	64	
340	1250.379167	D5	74	83	334	40.168363	D5	74	74	
341	1250.422917	Eb3	51	58	333	40.131904	Eb3	51	66	
342	1250.511458	F#2	42	64	335	40.277738	F#2	42	61	
343	1250.626042	Eb5	75	93	337	40.454821	Eb5	75	78	
344	1250.631250	F#3	54	59	336	40.444404	F#3	54	60	
345	1250.727083	F#2	42	60	338	40.590238	F#2	42	61	
346	1250.925000	B1	35	60	339	40.751696	B1	35	61	
347	1250.925000	F5	77	83	340	40.767321	F5	77	82	
348	1251.063542	G#2	44	65	341	40.907946	G#2	44	64	
349	1251.186458	C#3	49	60	342	41.074613	C#3	49	65	
350	1251.311458	G#2	44	73	343	41.225654	G#2	44	70	
351	1251.442708	G#3	56	71	344	41.387113	G#3	56	69	
352	1251.563542	G#2	44	78	*	-1	*	-1	-1	
353	1251.836458	G#2	44	52	345	41.538154	G#2	44	69	
354	1251.982292	Bb1	34	64	346	41.694404	Bb1	34	69	
355	1251.992708	F#5	78	80	347	41.710029	F#5	78	79	
356	1252.238542	F#2	42	63	348	41.850654	F#2	42	68	
357	1252.393750	C#3	49	54	349	42.006904	C#3	49	65	
358	1252.505208	F#2	42	69	350	42.163154	F#2	42	64	
359	1252.623958	F#3	54	65	351	42.324613	F#3	54	65	
360	1252.696875	F#2	42	75	352	42.475654	F#2	42	65	
361	1252.868750	Bb1	34	82	353	42.631904	Bb1	34	70	
362	1253.010417	F#2	42	72	354	42.793363	F#2	42	71	
363	1253.145833	C#3	49	62	356	42.949613	C#3	49	73	
364	1253.146875	C#5	73	77	355	42.928779	C#5	73	74	
365	1253.247917	F#2	42	74	357	43.105863	F#2	42	70	
366	1253.379167	F#3	54	66	359	43.267321	F#3	54	69	
367	1253.433333	Eb5	75	82	358	43.246488	Eb5	75	75	
368	1253.489583	F#2	42	61	360	43.423571	F#2	42	74	
369	1253.685417	Bb1	34	74	362	43.579821	Bb1	34	73	
370	1253.691667	C#5	73	80	361	43.564196	C#5	73	78	
371	1253.833333	F#2	42	66	363	43.736071	F#2	42	77	
372	1253.945833	Bb4	70	85	364	43.866279	Bb4	70	78	
373	1253.963542	C#3	49	59	365	43.876696	C#3	49	77	
374	1254.076042	F#2	42	73	366	44.048571	F#2	42	78	
375	1254.172917	F#4	66	78	367	44.173571	F#4	66	78	
376	1254.227083	F#2	42	66	369	44.361071	F#2	42	81	
377	1254.463542	C#4	61	79	370	44.506798	C#4	61	84	
378	1254.464583	G#1	32	64	371	44.511900	G#1	32	83	
379	1254.603125	F2	41	63	372	44.664961	F2	41	80	
380	1254.725000	C#3	49	47	*	-1	*	-1	-1	
381	1254.796875	C#3	49	57	374	44.817789	C#3	49	82	
382	1254.803125	C#5	73	85	373	44.812713	C#5	73	85	
383	1254.906250	F2	41	69	375	44.964998	F2	41	86	
384	1255.025000	Eb5	75	95	377	45.126921	Eb5	75	83	
385	1255.026042	F3	53	80	376	45.121871	F3	53	85	
386	1255.123958	F2	41	71	378	45.268336	F2	41	85	
387	1255.280208	C#5	73	93	379	45.399116	C#5	73	84	
388	1255.281250	G#1	32	84	380	45.429267	G#1	32	85	
389	1255.395833	E2	40	74	381	45.574844	E2	40	86	
390	1255.515625	G#4	68	95	382	45.719844	G#4	68	87	
391	1255.540625	C#3	49	74	383	45.719844	C#3	49	89	
392	1255.644792	E2	40	76	384	45.869571	E2	40	91	
393	1255.721875	E4	64	97	385	46.013849	E4	64	92	
394	1255.846875	E2	40	73	387	46.157660	E2	40	90	
395	1255.994792	C#4	61	87	388	46.316051	C#4	61	98	
396	1256.009375	G1	31	76	389	46.316051	G1	31	101	
397	1256.144792	E2	40	74	394	46.758483	E2	40	84	
398	1256.322917	C#5	73	74	392	46.631033	C#5	73	89	
399	1256.326042	C#4	61	58	393	46.635934	C#4	61	89	
400	1256.525000	Eb5	75	76	396	46.909990	Eb5	75	94	
401	1256.529167	Eb2	39	67	*	-1	*	-1	-1	
402	1256.530208	E2	40	66	398	47.056331	E2	40	80	
403	1256.553125	Eb4	63	63	397	46.919746	Eb4	63	92	
404	1256.716667	Bb1	34	91	399	47.197203	Bb1	34	97	
405	1256.828125	G2	43	80	400	47.342716	G2	43	79	
406	1256.946875	E5	76	83	401	47.487644	E5	76	92	
407	1256.956250	E2	40	65	*	-1	*	-1	-1	
408	1256.956250	E3	52	74	403	47.492475	E3	52	79	
409	1256.956250	E4	64	75	402	47.492475	E4	64	92	
410	1257.065625	G2	43	69	404	47.632316	G2	43	80	
411	1257.176042	F#5	78	89	405	47.752508	F#5	78	91	
412	1257.178125	F#4	66	78	406	47.766931	F#4	66	91	
413	1257.180208	G3	55	78	407	47.776547	G3	55	79	
414	1257.253125	G2	43	85	408	47.920295	G2	43	82	
415	1257.368750	B1	35	88	409	48.063812	B1	35	100	
416	1257.458333	G2	43	88	410	48.206670	G2	43	83	
417	1257.603125	E3	52	83	411	48.349346	E3	52	87	
418	1257.603125	G4	67	96	412	48.363564	G4	67	95	
419	1257.603125	G5	79	99	413	48.363564	G5	79	95	
420	1257.704167	G2	43	81	414	48.482048	G2	43	80	
421	1257.805208	G3	55	92	416	48.633304	G3	55	88	
422	1257.807292	A4	69	98	417	48.638021	A4	69	95	
423	1257.807292	A5	81	104	415	48.633304	A5	81	95	
424	1257.813542	G2	43	87	*	-1	*	-1	-1	
425	1257.880208	G2	43	86	418	48.765380	G2	43	87	
426	1257.987500	C2	36	83	419	48.911075	C2	36	103	
427	1258.083333	G2	43	81	420	49.056505	G2	43	81	
428	1258.171875	Bb5	82	103	422	49.224729	Bb5	82	91	
429	1258.172917	Bb4	70	101	423	49.229402	Bb4	70	91	
430	1258.187500	E3	52	74	421	49.196692	E3	52	91	
431	1258.302083	G2	43	83	424	49.336640	G2	43	80	
432	1258.381250	C5	72	106	427	49.499430	C5	72	95	
433	1258.384375	C6	84	101	426	49.494779	C6	84	95	
434	1258.393750	G2	43	81	*	-1	*	-1	-1	
435	1258.395833	G3	55	88	425	49.480826	G3	55	89	
436	1258.579167	E2	40	92	429	49.754146	F2	41	101	
437	1258.583333	C#5	73	103	431	49.777295	C#5	73	93	
438	1258.583333	C#6	85	103	430	49.772665	C#6	85	93	
439	1258.693750	C#3	49	84	432	49.897665	C#3	49	79	
440	1258.786458	Eb5	75	104	435	50.045813	Eb5	75	93	
441	1258.786458	Eb6	87	97	434	50.045813	Eb6	87	93	
442	1258.823958	Bb3	58	88	433	50.031924	Bb3	58	83	
443	1258.907292	C#3	49	85	436	50.175443	C#3	49	80	
444	1258.978125	G2	43	85	438	50.314289	G2	43	105	
445	1258.983333	E5	76	105	439	50.318898	E5	76	94	
446	1258.984375	E6	88	103	437	50.309681	E6	88	94	
447	1259.065625	E3	52	87	440	50.452538	E3	52	83	
448	1259.185417	F#5	78	106	443	50.609220	F#5	78	91	
449	1259.185417	F#6	90	108	442	50.604612	F#6	90	91	
450	1259.187500	C#4	61	92	441	50.586179	C#4	61	82	
451	1259.279167	E3	52	79	444	50.724427	E3	52	83	
452	1259.386458	Bb2	46	85	446	50.867683	Bb2	46	105	
453	1259.393750	G5	79	109	445	50.867683	G5	79	90	
454	1259.393750	G6	91	115	447	50.877299	G6	91	90	
455	1259.454167	G3	55	67	448	51.012496	G3	55	75	
456	1259.573958	E4	64	86	449	51.153961	E4	64	86	
457	1259.613542	A5	81	108	450	51.173569	A5	81	94	
458	1259.613542	A6	93	108	451	51.178471	A6	93	94	
459	1259.690625	F#3	54	64	452	51.302014	G3	55	80	
460	1259.805208	C#3	49	95	454	51.452664	C#3	49	100	
461	1259.891667	Bb5	82	110	453	51.452664	Bb5	82	105	
462	1259.893750	Bb6	94	104	455	51.458512	Bb6	94	105	
463	1260.016667	Bb3	58	84	457	51.627222	Bb3	58	84	
464	1260.023958	C6	84	105	458	51.638782	C6	84	104	
465	1260.025000	C7	96	103	456	51.627222	C7	96	104	
466	1260.143750	C#6	85	108	461	51.810215	C#6	85	106	
467	1260.144792	C#7	97	108	459	51.804533	C#7	97	106	
468	1260.155208	G4	67	80	460	51.804533	G4	67	71	
469	1260.161458	G3	55	73	*	-1	*	-1	-1	
470	1260.255208	Bb3	58	86	462	51.967870	Bb3	58	76	
471	1260.376042	E3	52	90	463	52.134141	E3	52	97	
472	1260.523958	C#4	61	95	464	52.302690	C#4	61	84	
473	1260.714583	Bb4	70	88	465	52.482925	Bb4	70	89	
474	1260.721875	Bb3	58	74	*	-1	*	-1	-1	
475	1260.815625	C#4	61	84	466	52.686885	C#4	61	75	
476	1260.969792	Bb4	70	93	467	52.897282	Bb4	70	77	
477	1261.089583	C#4	61	92	468	53.114536	C#4	61	83	
478	1261.244792	Bb4	70	89	469	53.331475	Bb4	70	74	
479	1261.376042	C#4	61	86	470	53.563875	C#4	61	84	
480	1261.733333	C#6	85	97	472	53.771934	C#6	85	90	
481	1261.735417	C#5	73	88	471	53.771934	C#5	73	90	
482	1261.743750	C3	48	76	473	53.778184	C3	48	79	
483	1262.001042	G#3	56	83	474	53.971468	G#3	56	76	
484	1262.185417	C#6	85	99	475	54.144615	C#6	85	92	
485	1262.190625	C#5	73	98	476	54.144615	C#5	73	92	
486	1262.227083	F4	65	65	477	54.156885	F4	65	70	
487	1262.355208	G#3	56	70	478	54.340335	G#3	56	81	
488	1262.510417	C#6	85	100	479	54.510034	C#6	85	90	
489	1262.514583	C#5	73	96	480	54.510034	C#5	73	90	
490	1262.518750	G#4	68	80	481	54.522082	G#4	68	70	
491	1262.672917	G#3	56	73	482	54.696132	G#3	56	75	
492	1262.925000	C#6	85	89	483	54.868576	C#6	85	92	
493	1262.954167	C#5	73	68	484	54.868576	C#5	73	92	
494	1262.962500	C3	48	57	485	54.880410	C3	48	79	
495	1263.263542	G3	55	58	486	55.051242	G3	55	75	
496	1263.487500	E4	64	40	487	55.226307	E4	64	70	
497	1263.666667	G3	55	46	488	55.399719	G3	55	70	
498	1263.844792	C6	84	70	490	55.565926	C6	84	88	
499	1263.862500	C5	72	65	489	55.565926	C5	72	88	
500	1263.884375	G4	67	52	491	55.571640	G4	67	73	
501	1264.066667	G3	55	46	492	55.741903	G3	55	72	
502	1264.280208	C#5	73	68	494	55.905205	C#5	73	71	
503	1264.315625	C3	48	53	493	55.905205	C3	48	59	
504	1264.521875	G#3	56	60	495	56.098528	G#3	56	62	
505	1264.683333	C#5	73	80	496	56.277734	C#5	73	70	
506	1264.712500	F4	65	38	497	56.283869	F4	65	53	
507	1264.713542	G#4	68	47	*	-1	*	-1	-1	
508	1264.795833	G#3	56	61	498	56.461259	G#3	56	58	
509	1264.963542	G#4	68	55	500	56.648957	G#4	68	59	
510	1264.988542	C#5	73	83	499	56.642933	C#5	73	70	
511	1265.105208	G#3	56	60	501	56.823042	G#3	56	60	
512	1265.391667	C3	48	58	503	57.019013	C3	48	61	
513	1265.430208	C#5	73	64	502	57.001262	C#5	73	70	
514	1265.665625	G3	55	53	504	57.189499	G3	55	63	
515	1265.850000	E4	64	48	505	57.358478	E4	64	53	
516	1266.019792	G3	55	44	506	57.531690	G3	55	54	
517	1266.313542	C5	72	54	507	57.697700	C5	72	66	
518	1266.321875	G4	67	46	508	57.703381	G4	67	55	
519	1266.565625	G3	55	48	509	57.862055	G3	55	66	
520	1266.886458	Bb5	82	81	510	58.042167	Bb5	82	97	
521	1266.915625	C3	48	53	511	58.042167	C3	48	86	
522	1266.915625	Bb4	70	63	512	58.048119	Bb4	70	97	
523	1267.104167	F3	53	69	513	58.220351	F3	53	73	
524	1267.244792	G#5	80	97	514	58.379419	G#5	80	92	
525	1267.248958	G#4	68	89	515	58.385267	G#4	68	92	
526	1267.255208	C#4	61	71	516	58.396963	C#4	61	70	
527	1267.395833	F3	53	67	517	58.560263	F3	53	82	
528	1267.526042	Bb5	82	98	518	58.716468	Bb5	82	92	
529	1267.530208	Bb4	70	95	519	58.727963	Bb4	70	92	
530	1267.572917	F3	53	59	520	58.750951	F4	65	69	
531	1267.702083	F3	53	50	521	58.911312	F3	53	73	
532	1267.884375	C6	84	83	524	59.092745	C6	84	92	
533	1267.891667	C5	72	80	522	59.087096	C5	72	92	
534	1267.922917	C3	48	63	523	59.087096	C3	48	87	
535	1268.125000	G3	55	56	525	59.255764	G3	55	84	
536	1268.295833	E4	64	60	526	59.428451	E4	64	69	
537	1268.466667	G3	55	50	527	59.589563	G3	55	74	
538	1268.722917	G4	67	51	528	59.761785	G4	67	70	
539	1268.935417	G3	55	45	529	59.911785	G3	55	70	
540	1269.384375	Bb4	70	56	530	60.084007	Bb4	70	66	
541	1269.385417	C3	48	47	531	60.095842	C3	48	63	
542	1269.638542	F3	53	50	532	60.278925	F3	53	61	
543	1269.803125	G#4	68	60	533	60.437267	G#4	68	68	
544	1269.817708	C#4	61	48	534	60.448963	C#4	61	64	
545	1269.990625	F3	53	45	535	60.623451	F3	53	68	
546	1270.134375	Bb4	70	63	536	60.779221	Bb4	70	69	
547	1270.182292	F4	65	47	537	60.802209	F4	65	66	
548	1270.344792	F3	53	39	538	60.968252	F3	53	64	
549	1270.607292	C5	72	52	539	61.138546	C5	72	73	
550	1270.609375	C3	48	41	540	61.144196	C3	48	62	
551	1270.876042	G3	55	48	541	61.307530	G3	55	62	
552	1271.089583	E4	64	40	542	61.480872	E4	64	62	
553	1271.329167	G3	55	34	543	61.641984	G3	55	64	
554	1271.645833	G3	55	27	544	61.808650	G4	67	67	
555	1272.076042	G3	55	32	545	61.969762	G3	55	69	
556	1272.670833	C3	48	90	546	62.137123	C3	48	86	
557	1272.671875	C#7	97	106	547	62.174623	C#7	97	89	
558	1272.672917	C#6	85	102	548	62.180873	C#6	85	79	
559	1272.990625	G#3	56	86	549	62.323617	G#3	56	69	
560	1273.143750	C#7	97	109	550	62.409696	C#7	97	90	
561	1273.144792	C#6	85	107	551	62.421929	C#6	85	80	
562	1273.292708	F4	65	76	552	62.507258	F4	65	70	
563	1273.409375	C#7	97	106	553	62.616020	C#7	97	93	
564	1273.412500	C#6	85	106	554	62.622044	C#6	85	81	
565	1273.505208	G#3	56	82	555	62.682033	G#3	56	68	
566	1273.612500	C#7	97	105	556	62.806963	C#7	97	90	
567	1273.614583	C#6	85	102	557	62.812881	C#6	85	80	
568	1273.722917	G#4	68	76	558	62.865961	G#4	68	65	
569	1273.836458	C#6	85	95	559	62.989009	C#6	85	94	
570	1273.838542	C#5	73	97	560	63.000637	C#5	73	85	
571	1273.888542	F4	65	46	*	-1	*	-1	-1	
572	1273.894792	G#3	56	72	561	63.035521	G#3	56	70	
573	1274.156250	C3	48	57	562	63.214050	C3	48	79	
574	1274.160417	C#6	85	92	563	63.219765	C#6	85	93	
575	1274.164583	C4	60	57	*	-1	*	-1	-1	
576	1274.175000	C#5	73	78	564	63.225479	C#5	73	83	
577	1274.435417	G3	55	55	565	63.384282	G3	55	67	
578	1274.643750	E4	64	53	566	63.552009	E4	64	71	
579	1274.853125	C3	48	34	*	-1	*	-1	-1	
580	1274.854167	G3	55	40	567	63.712291	G3	55	70	
581	1275.165625	C6	84	67	569	63.878037	C6	84	83	
582	1275.196875	G4	67	47	570	63.883561	G4	67	71	
583	1275.197917	C5	72	61	568	63.878037	C5	72	73	
584	1275.513542	G3	55	49	571	64.049307	G3	55	68	
585	1276.029167	C3	48	39	572	64.220578	C3	48	64	
586	1276.088542	C#6	85	51	573	64.282706	C#6	85	70	
587	1276.501042	G#3	56	43	574	64.401420	G#3	56	52	
588	1276.628125	C#6	85	56	575	64.500339	C#6	85	68	
589	1276.823958	F4	65	30	576	64.592289	F4	65	52	
590	1276.891667	C#6	85	60	577	64.725772	C#6	85	69	
591	1277.036458	G#3	56	39	578	64.767904	G#3	56	56	
592	1277.115625	C#6	85	57	579	64.934787	C#6	85	72	
593	1277.265625	G#4	68	43	580	64.952539	G#4	68	55	
594	1277.339583	C#5	73	61	581	65.110643	C#5	73	73	
595	1277.468750	G#3	56	37	582	65.128084	G#3	56	53	
596	1277.808333	C#5	73	55	584	65.323758	C#5	73	74	
597	1277.862500	C3	48	35	583	65.289472	C3	48	61	
598	1278.134375	G3	55	46	585	65.465418	G3	55	55	
599	1278.355208	E4	64	34	586	65.627402	E4	64	52	
600	1278.603125	G3	55	42	587	65.809722	G3	55	54	
601	1278.975000	C5	72	41	589	65.964418	C5	72	71	
602	1278.977083	G4	67	31	588	65.958893	G4	67	53	
603	1279.336458	G3	55	37	590	66.141213	G3	55	67	
604	1279.873958	Bb5	82	91	591	66.302963	Bb5	82	90	
605	1279.878125	Bb4	70	88	592	66.309253	Bb4	70	80	
606	1279.886458	C3	48	65	593	66.309253	C3	48	81	
607	1280.202083	F3	53	70	594	66.496757	F3	53	70	
608	1280.254167	C6	84	92	595	66.546140	C6	84	91	
609	1280.255208	C5	72	93	596	66.564659	C5	72	81	
610	1280.478125	C#4	61	65	597	66.681037	C#4	61	73	
611	1280.514583	Bb5	82	99	598	66.741754	Bb5	82	93	
612	1280.515625	Bb4	70	100	599	66.741754	Bb4	70	83	
613	1280.664583	F3	53	67	600	66.856249	F3	53	74	
614	1280.755208	G#5	80	96	602	66.945820	G#5	80	90	
615	1280.758333	G#4	68	97	601	66.939868	G#4	68	82	
616	1280.763542	Bb4	70	77	*	-1	*	-1	-1	
617	1280.894792	F4	65	61	603	67.034614	F4	65	72	
618	1281.004167	Bb5	82	98	605	67.146103	Bb5	82	91	
619	1281.005208	Bb4	70	93	604	67.140255	Bb4	70	81	
620	1281.056250	F3	53	60	606	67.210124	F3	53	73	
621	1281.379167	C6	84	87	607	67.359983	C6	84	91	
622	1281.390625	C5	72	80	608	67.365697	C5	72	81	
623	1281.409375	C3	48	56	609	67.382840	C3	48	84	
624	1281.695833	G3	55	49	610	67.547229	G3	55	76	
625	1281.922917	E4	64	49	611	67.714737	E4	64	76	
626	1282.146875	G3	55	49	612	67.869433	G3	55	73	
627	1282.463542	G4	67	47	613	68.046229	G4	67	70	
628	1282.821875	G3	55	38	614	68.211975	G3	55	71	
629	1283.435417	Bb4	70	46	615	68.372195	Bb4	70	60	
630	1283.467708	C3	48	39	616	68.378485	C3	48	59	
631	1283.894792	F3	53	34	617	68.566146	F3	53	58	
632	1284.055208	C5	72	46	618	68.627951	C5	72	65	
633	1284.209375	C#4	61	38	619	68.750653	C#4	61	60	
634	1284.402083	Bb4	70	55	620	68.835686	Bb4	70	65	
635	1284.493750	F3	53	33	621	68.920060	F3	53	58	
636	1284.735417	G#4	68	51	622	69.027631	G#4	68	66	
637	1284.775000	F4	65	32	623	69.110577	F4	65	58	
638	1285.083333	Bb4	70	53	624	69.217510	Bb4	70	60	
639	1285.091667	F3	53	25	625	69.283630	F3	53	57	
640	1285.112500	C4	60	23	*	-1	*	-1	-1	
641	1285.597917	C5	72	46	626	69.442659	C5	72	62	
642	1285.644792	C3	48	26	627	69.473715	C3	48	56	
643	1285.652083	G4	67	22	*	-1	*	-1	-1	
644	1285.959375	G3	55	40	628	69.668737	G3	55	59	
645	1286.303125	E4	64	29	629	69.856473	E4	64	51	
646	1286.650000	G3	55	29	630	70.040684	G3	55	54	
647	1287.154167	G4	67	27	631	70.238052	G4	67	49	
648	1287.723958	G3	55	30	632	70.435421	G3	55	54	
649	1289.114583	F2	41	34	633	70.639992	F2	41	51	
650	1289.115625	C4	60	25	634	70.807222	C3	48	52	
651	1289.118750	F4	65	17	636	70.984420	F4	65	62	
652	1289.786458	C3	48	17	*	-1	*	-1	-1	
653	1290.120833	F4	65	33	*	-1	*	-1	-1	
654	1290.131250	G#3	56	32	*	-1	*	-1	-1	
655	1290.417708	Bb3	58	42	638	71.276087	Bb3	58	55	
656	1290.425000	G4	67	45	639	71.291712	G4	67	63	
657	1290.591667	C3	48	29	640	71.432337	C3	48	57	
658	1290.685417	F2	41	43	641	71.578170	F2	41	55	
659	1290.876042	C3	48	24	642	71.744837	C3	48	54	
660	1291.044792	G#4	68	53	644	71.911503	G#4	68	60	
661	1291.053125	C4	60	44	643	71.901087	C4	60	55	
662	1291.204167	C3	48	27	645	72.057337	C3	48	53	
663	1291.294792	C#4	61	48	647	72.213587	C#4	61	55	
664	1291.295833	Bb4	70	63	646	72.213587	Bb4	70	65	
665	1291.412500	C3	48	59	648	72.369837	C3	48	55	
666	1291.552083	F2	41	62	649	72.526087	F2	41	55	
667	1291.672917	C3	48	46	650	72.682337	C3	48	55	
668	1291.761458	C5	72	68	651	72.833378	C5	72	73	
669	1291.832292	C4	60	46	652	72.843795	C4	60	55	
670	1291.941667	C3	48	53	653	72.989628	C3	48	59	
671	1291.980208	C#5	73	67	654	73.093795	C#5	73	68	
672	1292.037500	Eb5	75	72	655	73.130253	Eb5	75	76	
673	1292.057292	Bb3	58	54	656	73.145878	Bb3	58	61	
674	1292.118750	C#5	73	76	657	73.177128	C#5	73	73	
675	1292.164583	C3	48	57	658	73.307337	C3	48	63	
676	1292.355208	F2	41	51	660	73.458378	F2	41	64	
677	1292.355208	C5	72	76	659	73.442753	C5	72	76	
678	1292.532292	C3	48	47	661	73.619837	C3	48	63	
679	1292.654167	C4	60	10	*	-1	*	-1	-1	
680	1292.786458	G#3	56	45	663	73.776087	G#3	56	62	
681	1292.789583	G#5	80	69	662	73.765670	G#5	80	76	
682	1292.794792	G#4	68	45	*	-1	*	-1	-1	
683	1292.890625	C3	48	50	664	73.927128	C3	48	62	
684	1293.035417	Bb3	58	57	665	74.083378	Bb3	58	62	
685	1293.051042	G5	79	75	666	74.093795	G5	79	82	
686	1293.141667	C3	48	46	667	74.239628	C3	48	66	
687	1293.281250	F5	77	72	669	74.406295	F5	77	89	
688	1293.303125	F2	41	54	668	74.401087	F2	41	76	
689	1293.447917	C3	48	49	670	74.552128	C3	48	76	
690	1293.514583	C5	72	73	671	74.708378	C5	72	90	
691	1293.584375	G#3	56	58	672	74.708378	G#3	56	76	
692	1293.687500	C#5	73	64	674	74.921920	C#5	73	87	
693	1293.739583	Eb5	75	74	675	74.963587	Eb5	75	87	
694	1293.812500	C#5	73	78	677	75.041712	C#5	73	85	
695	1293.815625	Bb3	58	60	676	75.010462	Bb3	58	78	
696	1293.945833	C3	48	51	678	75.166712	C3	48	75	
697	1294.063542	C5	72	74	679	75.312545	C5	72	86	
698	1294.094792	F2	41	53	680	75.333378	F2	41	77	
699	1294.094792	C4	60	45	*	-1	*	-1	-1	
700	1294.243750	C3	48	51	681	75.479212	C3	48	72	
701	1294.332292	G#4	68	76	683	75.656295	G#4	68	84	
702	1294.364583	G#3	56	50	682	75.640670	G#3	56	78	
703	1294.461458	C3	48	45	684	75.786503	C3	48	71	
704	1294.581250	F4	65	67	686	75.968795	F4	65	84	
705	1294.592708	C4	60	59	685	75.953170	C4	60	78	
706	1294.775000	C3	48	32	687	76.104212	C3	48	68	
707	1294.921875	C4	60	60	689	76.286503	C4	60	99	
708	1294.943750	F2	41	54	688	76.265670	F2	41	83	
709	1295.094792	C3	48	51	690	76.432337	C3	48	61	
710	1295.207292	G3	55	55	691	76.583378	G3	55	68	
711	1295.305208	C3	48	49	692	76.739628	C3	48	60	
712	1295.432292	G#3	56	60	693	76.895878	G#3	56	76	
713	1295.541667	C3	48	52	694	77.041712	C3	48	70	
714	1295.676042	F2	41	53	695	77.203170	F2	41	75	
715	1295.794792	C3	48	50	696	77.364628	C3	48	62	
716	1295.931250	Bb3	58	55	697	77.526087	Bb3	58	74	
717	1296.041667	C3	48	46	698	77.682337	C3	48	61	
718	1296.182292	G3	55	52	699	77.838587	G3	55	68	
719	1296.294792	C3	48	46	700	77.994837	C3	48	55	
720	1296.501042	F2	41	46	701	78.151087	F2	41	59	
721	1296.725000	C3	48	45	702	78.307337	C3	48	55	
722	1296.984375	G#3	56	41	703	78.463587	G#3	56	55	
723	1296.988542	F4	65	36	704	78.468795	F4	65	61	
724	1297.087500	C3	48	44	705	78.614628	C3	48	56	
725	1297.225000	Bb3	58	40	706	78.770878	Bb3	58	60	
726	1297.264583	G4	67	50	707	78.781295	G4	67	64	
727	1297.315625	C3	48	40	708	78.921920	C3	48	62	
728	1297.427083	F2	41	56	709	79.083378	F2	41	61	
729	1297.572917	C3	48	50	710	79.234420	C3	48	60	
730	1297.698958	G#4	68	69	712	79.416712	G#4	68	58	
731	1297.709375	C4	60	60	711	79.401087	C4	60	59	
732	1297.821875	C3	48	60	713	79.552128	C3	48	63	
733	1297.954167	C#4	61	49	714	79.708378	C#4	61	59	
734	1297.954167	Bb4	70	72	715	79.724003	Bb4	70	62	
735	1298.072917	C3	48	55	716	79.864628	C3	48	57	
736	1298.164583	F2	41	70	717	80.026087	F2	41	57	
737	1298.270833	C3	48	60	718	80.177128	C3	48	60	
738	1298.389583	C5	72	83	719	80.333378	C5	72	72	
739	1298.417708	C4	60	71	720	80.338587	C4	60	60	
740	1298.536458	C3	48	57	721	80.489628	C3	48	62	
741	1298.582292	C#5	73	72	722	80.567753	C#5	73	65	
742	1298.620833	Eb5	75	76	723	80.609420	Eb5	75	67	
743	1298.676042	Bb3	58	63	724	80.645878	Bb3	58	64	
744	1298.687500	C#5	73	77	725	80.661503	C#5	73	76	
745	1298.763542	C3	48	64	726	80.802128	C3	48	66	
746	1298.914583	F2	41	61	728	80.963587	F2	41	66	
747	1298.914583	C5	72	85	727	80.942753	C5	72	76	
748	1299.051042	C3	48	55	729	81.114628	C3	48	66	
749	1299.264583	G#3	56	52	730	81.276087	G#3	56	69	
750	1299.302083	C6	84	83	731	81.286503	C6	84	72	
751	1299.305208	C5	72	60	*	-1	*	-1	-1	
752	1299.370833	C3	48	52	732	81.427128	C3	48	71	
753	1299.525000	C4	60	58	733	81.588587	C4	60	75	
754	1299.563542	G#5	80	87	734	81.599003	G#5	80	78	
755	1299.633333	C3	48	62	735	81.739628	C3	48	77	
756	1299.794792	F2	41	74	737	81.901087	F2	41	79	
757	1299.794792	G5	79	86	736	81.890670	G5	79	86	
758	1299.936458	C3	48	60	738	82.057337	C3	48	78	
759	1300.015625	C5	72	80	740	82.234420	C5	72	85	
760	1300.062500	Bb3	58	71	739	82.213587	Bb3	58	77	
761	1300.162500	C#5	73	71	*	-1	*	-1	-1	
762	1300.172917	C3	48	52	741	82.369837	C3	48	79	
763	1300.219792	Eb5	75	78	*	-1	*	-1	-1	
764	1300.284375	C#5	73	72	742	82.520878	C#5	73	81	
765	1300.311458	G3	55	63	743	82.526087	G3	55	75	
766	1300.427083	C3	48	58	744	82.682337	C3	48	78	
767	1300.584375	C5	72	84	746	82.854212	C5	72	81	
768	1300.592708	F2	41	61	745	82.843795	F2	41	81	
769	1300.722917	C3	48	62	747	83.000045	C3	48	80	
770	1300.863542	G4	67	88	748	83.140670	G4	67	83	
771	1300.876042	Bb3	58	66	749	83.151087	Bb3	58	77	
772	1300.983333	C3	48	68	750	83.307337	C3	48	77	
773	1301.122917	G3	55	73	751	83.463587	G3	55	78	
774	1301.129167	C4	60	89	752	83.474003	C4	60	82	
775	1301.234375	C3	48	67	753	83.614628	C3	48	77	
776	1301.404167	F2	41	61	755	83.770878	F2	41	83	
777	1301.535417	F4	65	81	754	83.770878	F4	65	79	
778	1301.698958	G4	67	82	757	83.944189	G4	67	82	
779	1301.708333	B2	47	62	756	83.938634	B2	47	79	
780	1301.841667	G#4	68	83	759	84.136718	G#4	68	95	
781	1301.842708	G#3	56	72	758	84.109515	G#3	56	87	
782	1301.963542	B2	47	73	760	84.266363	B2	47	76	
783	1302.094792	C#4	61	76	761	84.430840	C#4	61	93	
784	1302.225000	B2	47	60	762	84.584315	B2	47	84	
785	1302.342708	F2	41	78	763	84.747280	F2	41	90	
786	1302.472917	B2	47	73	764	84.914672	B2	47	77	
787	1302.639583	G#3	56	74	765	85.092584	G#3	56	85	
788	1302.765625	B2	47	80	766	85.269833	B2	47	79	
789	1302.953125	C#4	61	76	767	85.452327	C#4	61	81	
790	1303.126042	B2	47	69	768	85.632568	B2	47	73	
791	1303.445833	F2	41	75	769	85.822303	F2	41	66	
792	1303.728125	C3	48	68	770	85.985343	C3	48	72	
793	1303.872917	F5	77	78	772	86.146586	F5	77	69	
794	1303.878125	F4	65	64	773	86.157003	F4	65	64	
795	1303.926042	G#3	56	62	771	86.125753	G#3	56	73	
796	1304.040625	C3	48	68	774	86.297628	C3	48	75	
797	1304.131250	G5	79	79	776	86.464295	G5	79	70	
798	1304.135417	G4	67	76	777	86.464295	G4	67	65	
799	1304.155208	Bb3	58	75	775	86.448670	Bb3	58	73	
800	1304.259375	C3	48	71	778	86.599711	C3	48	76	
801	1304.334375	F2	41	85	779	86.761170	F2	41	73	
802	1304.451042	C3	48	68	780	86.917420	C3	48	73	
803	1304.583333	G#5	80	88	782	87.099711	G#5	80	73	
804	1304.586458	G#4	68	85	783	87.099711	G#4	68	68	
805	1304.593750	C4	60	73	781	87.073670	C4	60	76	
806	1304.691667	C3	48	72	784	87.224711	C3	48	75	
807	1304.816667	C#4	61	71	787	87.380961	C#4	61	75	
808	1304.823958	Bb4	70	93	786	87.380961	Bb4	70	70	
809	1304.823958	Bb5	82	94	785	87.370545	Bb5	82	75	
810	1304.827083	Bb3	58	67	*	-1	*	-1	-1	
811	1304.905208	C3	48	74	788	87.537211	C3	48	75	
812	1305.004167	Bb4	70	74	*	-1	*	-1	-1	
813	1305.006250	F2	41	79	789	87.698670	F2	41	73	
814	1305.117708	C3	48	71	790	87.849711	C3	48	80	
815	1305.264583	C6	84	93	793	88.016378	C6	84	71	
816	1305.265625	C5	72	98	792	88.016378	C5	72	65	
817	1305.273958	C4	60	86	791	88.005961	C4	60	84	
818	1305.389583	C3	48	73	794	88.151795	C3	48	84	
819	1305.503125	Bb3	58	84	796	88.318461	Bb3	58	89	
820	1305.504167	C#6	85	97	795	88.318461	C#6	85	74	
821	1305.505208	C#5	73	98	797	88.323670	C#5	73	69	
822	1305.584375	C3	48	55	798	88.464295	C3	48	82	
823	1305.725000	F2	41	82	801	88.630961	F2	41	82	
824	1305.769792	C6	84	94	799	88.615336	C6	84	78	
825	1305.770833	C5	72	100	800	88.620545	C5	72	73	
826	1305.901042	C3	48	65	802	88.787211	C3	48	83	
827	1306.117708	G#6	92	93	803	88.922628	G#6	92	78	
828	1306.123958	G#5	80	90	804	88.933045	G#5	80	73	
829	1306.126042	G#3	56	67	805	88.948670	G#3	56	87	
830	1306.265625	C3	48	60	806	89.099711	C3	48	85	
831	1306.420833	Bb3	58	72	809	89.261170	Bb3	58	86	
832	1306.420833	G6	91	102	808	89.240336	G6	91	86	
833	1306.422917	G5	79	96	807	89.235128	G5	79	81	
834	1306.525000	C3	48	46	810	89.412211	C3	48	89	
835	1306.648958	F2	41	64	813	89.578878	F2	41	90	
836	1306.685417	F6	89	94	811	89.537211	F6	89	88	
837	1306.691667	F5	77	88	812	89.547628	F5	77	84	
838	1306.795833	C3	48	68	814	89.729920	C3	48	87	
839	1306.941667	G#3	56	70	817	89.891378	G#3	56	86	
840	1306.943750	C6	84	86	815	89.870545	C6	84	90	
841	1306.945833	C5	72	92	816	89.875753	C5	72	84	
842	1307.046875	C3	48	67	818	90.042420	C3	48	86	
843	1307.166667	C#6	85	95	821	90.203878	C#6	85	92	
844	1307.167708	Bb3	58	79	819	90.198670	Bb3	58	85	
845	1307.171875	C#5	73	92	820	90.203878	C#5	73	87	
846	1307.276042	C3	48	48	822	90.349711	C3	48	84	
847	1307.385417	F2	41	75	823	90.511170	F2	41	83	
848	1307.396875	C5	72	90	825	90.532003	C5	72	86	
849	1307.396875	C6	84	86	824	90.526795	C6	84	91	
850	1307.493750	C3	48	64	826	90.672628	C3	48	88	
851	1307.646875	G#5	80	94	827	90.823670	G#5	80	91	
852	1307.650000	G#4	68	94	829	90.828878	G#4	68	85	
853	1307.652083	G#3	56	68	828	90.823670	G#3	56	86	
854	1307.760417	C3	48	57	830	90.974711	C3	48	87	
855	1307.895833	F4	65	85	833	91.162211	F4	65	85	
856	1307.895833	F5	77	87	832	91.146586	F5	77	91	
857	1307.940625	C3	48	54	834	91.292420	C3	48	84	
858	1308.072917	C3	48	48	835	91.448670	F2	41	87	
859	1308.238542	C5	72	80	836	91.464295	C5	72	97	
860	1308.248958	C4	60	69	837	91.474711	C4	60	92	
861	1308.259375	F2	41	65	835	91.448670	F2	41	87	
862	1308.401042	C3	48	66	838	91.604920	C3	48	86	
863	1308.480208	G3	55	72	839	91.755961	G3	55	89	
864	1308.593750	C3	48	64	840	91.912211	C3	48	89	
865	1308.693750	G#3	56	77	841	92.068461	G#3	56	87	
866	1308.801042	C3	48	58	842	92.224711	C3	48	86	
867	1308.925000	F2	41	79	843	92.375753	F2	41	80	
868	1309.047917	C3	48	66	844	92.537211	C3	48	78	
869	1309.188542	Bb3	58	76	845	92.693461	Bb3	58	79	
870	1309.302083	C3	48	64	846	92.839295	C3	48	77	
871	1309.432292	G3	55	70	847	92.995545	G3	55	79	
872	1309.557292	C3	48	59	848	93.151795	C3	48	75	
873	1309.735417	F2	41	63	849	93.318461	F2	41	62	
874	1309.886458	C3	48	55	850	93.479920	C3	48	58	
875	1310.126042	F5	77	62	852	93.646586	F5	77	67	
876	1310.144792	F4	65	41	853	93.651795	F4	65	67	
877	1310.188542	C3	48	59	854	93.782003	C3	48	62	
878	1310.318750	Bb3	58	61	855	93.943461	Bb3	58	62	
879	1310.373958	G5	79	68	856	93.959086	G5	79	68	
880	1310.407292	G4	67	53	857	93.964295	G4	67	68	
881	1310.416667	C3	48	56	858	94.089295	C3	48	62	
882	1310.539583	F2	41	69	859	94.255961	F2	41	64	
883	1310.665625	C3	48	55	860	94.401795	C3	48	65	
884	1310.802083	C4	60	76	863	94.568461	C4	60	66	
885	1310.802083	A5	81	83	861	94.558045	A5	81	74	
886	1310.806250	A4	69	72	862	94.563253	A4	69	73	
887	1310.890625	C3	48	64	864	94.714295	C3	48	67	
888	1311.013542	C#4	61	70	867	94.880961	C#4	61	72	
889	1311.058333	Bb5	82	88	865	94.854920	Bb5	82	77	
890	1311.066667	Bb4	70	83	866	94.875753	Bb4	70	74	
891	1311.114583	C3	48	68	868	95.026795	C3	48	71	
892	1311.265625	F2	41	86	869	95.188253	F2	41	77	
893	1311.456250	F#3	54	82	870	95.344503	F#3	54	75	
894	1311.576042	Eb4	63	80	873	95.511170	Eb4	63	73	
895	1311.576042	C5	72	94	871	95.495545	C5	72	83	
896	1311.576042	C6	84	91	872	95.495545	C6	84	83	
897	1311.697917	F#3	54	83	874	95.662211	F#3	54	72	
898	1311.806250	F3	53	79	*	-1	*	-1	-1	
899	1311.806250	F4	65	81	877	95.818461	F4	65	75	
900	1311.811458	C#6	85	98	875	95.802836	C#6	85	85	
901	1311.812500	C#5	73	99	876	95.813253	C#5	73	85	
902	1312.156250	F2	41	80	881	96.130961	F2	41	76	
903	1312.159375	Eb6	87	93	880	96.130961	Eb6	87	99	
904	1312.164583	Eb5	75	84	879	96.125753	Eb5	75	89	
905	1312.430208	F#3	54	73	882	96.287211	F#3	54	74	
906	1312.553125	F#4	66	68	883	96.443461	F#4	66	74	
907	1312.670833	F#3	54	74	884	96.599711	F#3	54	69	
908	1312.758333	F#4	66	71	885	96.755961	F#4	66	67	
909	1312.872917	F#3	54	72	886	96.896586	F#3	54	65	
910	1313.107292	F2	41	76	887	97.068461	F2	41	54	
911	1313.273958	D3	50	71	888	97.224711	D3	50	59	
912	1313.493750	G#3	56	64	889	97.380961	G#3	56	61	
913	1313.495833	B5	83	82	891	97.401795	B5	83	63	
914	1313.501042	B4	71	74	890	97.396586	B4	71	63	
915	1313.596875	D3	50	63	892	97.542420	D3	50	65	
916	1313.696875	A3	57	72	893	97.698670	A3	57	66	
917	1313.743750	C6	84	89	895	97.709086	C6	84	69	
918	1313.744792	C5	72	92	894	97.709086	C5	72	69	
919	1313.795833	D3	50	75	896	97.854920	D3	50	68	
920	1313.911458	F2	41	80	897	98.011170	F2	41	69	
921	1314.014583	D3	50	80	898	98.167420	D3	50	71	
922	1314.162500	D6	86	100	900	98.354920	D6	86	78	
923	1314.164583	B3	59	70	899	98.323670	B3	59	77	
924	1314.164583	D5	74	99	901	98.360128	D5	74	78	
925	1314.253125	D3	50	89	902	98.474711	D3	50	81	
926	1314.401042	C#4	61	92	903	98.630961	C#4	61	84	
927	1314.404167	E5	76	108	905	98.651795	E5	76	84	
928	1314.404167	E6	88	103	904	98.641378	E6	88	84	
929	1314.485417	D3	50	84	906	98.787211	D3	50	86	
930	1314.589583	F2	41	83	907	98.948670	F2	41	89	
931	1314.675000	D3	50	70	908	99.104920	D3	50	86	
932	1314.894792	D4	62	86	909	99.261170	D4	62	91	
933	1314.894792	F6	89	109	911	99.297628	F6	89	91	
934	1314.895833	F5	77	104	910	99.292420	F5	77	76	
935	1315.013542	D3	50	77	912	99.417420	D3	50	89	
936	1315.134375	G5	79	104	915	99.584086	G5	79	95	
937	1315.134375	G6	91	109	914	99.578878	G6	91	92	
938	1315.160417	E4	64	82	913	99.573670	E4	64	89	
939	1315.192708	F6	89	51	*	-1	*	-1	-1	
940	1315.279167	D3	50	75	916	99.729920	D3	50	79	
941	1315.492708	G#5	80	101	919	99.896586	G#5	80	97	
942	1315.493750	G#6	92	103	918	99.896586	G#6	92	97	
943	1315.500000	F2	41	91	917	99.880961	F2	41	92	
944	1315.696875	D3	50	91	920	100.037211	D3	50	79	
945	1315.922917	F4	65	94	921	100.198670	F4	65	81	
946	1315.931250	F3	53	70	*	-1	*	-1	-1	
947	1316.065625	D3	50	87	922	100.354920	D3	50	80	
948	1316.206250	F4	65	94	923	100.505961	F4	65	80	
949	1316.208333	F3	53	69	*	-1	*	-1	-1	
950	1316.333333	D3	50	95	924	100.662211	D3	50	77	
951	1316.563542	F2	41	98	925	100.823348	F2	41	56	
952	1316.870833	C#3	49	79	926	100.977987	C#3	49	55	
953	1317.083333	E4	64	80	928	101.137675	E4	64	63	
954	1317.083333	E5	76	89	929	101.142803	E5	76	64	
955	1317.123958	Bb3	58	73	927	101.127419	Bb3	58	56	
956	1317.273958	C#3	49	74	930	101.281265	C#3	49	60	
957	1317.384375	F5	77	93	933	101.450365	F5	77	64	
958	1317.385417	C#4	61	79	931	101.435059	C#4	61	59	
959	1317.385417	F4	65	82	932	101.445263	F4	65	64	
960	1317.525000	C#3	49	65	934	101.593222	C#3	49	59	
961	1317.754167	G#5	80	92	937	101.761512	G#5	80	67	
962	1317.756250	F2	41	72	935	101.746283	F2	41	63	
963	1317.756250	G#4	68	80	936	101.761512	G#4	68	67	
964	1317.963542	C#3	49	77	938	101.898568	C#3	49	64	
965	1318.037500	F3	53	26	*	-1	*	-1	-1	
966	1318.152083	G5	79	95	940	102.055902	G5	79	70	
967	1318.154167	Bb3	58	79	939	102.050852	Bb3	58	62	
968	1318.154167	G4	67	87	941	102.071054	G4	67	69	
969	1318.286458	C#3	49	75	942	102.202367	C#3	49	64	
970	1318.394792	C#4	61	87	943	102.353882	C#4	61	67	
971	1318.405208	G#4	68	90	944	102.379109	G#4	68	67	
972	1318.405208	G#5	80	94	945	102.384135	G#5	80	67	
973	1318.505208	C#3	49	72	946	102.499712	C#3	49	69	
974	1318.676042	F2	41	69	947	102.655491	F2	41	70	
975	1318.685417	C5	72	97	948	102.665542	C5	72	71	
976	1318.685417	C6	84	91	949	102.675592	C6	84	71	
977	1318.831250	C#3	49	72	950	102.805592	C#3	49	72	
978	1319.003125	Bb5	82	98	953	102.975592	Bb5	82	71	
979	1319.004167	Bb3	58	82	951	102.955592	Bb3	58	73	
980	1319.004167	Bb4	70	97	952	102.965592	Bb4	70	71	
981	1319.109375	C#3	49	76	954	103.100045	C#3	49	72	
982	1319.193750	C5	72	99	957	103.264224	C5	72	76	
983	1319.196875	C6	84	94	956	103.259249	C6	84	76	
984	1319.217708	C#4	61	83	955	103.249298	C#4	61	74	
985	1319.321875	C#3	49	71	958	103.388109	C#3	49	77	
986	1319.422917	Eb5	75	104	960	103.556426	Eb5	75	76	
987	1319.422917	Eb6	87	102	961	103.561376	Eb6	87	76	
988	1319.427083	F2	41	82	959	103.551475	F2	41	77	
989	1319.532292	C#3	49	83	962	103.699429	C#3	49	74	
990	1319.677083	C#6	85	101	965	103.861991	C#6	85	80	
991	1319.682292	Bb3	58	91	963	103.847213	Bb3	58	77	
992	1319.683333	C#5	73	102	964	103.857065	C#5	73	80	
993	1319.785417	C#3	49	89	966	103.989611	C#3	49	75	
994	1319.878125	Eb5	75	100	968	104.131768	Eb5	75	81	
995	1319.878125	Eb6	87	100	967	104.121964	Eb6	87	82	
996	1319.883333	C#4	61	88	969	104.141572	C#4	61	78	
997	1319.975000	C#3	49	80	970	104.283274	C#3	49	78	
998	1320.073958	F2	41	93	971	104.434494	F2	41	80	
999	1320.073958	F5	77	105	973	104.449128	F5	77	84	
1000	1320.076042	F6	89	107	972	104.444250	F6	89	84	
1001	1320.165625	C#3	49	82	974	104.575602	C#3	49	81	
1002	1320.286458	E5	76	105	976	104.711524	E5	76	86	
1003	1320.286458	E6	88	103	975	104.701815	E6	88	86	
1004	1320.296875	Bb3	58	91	977	104.721233	Bb3	58	78	
1005	1320.395833	C#3	49	87	978	104.861681	C#3	49	81	
1006	1320.473958	F5	77	103	980	105.001778	F5	77	87	
1007	1320.475000	F6	89	107	979	104.996947	F6	89	87	
1008	1320.498958	C#4	61	91	981	105.011440	C#4	61	78	
1009	1320.594792	C#3	49	90	982	105.146473	C#3	49	81	
1010	1320.675000	G#6	92	102	983	105.300319	G#6	92	87	
1011	1320.676042	G#5	80	101	985	105.314742	G#5	80	87	
1012	1320.678125	F2	41	87	984	105.300319	F2	41	85	
1013	1320.780208	C#3	49	87	986	105.434705	C#3	49	82	
1014	1320.891667	G6	91	110	988	105.587815	G6	91	91	
1015	1320.893750	G5	79	107	989	105.587815	G5	79	91	
1016	1320.904167	Bb3	58	99	987	105.578245	Bb3	58	81	
1017	1321.015625	C#3	49	90	990	105.716729	C#3	49	85	
1018	1321.084375	G#5	80	105	993	105.877784	G#5	80	90	
1019	1321.084375	G#6	92	106	991	105.872784	G#6	92	90	
1020	1321.110417	C#4	61	85	992	105.872784	C#4	61	85	
1021	1321.118750	Bb3	58	78	*	-1	*	-1	-1	
1022	1321.213542	C#3	49	74	994	106.020794	C#3	49	90	
1023	1321.326042	F2	41	90	997	106.194535	F2	41	91	
1024	1321.334375	F3	53	82	*	-1	*	-1	-1	
1025	1321.367708	A5	81	109	995	106.164773	A5	81	83	
1026	1321.368750	A6	93	111	996	106.170725	A6	93	94	
1027	1321.414583	G#6	92	58	*	-1	*	-1	-1	
1028	1321.484375	C#3	49	88	1000	106.359836	C#3	49	90	
1029	1321.504167	Bb5	82	109	998	106.359836	Bb5	82	91	
1030	1321.506250	Bb6	94	104	999	106.359836	Bb6	94	101	
1031	1321.652083	C#6	85	108	1002	106.556944	C#6	85	96	
1032	1321.652083	C#7	97	111	1003	106.568438	C#7	97	107	
1033	1321.662500	Bb3	58	94	1001	106.539703	Bb3	58	90	
1034	1321.790625	C#3	49	92	1004	106.705096	C#3	49	88	
1035	1321.937500	C#4	61	86	1005	106.881985	C#4	61	86	
1036	1322.072917	C#3	49	87	1006	107.089754	C#3	49	79	
1037	1322.277083	F2	41	81	1007	107.325554	F2	41	76	
1038	1322.478125	C#3	49	77	1008	107.553017	C#3	49	74	
1039	1322.725000	Bb3	58	88	1009	107.779292	Bb3	58	69	
1040	1322.911458	C#3	49	86	1010	108.005829	C#3	49	64	
1041	1323.239583	E5	76	98	1012	108.219781	E5	76	79	
1042	1323.242708	E4	64	92	1011	108.219781	E4	64	75	
1043	1323.317708	C#4	61	70	1013	108.233295	C#4	61	60	
1044	1323.698958	C#3	49	60	1014	108.426598	C#3	49	58	
1045	1323.873958	F2	41	42	*	-1	*	-1	-1	
1046	1324.166667	G5	79	92	1015	108.625759	G5	79	72	
1047	1324.193750	G4	67	71	1016	108.625759	G4	67	71	
1048	1324.213542	F3	53	43	*	-1	*	-1	-1	
1049	1324.216667	F2	41	50	1017	108.631856	F2	41	64	
1050	1324.747917	C#3	49	54	1018	108.802107	C#3	49	65	
1051	1325.034375	G5	79	92	1021	108.988495	G5	79	80	
1052	1325.072917	G4	67	61	1020	108.988495	G4	67	72	
1053	1325.092708	Bb3	58	53	1019	108.982507	Bb3	58	63	
1054	1325.266667	C#3	49	56	1022	109.154846	C#3	49	63	
1055	1325.509375	G5	79	91	1024	109.342774	G5	79	79	
1056	1325.534375	G4	67	67	1025	109.342774	G4	67	68	
1057	1325.535417	C#3	49	48	*	-1	*	-1	-1	
1058	1325.535417	C#4	61	49	1023	109.336926	C#4	61	64	
1059	1325.765625	C#3	49	54	1026	109.505398	C#3	49	64	
1060	1326.180208	G5	79	77	1027	109.689144	G5	79	83	
1061	1326.214583	G4	67	42	1028	109.689144	G4	67	77	
1062	1326.217708	F2	41	40	1029	109.700572	F2	41	65	
1063	1326.688542	C3	48	44	1030	109.876324	C3	48	66	
1064	1326.993750	G#3	56	50	1031	110.044455	G#3	56	66	
1065	1327.213542	C3	48	39	1032	110.205566	C3	48	66	
1066	1327.500000	F5	77	66	1034	110.361122	F5	77	65	
1067	1327.525000	F4	65	38	1033	110.361122	F4	65	72	
1068	1327.544792	C4	60	44	1035	110.372233	C4	60	63	
1069	1327.834375	C3	48	38	1036	110.538900	C3	48	65	
1070	1328.273958	G4	67	45	1037	110.694455	G4	67	58	
1071	1328.306250	F2	41	35	1038	110.700338	F2	41	51	
1072	1328.631250	C#3	49	39	1039	110.876430	C#3	49	52	
1073	1328.857292	G4	67	60	1040	111.044969	G4	67	61	
1074	1328.941667	Bb3	58	45	1041	111.056530	Bb3	58	55	
1075	1329.084375	C#3	49	38	1042	111.223529	C#3	49	59	
1076	1329.259375	G4	67	64	1043	111.388789	G4	67	68	
1077	1329.296875	C#4	61	48	1044	111.394470	C#4	61	59	
1078	1329.483333	C#3	49	34	1045	111.558251	C#3	49	60	
1079	1329.848958	G4	67	46	1046	111.726038	G4	67	71	
1080	1329.862500	F2	41	44	1047	111.731594	F2	41	57	
1081	1330.140625	C3	48	47	1048	111.898260	C3	48	57	
1082	1330.407292	G#3	56	44	1049	112.070483	G#3	56	58	
1083	1330.586458	C3	48	35	1050	112.231011	C3	48	56	
1084	1330.928125	F4	65	35	1051	112.389841	F4	65	68	
1085	1330.956250	C4	60	27	1052	112.395276	C4	60	55	
1086	1331.312500	C3	48	43	1053	112.557850	C3	48	52	
1087	1331.834375	E5	76	77	1055	112.765993	E5	76	79	
1088	1331.853125	E4	64	56	1056	112.777689	E4	64	65	
1089	1331.895833	F2	41	48	*	-1	*	-1	-1	
1090	1332.167708	C#3	49	59	1057	112.899884	C#3	49	66	
1091	1332.358333	Eb5	75	89	1059	113.084027	Eb5	75	81	
1092	1332.368750	Eb4	63	71	1060	113.095455	Eb4	63	73	
1093	1332.425000	Bb3	58	50	1058	113.072598	Bb3	58	65	
1094	1332.556250	C#3	49	53	1061	113.243217	C#3	49	63	
1095	1332.713542	E5	76	89	1063	113.417408	E5	76	81	
1096	1332.725000	E4	64	74	1064	113.422995	E4	64	73	
1097	1332.735417	C#4	61	64	1062	113.411822	C#4	61	66	
1098	1332.739583	C#3	49	52	*	-1	*	-1	-1	
1099	1332.901042	C#3	49	50	1065	113.572936	C#3	49	63	
1100	1333.166667	F5	77	76	1068	113.781879	F5	77	80	
1101	1333.195833	F4	65	42	1067	113.776384	F4	65	73	
1102	1333.217708	F2	41	47	1066	113.743417	F2	41	59	
1103	1333.493750	C3	48	54	1069	113.913747	C3	48	63	
1104	1333.714583	G#3	56	47	1070	114.078582	G#3	56	64	
1105	1333.916667	C3	48	46	1071	114.237923	C3	48	64	
1106	1334.240625	C4	60	38	1072	114.408253	C4	60	65	
1107	1334.555208	C3	48	38	1073	114.567593	C3	48	65	
1108	1335.065625	E4	64	41	1074	114.715945	E4	64	65	
1109	1335.105208	F2	41	35	1075	114.739191	F2	41	52	
1110	1335.107292	C4	60	34	*	-1	*	-1	-1	
1111	1335.442708	C#3	49	35	1076	114.909818	C#3	49	52	
1112	1335.745833	Eb4	63	47	1077	115.083533	Eb4	63	58	
1113	1335.773958	Bb3	58	42	1078	115.089281	Bb3	58	53	
1114	1335.973958	C#3	49	36	1079	115.254510	C#3	49	52	
1115	1336.154167	E4	64	48	1080	115.417309	E4	64	65	
1116	1336.172917	C#4	61	44	1081	115.422864	C#4	61	48	
1117	1336.411458	C#3	49	36	1082	115.588674	C#3	49	50	
1118	1336.744792	F4	65	35	1084	115.772657	F4	65	70	
1119	1336.784375	F2	41	37	1083	115.756700	F2	41	56	
1120	1337.062500	C3	48	45	1085	115.906177	C3	48	51	
1121	1337.322917	G#3	56	39	1086	116.078714	G#3	56	51	
1122	1337.556250	C3	48	38	1087	116.236679	C3	48	50	
1123	1337.927083	C4	60	36	1088	116.401667	C4	60	53	
1124	1338.416667	C3	48	29	1089	116.568211	C3	48	57	
1125	1339.342708	F2	41	95	1092	116.723767	F2	41	76	
1126	1339.344792	G5	79	108	1091	116.723767	G5	79	82	
1127	1339.344792	G6	91	112	1090	116.723767	G6	91	90	
1128	1339.782292	C#3	49	91	1095	116.940628	C#3	49	77	
1129	1339.794792	G5	79	101	1096	117.054453	G5	79	77	
1130	1339.794792	G6	91	109	1097	117.054453	G6	91	89	
1131	1339.983333	G5	79	100	1100	117.206993	G5	79	77	
1132	1339.983333	G6	91	105	1099	117.200414	G6	91	90	
1133	1340.026042	Bb3	58	83	1098	117.140855	Bb3	58	73	
1134	1340.094792	G5	79	96	1102	117.351257	G5	79	83	
1135	1340.094792	G6	91	97	1103	117.357793	G6	91	91	
1136	1340.125000	C#3	49	88	1101	117.338185	C#3	49	73	
1137	1340.218750	G6	91	95	*	-1	*	-1	-1	
1138	1340.316667	G5	79	100	1105	117.520050	G5	79	81	
1139	1340.316667	G6	91	107	1104	117.513598	G6	91	98	
1140	1340.363542	C#4	61	101	1106	117.532953	C#4	61	72	
1141	1340.380208	C#3	49	61	*	-1	*	-1	-1	
1142	1340.945833	C#3	49	66	1107	117.718567	C#3	49	79	
1143	1341.082292	G4	67	95	1108	117.794597	G4	67	85	
1144	1341.082292	G5	79	97	1109	117.794597	G5	79	74	
1145	1341.222917	G5	79	93	1110	117.907884	G5	79	89	
1146	1341.232292	G4	67	83	1111	117.914134	G4	67	93	
1147	1341.243750	F2	41	66	1112	117.914134	F2	41	77	
1148	1341.620833	C3	48	51	1113	118.094107	C3	48	73	
1149	1341.864583	G#3	56	56	1114	118.284408	G#3	56	77	
1150	1342.114583	C3	48	44	1115	118.460535	C3	48	75	
1151	1342.389583	F5	77	69	1116	118.628741	F5	77	83	
1152	1342.422917	F3	53	36	*	-1	*	-1	-1	
1153	1342.428125	F4	65	38	1117	118.634729	F4	65	76	
1154	1342.468750	C4	60	46	1118	118.646634	C4	60	75	
1155	1342.828125	C3	48	40	1119	118.819253	C3	48	71	
1156	1343.443750	F2	41	33	1121	119.009019	F2	41	56	
1157	1343.516667	G5	79	57	1120	119.009019	G5	79	72	
1158	1343.881250	G5	79	63	1122	119.186682	G5	79	71	
1159	1343.906250	C#3	49	32	1123	119.207090	C#3	49	57	
1160	1344.079167	G5	79	59	1124	119.342455	G5	79	72	
1161	1344.238542	G5	79	61	1126	119.483306	G5	79	72	
1162	1344.378125	G5	79	66	1128	119.636374	G5	79	74	
1163	1344.453125	C#3	49	22	1127	119.609884	C#3	49	58	
1164	1344.567708	G5	79	66	1129	119.788169	G5	79	72	
1165	1344.765625	C#4	61	30	1130	119.814485	C#4	61	56	
1166	1345.186458	C#3	49	24	1131	119.990531	C#3	49	56	
1167	1345.375000	G4	67	51	1132	120.081273	G4	67	71	
1168	1345.753125	G4	67	45	1133	120.190785	G4	67	72	
1169	1345.775000	F2	41	38	1134	120.197195	F2	41	52	
1170	1346.092708	C3	48	43	1135	120.388646	C3	48	56	
1171	1346.394792	G#3	56	41	1136	120.584331	G#3	56	52	
1172	1346.660417	C3	48	38	1137	120.752967	C3	48	53	
1173	1347.039583	F4	65	36	1138	120.944670	F4	65	66	
1174	1347.056250	C4	60	33	1139	120.956940	C4	60	54	
1175	1347.483333	C3	48	33	1140	121.140391	C3	48	55	
1176	1348.214583	E5	76	88	1142	121.337226	E5	76	92	
1177	1348.223958	E4	64	75	1143	121.344689	E4	64	92	
1178	1348.237500	F2	41	65	1141	121.322301	F2	41	69	
1179	1348.631250	F5	77	101	1146	121.552487	F5	77	92	
1180	1348.634375	F4	65	92	1144	121.545134	F4	65	92	
1181	1348.636458	C#3	49	67	1145	121.545134	C#3	49	69	
1182	1348.872917	G5	79	100	1147	121.742592	G5	79	91	
1183	1348.873958	G4	67	102	1148	121.749838	G4	67	91	
1184	1348.905208	Bb3	58	78	1149	121.764331	Bb3	58	70	
1185	1349.086458	G#5	80	106	1151	121.980371	G#5	80	90	
1186	1349.087500	G#4	68	103	1150	121.973229	G#4	68	90	
1187	1349.093750	C#3	49	78	1152	121.980371	C#3	49	72	
1188	1349.328125	Bb5	82	99	1154	122.192992	Bb5	82	91	
1189	1349.332292	Bb4	70	102	1155	122.207077	Bb4	70	91	
1190	1349.339583	C#4	61	79	1153	122.185950	C#4	61	66	
1191	1349.355208	C#3	49	61	*	-1	*	-1	-1	
1192	1349.544792	G#4	68	98	1157	122.409586	G#4	68	93	
1193	1349.545833	G#5	80	98	1158	122.416531	G#5	80	95	
1194	1349.562500	C#3	49	70	1156	122.381808	C#3	49	65	
1195	1349.925000	F5	77	88	1160	122.615965	F5	77	94	
1196	1349.932292	F4	65	73	1161	122.622814	F4	65	94	
1197	1349.964583	F2	41	55	1159	122.602266	F2	41	65	
1198	1350.265625	C3	48	58	1162	122.806030	C3	48	67	
1199	1350.511458	G#3	56	54	1163	123.006658	G#3	56	69	
1200	1350.744792	C3	48	39	1164	123.198711	C3	48	65	
1201	1351.094792	C4	60	46	1165	123.404009	C4	60	68	
1202	1351.395833	C3	48	45	1166	123.602684	C3	48	68	
1203	1351.935417	E4	64	48	1168	123.825624	E4	64	62	
1204	1351.952083	F2	41	33	1167	123.809231	F2	41	57	
1205	1352.405208	F4	65	52	1170	124.054333	F4	65	65	
1206	1352.426042	C#3	49	32	1169	124.046203	C#3	49	54	
1207	1352.725000	G4	67	70	1172	124.296990	G4	67	61	
1208	1352.773958	Bb3	58	52	1171	124.288925	Bb3	58	58	
1209	1353.030208	G#4	68	73	1174	124.529058	G#4	68	58	
1210	1353.060417	C#3	49	39	1173	124.521122	C#3	49	54	
1211	1353.534375	Bb4	70	54	1176	124.774340	Bb4	70	62	
1212	1354.313542	C#3	49	27	1177	124.993767	C#3	49	54	
1213	1354.473958	G#4	68	46	1178	125.025017	G#4	68	61	
1214	1354.951042	G#4	68	46	1179	125.203493	G#4	68	52	
1215	1355.234375	F4	65	37	1181	125.273261	F4	65	67	
1216	1355.276042	C4	60	28	*	-1	*	-1	-1	
1217	1355.284375	F2	41	38	1180	125.226749	F2	41	54	
1218	1355.775000	C3	48	33	1182	125.476085	C3	48	55	
1219	1356.073958	G#3	56	40	1183	125.713243	G#3	56	55	
1220	1356.336458	C3	48	41	1184	125.937824	C3	48	54	
1221	1356.714583	C4	60	34	1185	126.197664	C4	60	56	
1222	1357.171875	C3	48	33	1186	126.453324	C3	48	58	
1223	1358.052083	Bb6	94	46	1188	126.726701	Bb6	94	65	
1224	1358.063542	F2	41	30	1187	126.703263	F2	41	63	
1225	1358.402083	C6	84	39	1189	126.961076	C6	84	65	
1226	1358.615625	G#6	92	58	1190	127.164201	G#6	92	72	
1227	1358.801042	C6	84	44	1191	127.336076	C6	84	68	
1228	1358.992708	C#6	85	53	1192	127.515763	C#6	85	60	
1229	1358.994792	Bb6	94	60	1193	127.515763	Bb6	94	73	
1230	1359.146875	C6	84	36	1195	127.656388	C6	84	74	
1231	1359.195833	F5	77	33	1194	127.656388	F5	77	48	
1232	1359.339583	G#6	92	60	1197	127.828263	G#6	92	73	
1233	1359.358333	C#6	85	47	1196	127.828263	C#6	85	59	
1234	1359.525000	F5	77	31	1198	127.984513	F5	77	57	
1235	1359.525000	C6	84	33	1199	127.984513	C6	84	74	
1236	1359.677083	Bb6	94	68	1201	128.164201	Bb6	94	73	
1237	1359.686458	C#6	85	50	1200	128.164201	C#6	85	63	
1238	1359.842708	C6	84	38	1203	128.343888	C6	84	66	
1239	1359.843750	F5	77	25	1202	128.343888	F5	77	55	
1240	1360.023958	G#6	92	60	1205	128.554826	G#6	92	68	
1241	1360.034375	C#6	85	52	1204	128.554826	C#6	85	63	
1242	1360.177083	C6	84	44	1207	128.765763	C6	84	58	
1243	1360.180208	F5	77	44	1206	128.765763	F5	77	52	
1244	1360.370833	G6	91	53	1209	129.023576	G6	91	68	
1245	1360.421875	Bb5	82	38	1208	129.023576	Bb5	82	55	
1246	1360.581250	G#5	80	49	1211	129.304826	G#5	80	65	
1247	1360.583333	F5	77	36	1210	129.304826	F5	77	46	
1248	1360.765625	Bb5	82	43	1212	129.539201	Bb5	82	62	
1249	1360.773958	F6	89	55	1213	129.539201	F6	89	69	
1250	1360.951042	G#5	80	47	1215	129.726701	G#5	80	66	
1251	1361.159375	G6	91	42	1217	129.945451	G6	91	70	
1252	1361.190625	Bb5	82	25	1216	129.945451	Bb5	82	60	
1253	1361.346875	G#5	80	47	1219	130.101701	G#5	80	67	
1254	1361.379167	F5	77	29	1218	130.101701	F5	77	44	
1255	1361.582292	F6	89	50	1221	130.328263	F6	89	74	
1256	1361.584375	Bb5	82	35	1220	130.328263	Bb5	82	62	
1257	1361.794792	G#5	80	45	1223	130.539201	G#5	80	65	
1258	1361.803125	F5	77	33	1222	130.539201	F5	77	44	
1259	1362.053125	G6	91	43	1224	130.797013	G6	91	65	
1260	1362.056250	Bb5	82	35	1225	130.797013	Bb5	82	55	
1261	1362.291667	G#5	80	45	1227	131.070451	G#5	80	62	
1262	1362.300000	F5	77	35	1226	131.070451	F5	77	42	
1263	1362.650000	F6	89	45	1229	131.375138	F6	89	68	
1264	1362.654167	Bb5	82	30	1228	131.375138	Bb5	82	53	
1265	1363.145833	G#5	80	38	1231	131.843888	G#5	80	62	
1266	1363.186458	F5	77	34	1230	131.843888	F5	77	42	
1267	1364.414583	F7	101	39	1233	133.047013	F7	101	65	
1268	1364.485417	F4	65	23	1232	133.047013	F4	65	52	
1269	1364.490625	F3	53	16	*	-1	*	-1	-1	
*	-1	*	-1	-1	134	16.845446	C3	48	60	
*	-1	*	-1	-1	368	44.204821	F#3	54	78	
*	-1	*	-1	-1	386	46.023800	E3	52	88	
*	-1	*	-1	-1	391	46.616327	C#3	49	82	
*	-1	*	-1	-1	395	46.905112	E3	52	81	
*	-1	*	-1	-1	635	70.968795	G#3	56	54	
*	-1	*	-1	-1	637	71.119837	C3	48	54	
*	-1	*	-1	-1	673	74.859420	C3	48	77	
*	-1	*	-1	-1	831	91.141378	C4	60	83	
*	-1	*	-1	-1	851	93.636170	A3	57	59	
*	-1	*	-1	-1	878	95.964295	F#3	54	73	
*	-1	*	-1	-1	1054	112.725057	F2	41	63	
*	-1	*	-1	-1	1125	119.416326	Bb3	58	59	
*	-1	*	-1	-1	1175	124.766466	C#4	61	57	
*	-1	*	-1	-1	1214	129.726701	F5	77	37	
*	-1	*	-1	-1	390	46.468761	E2	40	80	
*	-1	*	-1	-1	428	49.615257	G2	43	82	
*	-1	*	-1	-1	1093	116.900178	G5	79	82	
*	-1	*	-1	-1	1094	116.900178	G6	91	87	
