// alignID alignOntime alignSitch alignPitch alignOnvel refID refOntime refSitch refPitch refOnvel
0	3.891667	F#5	78	67	2	0.000000	F#5	78	70	
1	3.906250	F#4	66	37	0	0.000000	F#4	66	60	
2	3.916667	A3	57	41	4	0.000000	A3	57	60	
3	3.919792	C#4	61	35	5	0.000000	C#4	61	60	
4	3.919792	A4	69	33	*	-1	*	-1	-1	
5	3.921875	C#5	73	44	1	0.000000	C#5	73	60	
6	3.932292	Eb3	51	34	3	0.000000	Eb3	51	60	
7	5.406250	A5	81	70	8	1.250000	A5	81	70	
8	5.414583	E5	76	59	6	1.250000	E5	76	60	
9	5.422917	C#4	61	49	10	1.250000	C#4	61	60	
10	5.422917	C#5	73	53	*	-1	*	-1	-1	
11	5.435417	E4	64	49	9	1.250000	E4	64	60	
12	5.437500	A4	69	50	7	1.250000	A4	69	60	
13	5.438542	F#3	54	43	11	1.250000	F#3	54	60	
14	6.938542	B5	83	74	14	2.500000	B5	83	70	
15	6.941667	F#5	78	72	13	2.500000	F#5	78	60	
16	6.945833	B4	71	64	12	2.500000	B4	71	60	
17	6.952083	F#4	66	56	15	2.500000	F#4	66	60	
18	6.954167	A3	57	49	17	2.500000	A3	57	60	
19	6.958333	Eb5	75	52	*	-1	*	-1	-1	
20	6.959375	F#3	54	43	*	-1	*	-1	-1	
21	6.962500	Eb4	63	52	16	2.500000	Eb4	63	60	
22	7.464583	A5	81	80	20	2.916667	A5	81	70	
23	7.477083	E5	76	63	19	2.916667	E5	76	60	
24	7.484375	A4	69	63	18	2.916667	A4	69	60	
25	7.494792	E4	64	54	21	2.916667	E4	64	60	
26	7.501042	C#4	61	55	22	2.916667	C#4	61	60	
27	7.506250	F#3	54	46	23	2.916667	F#3	54	60	
28	7.847917	F#5	78	82	26	3.333333	F#5	78	70	
29	7.855208	F#4	66	59	24	3.333333	F#4	66	60	
30	7.859375	C#4	61	63	28	3.333333	C#4	61	60	
31	7.863542	C#5	73	65	25	3.333333	C#5	73	60	
32	7.864583	F#3	54	50	*	-1	*	-1	-1	
33	7.865625	Eb3	51	57	29	3.333333	Eb3	51	60	
34	7.868750	A3	57	58	27	3.333333	A3	57	60	
35	8.248958	E5	76	64	32	3.750000	E5	76	70	
36	8.261458	B4	71	61	31	3.750000	B4	71	60	
37	8.264583	E4	64	56	30	3.750000	E4	64	60	
38	8.292708	B3	59	51	35	3.750000	B3	59	60	
39	8.295833	E3	52	47	33	3.750000	E3	52	60	
40	8.303125	G#3	56	38	34	3.750000	G#3	56	60	
41	8.648958	G#2	44	59	39	4.375000	G#2	44	60	
42	8.782292	Eb3	51	51	40	4.479167	Eb3	51	60	
43	9.000000	G#5	80	61	38	4.375000	G#5	80	70	
44	9.003125	Eb5	75	58	36	4.375000	Eb5	75	60	
45	9.023958	G#4	68	43	37	4.375000	G#4	68	60	
46	9.034375	B3	59	50	*	-1	*	-1	-1	
47	9.989583	Eb5	75	45	42	5.000000	Eb5	75	60	
48	9.989583	G#5	80	54	45	5.000000	G#5	80	70	
49	10.005208	B3	59	43	47	5.000000	B3	59	60	
50	10.005208	B4	71	39	43	5.000000	B4	71	60	
51	10.006250	G#3	56	40	48	5.000000	G#3	56	60	
52	10.023958	G#4	68	33	44	5.000000	G#4	68	60	
53	13.066667	F#5	78	70	51	7.500000	F#5	78	70	
54	13.100000	F#4	66	37	49	7.500000	F#4	66	60	
55	13.105208	Eb3	51	37	52	7.500000	Eb3	51	60	
56	13.110417	A3	57	41	53	7.500000	A3	57	60	
57	13.112500	C#5	73	39	50	7.500000	C#5	73	60	
58	13.115625	C#4	61	35	54	7.500000	C#4	61	60	
59	13.831250	G#5	80	81	56	8.125000	G#5	80	70	
60	13.863542	G#4	68	55	55	8.125000	G#4	68	60	
61	14.687500	A5	81	66	59	8.750000	A5	81	70	
62	14.693750	E5	76	50	58	8.750000	E5	76	60	
63	14.714583	F#3	54	37	62	8.750000	F#3	54	60	
64	14.714583	C#4	61	39	61	8.750000	C#4	61	60	
65	14.723958	C#5	73	40	*	-1	*	-1	-1	
66	14.727083	E4	64	32	60	8.750000	E4	64	60	
67	14.733333	A4	69	33	57	8.750000	A4	69	60	
68	16.336458	F#5	78	61	64	10.000000	F#5	78	60	
69	16.336458	B5	83	66	65	10.000000	B5	83	70	
70	16.353125	B4	71	48	63	10.000000	B4	71	60	
71	16.357292	A3	57	44	68	10.000000	A3	57	60	
72	16.367708	F#4	66	41	66	10.000000	F#4	66	60	
73	16.370833	Eb4	63	48	67	10.000000	Eb4	63	60	
74	16.373958	F#3	54	34	*	-1	*	-1	-1	
75	16.854167	A5	81	75	71	10.416667	A5	81	70	
76	16.862500	E5	76	59	70	10.416667	E5	76	60	
77	16.878125	A4	69	60	69	10.416667	A4	69	60	
78	16.880208	C#5	73	53	*	-1	*	-1	-1	
79	16.883333	F#3	54	49	74	10.416667	F#3	54	60	
80	16.885417	C#4	61	52	73	10.416667	C#4	61	60	
81	16.885417	E4	64	48	72	10.416667	E4	64	60	
82	17.261458	F#5	78	77	77	10.833333	F#5	78	70	
83	17.285417	F#4	66	47	75	10.833333	F#4	66	60	
84	17.286458	A3	57	54	78	10.833333	A3	57	60	
85	17.289583	C#4	61	51	79	10.833333	C#4	61	60	
86	17.294792	C#5	73	55	76	10.833333	C#5	73	60	
87	17.295833	Eb3	51	48	80	10.833333	Eb3	51	60	
88	17.677083	E5	76	62	83	11.250000	E5	76	70	
89	17.683333	B4	71	59	82	11.250000	B4	71	60	
90	17.685417	E4	64	52	81	11.250000	E4	64	60	
91	17.698958	B3	59	53	86	11.250000	B3	59	60	
92	17.704167	E3	52	47	84	11.250000	E3	52	60	
93	17.706250	G#3	56	41	85	11.250000	G#3	56	60	
94	18.055208	G#2	44	60	90	11.875000	G#2	44	60	
95	18.203125	Eb3	51	52	91	11.979167	Eb3	51	60	
96	18.420833	G#5	80	63	89	11.875000	G#5	80	70	
97	18.425000	Eb5	75	66	87	11.875000	Eb5	75	60	
98	18.458333	G#4	68	42	95	12.500000	G#4	68	60	
99	18.466667	B3	59	46	98	12.500000	B3	59	60	
100	19.443750	Eb5	75	43	93	12.500000	Eb5	75	60	
101	19.445833	G#5	80	50	96	12.500000	G#5	80	70	
102	19.493750	B3	59	38	98	12.500000	B3	59	60	
103	19.497917	G#3	56	27	99	12.500000	G#3	56	60	
104	22.473958	G#4	68	61	100	15.000000	G#4	68	60	
105	22.526042	G#3	56	48	101	15.000000	G#3	56	60	
106	22.665625	G#3	56	20	*	-1	*	-1	-1	
107	23.222917	C#5	73	67	102	15.681818	C#5	73	60	
108	23.238542	C#4	61	46	103	15.681818	C#4	61	60	
109	23.244792	C#3	49	33	*	-1	*	-1	-1	
110	23.898958	C#5	73	67	104	16.363636	C#5	73	60	
111	23.931250	C#4	61	46	105	16.363636	C#4	61	60	
112	25.242708	B4	71	64	106	17.727272	B4	71	60	
113	25.264583	B3	59	47	107	17.727272	B3	59	60	
114	25.583333	A4	69	53	108	18.068181	A4	69	60	
115	25.620833	A3	57	44	109	18.068181	A3	57	60	
116	25.973958	G#4	68	49	110	18.409090	G#4	68	60	
117	25.980208	G#3	56	49	111	18.409090	G#3	56	60	
118	26.794792	G#4	68	44	112	19.090908	G#4	68	60	
119	26.838542	G#3	56	17	113	19.090908	G#3	56	60	
120	27.734375	C#4	61	42	114	19.772726	C#4	61	60	
121	27.777083	C#3	49	27	115	19.772726	C#3	49	60	
122	28.888542	C#4	61	47	116	20.454544	C#4	61	70	
123	28.905208	A3	57	41	119	20.454544	A3	57	60	
124	28.942708	A2	45	37	120	20.454544	A2	45	70	
125	29.821875	Eb4	63	59	122	21.204544	Eb4	63	70	
126	29.852083	G#3	56	43	124	21.204544	G#3	56	60	
127	29.857292	G#2	44	50	125	21.204544	G#2	44	70	
128	29.864583	B3	59	41	121	21.204544	B3	59	60	
129	30.535417	C#4	61	52	126	21.954544	C#4	61	60	
130	30.535417	E4	64	58	127	21.954544	E4	64	70	
131	30.555208	A3	57	45	129	21.954544	A3	57	60	
132	30.558333	E3	52	37	128	21.954544	E3	52	60	
133	30.565625	F#2	42	45	130	21.954544	F#2	42	70	
134	31.211458	G#4	68	62	134	22.704544	G#4	68	70	
135	31.214583	Eb4	63	53	133	22.704544	Eb4	63	60	
136	31.222917	G#3	56	61	131	22.704544	G#3	56	60	
137	31.223958	E2	40	47	135	22.704544	E2	40	70	
138	31.234375	B3	59	55	132	22.704544	B3	59	60	
139	31.859375	C#4	61	72	136	23.454544	C#4	61	70	
140	31.870833	A3	57	62	139	23.454544	A3	57	60	
141	31.885417	C#3	49	42	137	23.454544	C#3	49	60	
142	31.905208	A2	45	45	140	23.454544	A2	45	70	
143	31.906250	E3	52	38	138	23.454544	E3	52	60	
144	32.471875	Eb4	63	71	141	24.204544	Eb4	63	70	
145	32.484375	G#3	56	58	143	24.204544	G#3	56	60	
146	32.484375	B3	59	62	144	24.204544	B3	59	60	
147	32.487500	G#2	44	55	145	24.204544	G#2	44	70	
148	32.492708	Eb3	51	54	142	24.204544	Eb3	51	60	
149	33.073958	E4	64	75	147	24.954544	E4	64	70	
150	33.079167	C#4	61	66	146	24.954544	C#4	61	60	
151	33.091667	E3	52	55	148	24.954544	E3	52	60	
152	33.092708	A3	57	60	149	24.954544	A3	57	60	
153	33.094792	F#2	42	55	150	24.954544	F#2	42	70	
154	33.659375	G#4	68	87	154	25.704544	G#4	68	70	
155	33.662500	B3	59	74	152	25.704544	B3	59	60	
156	33.662500	Eb4	63	73	153	25.704544	Eb4	63	60	
157	33.665625	G#3	56	79	151	25.704544	G#3	56	60	
158	33.676042	E2	40	61	155	25.704544	E2	40	70	
159	33.683333	E1	28	66	*	-1	*	-1	-1	
160	34.281250	E4	64	86	158	26.454544	E4	64	67	
161	34.284375	C#4	61	82	157	26.454544	C#4	61	67	
162	34.284375	A4	69	88	159	26.454544	A4	69	77	
163	34.286458	A3	57	87	156	26.454544	A3	57	67	
164	34.301042	Eb3	51	75	161	26.454544	Eb3	51	77	
165	34.305208	Eb2	39	65	160	26.454544	Eb2	39	77	
166	34.967708	C#4	61	87	162	27.204544	C#4	61	74	
167	34.967708	E4	64	89	163	27.204544	E4	64	74	
168	34.968750	C#5	73	89	165	27.204544	C#5	73	84	
169	34.969792	G#4	68	85	164	27.204544	G#4	68	74	
170	34.977083	C#3	49	78	167	27.204544	C#3	49	84	
171	34.982292	C#2	37	76	166	27.204544	C#2	37	84	
172	35.789583	Eb5	75	92	171	27.954544	Eb5	75	90	
173	35.792708	Eb4	63	81	168	27.954544	Eb4	63	90	
174	35.792708	F#4	66	85	169	27.954544	F#4	66	90	
175	35.794792	B4	71	76	170	27.954544	B4	71	90	
176	35.815625	B1	35	66	172	27.954544	B1	35	90	
177	35.815625	B2	47	67	174	27.954544	B2	47	90	
178	35.816667	F#2	42	60	173	27.954544	F#2	42	90	
179	37.477083	Eb4	63	58	175	29.454544	Eb4	63	70	
180	37.477083	Eb5	75	66	178	29.454544	Eb5	75	80	
181	37.484375	F#4	66	53	176	29.454544	F#4	66	70	
182	37.485417	B4	71	55	177	29.454544	B4	71	70	
183	37.508333	B2	47	43	179	29.454544	B2	47	70	
184	41.232292	E5	76	70	184	32.612438	E5	76	90	
185	41.235417	E4	64	52	182	32.612438	E4	64	80	
186	41.244792	A4	69	57	183	32.612438	A4	69	80	
187	41.285417	C#4	61	43	186	32.612438	C#4	61	80	
188	41.291667	A3	57	44	185	32.612438	A3	57	80	
189	41.670833	Eb5	75	71	187	32.953347	Eb5	75	90	
190	42.025000	C#5	73	67	188	33.294256	C#5	73	90	
191	42.714583	C#5	73	59	191	33.976074	C#5	73	90	
192	42.725000	Bb4	70	49	190	33.976074	Bb4	70	80	
193	42.727083	F#3	54	42	192	33.976074	F#3	54	80	
194	42.737500	F#4	66	39	189	33.976074	F#4	66	80	
195	42.755208	Bb3	58	33	193	33.976074	Bb3	58	80	
196	44.008333	Bb4	70	42	196	35.339710	Bb4	70	80	
197	44.030208	Bb3	58	37	198	35.339710	Bb3	58	80	
198	44.032292	Eb3	51	36	197	35.339710	Eb3	51	80	
199	44.034375	F#4	66	27	195	35.339710	F#4	66	80	
200	44.681250	F#5	78	76	200	36.021528	F#5	78	90	
201	45.400000	E5	76	62	203	36.703346	E5	76	90	
202	45.421875	A3	57	40	204	36.703346	A3	57	80	
203	45.422917	C#4	61	39	205	36.703346	C#4	61	80	
204	45.425000	E4	64	39	201	36.703346	E4	64	80	
205	45.438542	A4	69	38	202	36.703346	A4	69	80	
206	45.766667	Eb5	75	66	206	37.044255	Eb5	75	90	
207	46.136458	C#5	73	56	207	37.385164	C#5	73	90	
208	46.948958	C#5	73	44	210	38.066982	C#5	73	90	
209	46.989583	Bb4	70	33	209	38.066982	Bb4	70	80	
210	46.993750	Bb3	58	30	212	38.066982	Bb3	58	80	
211	46.995833	C#4	61	28	213	38.066982	C#4	61	80	
212	47.003125	F#3	54	29	211	38.066982	F#3	54	80	
213	48.494792	Bb3	58	35	217	39.430618	Bb3	58	80	
214	48.513542	Eb3	51	26	216	39.430618	Eb3	51	80	
215	48.514583	F#3	54	17	*	-1	*	-1	-1	
216	49.346875	Eb5	75	48	219	40.112436	Eb5	75	90	
217	50.483333	G#4	68	28	221	40.794254	G#4	68	70	
218	50.505208	Bb3	58	27	220	40.794254	Bb3	58	60	
219	50.521875	C#3	49	17	223	40.794254	C#3	49	60	
220	50.539583	F#2	42	15	222	40.794254	F#2	42	60	
221	50.987500	F#4	66	37	225	41.135163	F#4	66	70	
222	51.378125	E4	64	36	227	41.476072	E4	64	70	
223	51.396875	B2	47	32	229	41.476072	B2	47	60	
224	51.398958	G#3	56	25	226	41.476072	G#3	56	60	
225	51.404167	D3	50	30	230	41.476072	D3	50	60	
226	52.067708	E4	64	42	232	42.157890	E4	64	70	
227	52.093750	F#3	54	38	231	42.157890	F#3	54	60	
228	52.097917	A2	45	35	234	42.157890	A2	45	60	
229	52.102083	C4	60	30	*	-1	*	-1	-1	
230	52.103125	D2	38	31	233	42.157890	D2	38	60	
231	52.105208	C3	48	31	235	42.157890	C3	48	60	
232	52.747917	G#3	56	53	236	42.839708	G#3	56	60	
233	52.751042	B2	47	37	238	42.839708	B2	47	60	
234	52.755208	E2	40	35	237	42.839708	E2	40	60	
235	52.755208	D3	50	38	239	42.839708	D3	50	60	
236	53.378125	Bb3	58	67	240	43.521526	Bb3	58	60	
237	53.390625	C#3	49	42	242	43.521526	C#3	49	60	
238	53.398958	E3	52	44	243	43.521526	E3	52	60	
239	53.402083	F#2	42	43	241	43.521526	F#2	42	60	
240	53.409375	D3	50	39	*	-1	*	-1	-1	
241	54.037500	F#4	66	52	245	44.203344	F#4	66	70	
242	54.065625	G#2	44	42	248	44.203344	G#2	44	60	
243	54.065625	F#3	54	33	246	44.203344	F#3	54	60	
244	54.066667	C4	60	39	244	44.203344	C4	60	60	
245	54.068750	Eb3	51	36	247	44.203344	Eb3	51	60	
246	54.904167	G#4	68	52	250	44.885162	G#4	68	70	
247	54.905208	C#3	49	35	252	44.885162	C#3	49	60	
248	54.915625	Bb3	58	36	249	44.885162	Bb3	58	60	
249	54.919792	F#2	42	34	251	44.885162	F#2	42	60	
250	54.922917	E3	52	31	253	44.885162	E3	52	60	
251	55.294792	F#4	66	47	254	45.226071	F#4	66	70	
252	55.605208	E4	64	48	256	45.566980	E4	64	70	
253	55.620833	G#3	56	41	255	45.566980	G#3	56	60	
254	55.634375	B2	47	36	258	45.566980	B2	47	60	
255	55.634375	D3	50	39	259	45.566980	D3	50	60	
256	55.640625	E2	40	34	257	45.566980	E2	40	60	
257	56.225000	E4	64	55	261	46.248798	E4	64	70	
258	56.244792	F#3	54	51	260	46.248798	F#3	54	60	
259	56.265625	C4	60	38	*	-1	*	-1	-1	
260	56.273958	A2	45	35	263	46.248798	A2	45	60	
261	56.273958	C3	48	36	264	46.248798	C3	48	60	
262	56.276042	D2	38	30	262	46.248798	D2	38	60	
263	56.881250	G#3	56	69	265	46.930616	G#3	56	60	
264	56.891667	D3	50	54	268	46.930616	D3	50	60	
265	56.894792	B2	47	53	267	46.930616	B2	47	60	
266	56.901042	E2	40	50	266	46.930616	E2	40	60	
267	57.515625	Bb3	58	75	269	47.612434	Bb3	58	60	
268	57.531250	E3	52	58	272	47.612434	E3	52	60	
269	57.535417	C#3	49	54	271	47.612434	C#3	49	60	
270	57.540625	F#2	42	54	270	47.612434	F#2	42	60	
271	58.214583	F#4	66	78	274	48.294252	F#4	66	70	
272	58.223958	C4	60	61	273	48.294252	C4	60	60	
273	58.242708	F#3	54	48	275	48.294252	F#3	54	60	
274	58.261458	Eb3	51	50	276	48.294252	Eb3	51	60	
275	58.264583	G#2	44	52	277	48.294252	G#2	44	60	
276	59.040625	C#4	61	79	279	48.976070	C#4	61	60	
277	59.070833	G#3	56	52	281	48.976070	G#3	56	50	
278	59.084375	E3	52	40	278	48.976070	E3	52	50	
279	59.091667	Bb2	46	48	280	48.976070	Bb2	46	50	
280	61.188542	F#4	66	60	283	51.021524	F#4	66	60	
281	61.191667	Bb3	58	46	282	51.021524	Bb3	58	50	
282	61.233333	C#3	49	38	285	51.021524	C#3	49	50	
283	61.237500	F#2	42	34	284	51.021524	F#2	42	50	
284	61.889583	C#4	61	52	287	51.703342	C#4	61	50	
285	61.902083	G#3	56	42	289	51.703342	G#3	56	50	
286	61.906250	Bb2	46	38	288	51.703342	Bb2	46	50	
287	61.909375	E3	52	33	286	51.703342	E3	52	50	
288	62.557292	F#4	66	47	291	52.385160	F#4	66	60	
289	62.584375	Bb3	58	34	290	52.385160	Bb3	58	50	
290	62.594792	F#3	54	28	*	-1	*	-1	-1	
291	62.602083	F#2	42	29	292	52.385160	F#2	42	50	
292	62.604167	C#3	49	29	293	52.385160	C#3	49	50	
293	63.308333	C#4	61	49	295	53.066978	C#4	61	50	
294	63.354167	Bb2	46	29	296	53.066978	Bb2	46	40	
295	63.359375	E3	52	27	294	53.066978	E3	52	40	
296	63.363542	G#3	56	28	297	53.066978	G#3	56	40	
297	64.190625	Eb4	63	42	300	53.816978	Eb4	63	50	
298	64.208333	G3	55	24	299	53.816978	G3	55	40	
299	64.211458	Bb2	46	30	302	53.816978	Bb2	46	40	
300	64.221875	Eb3	51	24	*	-1	*	-1	-1	
301	64.223958	Eb2	39	25	301	53.816978	Eb2	39	40	
302	65.245833	Eb4	63	36	305	54.566978	Eb4	63	50	
303	65.273958	G3	55	20	303	54.566978	G3	55	40	
304	65.282292	Bb2	46	16	307	54.566978	Bb2	46	40	
305	65.284375	Eb2	39	18	306	54.566978	Eb2	39	40	
306	71.113542	F#5	78	56	311	59.066978	F#5	78	70	
307	71.123958	C#4	61	36	314	59.066978	C#4	61	60	
308	71.129167	A3	57	40	313	59.066978	A3	57	60	
309	71.133333	Eb3	51	32	312	59.066978	Eb3	51	60	
310	72.645833	C#4	61	39	319	60.316978	C#4	61	60	
311	72.655208	A5	81	55	317	60.316978	A5	81	70	
312	72.657292	F#3	54	36	320	60.316978	F#3	54	60	
313	72.671875	E5	76	45	315	60.316978	E5	76	60	
314	72.683333	A4	69	33	316	60.316978	A4	69	60	
315	72.685417	E4	64	31	318	60.316978	E4	64	60	
316	74.177083	B5	83	69	323	61.566978	B5	83	70	
317	74.185417	B4	71	57	321	61.566978	B4	71	60	
318	74.185417	F#5	78	67	322	61.566978	F#5	78	60	
319	74.203125	A3	57	44	326	61.566978	A3	57	60	
320	74.204167	Eb5	75	48	324	61.566978	F#4	66	60	
321	74.208333	Eb4	63	50	325	61.566978	Eb4	63	60	
322	74.213542	F#3	54	38	*	-1	*	-1	-1	
323	74.686458	A5	81	79	329	61.983645	A5	81	70	
324	74.698958	A4	69	65	327	61.983645	A4	69	60	
325	74.704167	E5	76	59	328	61.983645	E5	76	60	
326	74.713542	F#3	54	48	332	61.983645	F#3	54	60	
327	74.713542	C#4	61	51	331	61.983645	C#4	61	60	
328	74.718750	E4	64	49	330	61.983645	E4	64	60	
329	74.723958	E3	52	43	*	-1	*	-1	-1	
330	75.100000	F#5	78	78	335	62.400311	F#5	78	70	
331	75.128125	F#4	66	54	333	62.400311	F#4	66	60	
332	75.143750	C#4	61	50	337	62.400311	C#4	61	60	
333	75.144792	C#5	73	44	334	62.400311	C#5	73	60	
334	75.145833	A3	57	50	336	62.400311	A3	57	60	
335	75.156250	Eb3	51	39	338	62.400311	Eb3	51	60	
336	75.541667	E5	76	64	341	62.816978	E5	76	70	
337	75.565625	E4	64	50	339	62.816978	E4	64	60	
338	75.565625	B4	71	59	340	62.816978	B4	71	60	
339	75.576042	B3	59	47	344	62.816978	B3	59	60	
340	75.582292	E3	52	41	342	62.816978	E3	52	60	
341	75.592708	G#3	56	32	343	62.816978	G#3	56	60	
342	75.932292	G#2	44	51	348	63.441978	G#2	44	60	
343	76.073958	Eb3	51	49	349	63.546145	Eb3	51	60	
344	76.289583	G#5	80	63	347	63.441978	G#5	80	70	
345	76.291667	Eb5	75	65	345	63.441978	Eb5	75	60	
346	76.321875	G#4	68	49	346	63.441978	G#4	68	60	
347	76.329167	B3	59	51	*	-1	*	-1	-1	
348	77.256250	G#5	80	53	354	64.066978	G#5	80	70	
349	77.280208	Eb5	75	53	351	64.066978	Eb5	75	60	
350	77.312500	B4	71	41	352	64.066978	B4	71	60	
351	77.315625	G#4	68	32	353	64.066978	G#4	68	60	
352	77.327083	B3	59	46	356	64.066978	B3	59	60	
353	77.331250	G#3	56	38	357	64.066978	G#3	56	60	
354	80.130208	F#5	78	61	360	66.566978	F#5	78	70	
355	80.146875	F#4	66	35	358	66.566978	F#4	66	60	
356	80.164583	A3	57	37	362	66.566978	A3	57	60	
357	80.165625	C#5	73	30	359	66.566978	C#5	73	60	
358	80.166667	Eb3	51	32	361	66.566978	Eb3	51	60	
359	80.166667	C#4	61	31	363	66.566978	C#4	61	60	
360	80.843750	G#5	80	79	365	67.191978	G#5	80	70	
361	80.864583	G#4	68	59	364	67.191978	G#4	68	60	
362	81.678125	A5	81	63	368	67.816978	A5	81	70	
363	81.697917	E5	76	52	367	67.816978	E5	76	60	
364	81.704167	C#4	61	36	370	67.816978	C#4	61	60	
365	81.707292	C#5	73	42	*	-1	*	-1	-1	
366	81.709375	F#3	54	38	371	67.816978	F#3	54	60	
367	81.713542	A4	69	44	366	67.816978	A4	69	60	
368	83.218750	B5	83	65	374	69.066978	B5	83	70	
369	83.223958	F#5	78	63	373	69.066978	F#5	78	60	
370	83.228125	B4	71	53	372	69.066978	B4	71	60	
371	83.235417	A3	57	44	377	69.066978	A3	57	60	
372	83.261458	Eb4	63	45	376	69.066978	Eb4	63	60	
373	83.263542	F#4	66	43	375	69.066978	F#4	66	60	
374	83.753125	A5	81	74	380	69.483645	A5	81	70	
375	83.755208	E5	76	60	379	69.483645	E5	76	60	
376	83.781250	A4	69	54	378	69.483645	A4	69	60	
377	83.785417	F#3	54	45	383	69.483645	F#3	54	60	
378	83.786458	C#4	61	54	382	69.483645	C#4	61	60	
379	83.792708	E4	64	49	381	69.483645	E4	64	60	
380	84.165625	F#5	78	77	386	69.900311	F#5	78	70	
381	84.204167	F#4	66	51	384	69.900311	F#4	66	60	
382	84.204167	C#5	73	50	385	69.900311	C#5	73	60	
383	84.207292	C#4	61	53	388	69.900311	C#4	61	60	
384	84.213542	Eb3	51	48	389	69.900311	Eb3	51	60	
385	84.213542	A3	57	50	387	69.900311	A3	57	60	
386	84.594792	E5	76	64	392	70.316978	E5	76	70	
387	84.614583	B4	71	59	391	70.316978	B4	71	60	
388	84.623958	B3	59	55	395	70.316978	B3	59	60	
389	84.626042	E3	52	48	393	70.316978	E3	52	60	
390	84.629167	G#4	68	43	390	70.316978	E4	64	60	
391	84.634375	G#3	56	42	394	70.316978	G#3	56	60	
392	84.928125	G#2	44	67	399	70.941978	G#2	44	60	
393	85.058333	Eb3	51	56	400	71.046145	Eb3	51	60	
394	85.263542	Eb5	75	69	402	71.566978	Eb5	75	60	
395	85.264583	G#5	80	75	405	71.566978	G#5	80	70	
396	85.305208	G#4	68	56	404	71.566978	G#4	68	60	
397	85.310417	B3	59	53	407	71.566978	B3	59	60	
398	86.146875	G#5	80	54	405	71.566978	G#5	80	70	
399	86.152083	Eb5	75	46	402	71.566978	Eb5	75	60	
400	86.183333	B4	71	37	403	71.566978	B4	71	60	
401	86.208333	B3	59	50	407	71.566978	B3	59	60	
402	86.212500	G#3	56	39	408	71.566978	G#3	56	60	
403	88.523958	C#3	49	50	413	74.066978	C#3	49	80	
404	88.727083	G#3	56	64	414	74.171145	G#3	56	80	
405	88.896875	C#4	61	58	415	74.275311	C#4	61	81	
406	89.013542	G#5	80	82	412	74.066978	G#5	80	90	
407	89.021875	G#4	68	70	409	74.066978	G#4	68	80	
408	89.053125	E4	64	56	416	74.379478	E4	64	82	
409	89.058333	E5	76	56	410	74.066978	E5	76	80	
410	89.755208	B5	83	96	418	74.691978	B5	83	94	
411	89.759375	B4	71	88	417	74.691978	B4	71	84	
412	89.911458	B2	47	63	423	75.316978	B2	47	88	
413	90.029167	F#3	54	79	424	75.421145	F#3	54	89	
414	90.148958	B3	59	79	425	75.525311	B3	59	89	
415	90.277083	Eb4	63	84	426	75.629478	Eb4	63	90	
416	90.426042	F#4	66	84	427	75.733645	F#4	66	91	
417	90.446875	B4	71	93	428	76.566978	C#5	73	97	
418	90.446875	B5	83	96	430	76.566978	C#6	85	107	
419	90.447917	Eb5	75	95	*	-1	*	-1	-1	
420	90.452083	F#5	78	95	429	76.566978	E5	76	97	
421	91.264583	A2	45	72	431	76.566978	A2	45	97	
422	91.347917	C#3	49	69	*	-1	*	-1	-1	
423	91.407292	E3	52	79	432	76.671145	E3	52	97	
424	91.553125	A3	57	68	433	76.775311	A3	57	98	
425	91.680208	C#4	61	85	436	76.879478	C#4	61	99	
426	91.742708	E4	64	77	437	76.983645	E4	64	99	
427	91.843750	A4	69	90	438	77.087811	A4	69	100	
428	91.843750	C#6	85	97	430	76.566978	C#6	85	107	
429	91.853125	C#5	73	92	428	76.566978	C#5	73	97	
430	91.854167	E5	76	90	429	76.566978	E5	76	97	
431	92.355208	B5	83	96	435	76.879478	B5	83	109	
432	92.362500	B4	71	88	*	-1	*	-1	-1	
433	92.792708	A5	81	94	440	77.191978	A5	81	110	
434	92.802083	A4	69	80	439	77.191978	A4	69	100	
435	93.375000	G#2	44	54	442	77.816978	G#2	44	70	
436	93.376042	G#1	32	47	441	77.816978	G#1	32	70	
437	94.102083	B2	47	65	444	78.441978	B2	47	68	
438	94.122917	B1	35	49	443	78.441978	B1	35	68	
439	94.919792	B2	47	50	446	79.066978	B2	47	65	
440	94.932292	B1	35	37	445	79.066978	B1	35	65	
441	96.414583	C#3	49	46	448	80.316978	C#3	49	60	
442	96.457292	C#2	37	30	447	80.316978	C#2	37	60	
443	96.909375	B2	47	42	450	80.657887	B2	47	59	
444	96.911458	B1	35	40	449	80.657887	B1	35	59	
445	97.348958	A2	45	45	452	80.998796	A2	45	57	
446	97.354167	A1	33	37	451	80.998796	A1	33	57	
447	97.795833	G#2	44	44	454	81.680614	G#2	44	55	
448	97.820833	G#1	32	28	453	81.680614	G#1	32	55	
449	98.598958	E2	40	35	456	82.430614	E2	40	52	
450	98.603125	E1	28	36	455	82.430614	E1	28	52	
451	99.484375	E2	40	26	458	83.180614	E2	40	50	
452	99.488542	E1	28	29	457	83.180614	E1	28	50	
453	101.243750	F#2	42	32	460	84.680614	F#2	42	44	
454	101.250000	F#1	30	26	459	84.680614	F#1	30	44	
455	103.581250	C#2	37	20	462	86.180614	C#2	37	40	
456	108.322917	C#4	61	24	465	90.680614	C#4	61	40	
457	108.334375	B3	59	25	464	90.680614	B3	59	40	
458	108.338542	G#2	44	36	466	90.680614	G#2	44	40	
459	108.339583	C#3	49	24	467	90.680614	C#3	49	40	
460	109.594792	F#3	54	34	468	91.930614	F#3	54	40	
461	109.596875	C#4	61	40	470	91.930614	C#4	61	40	
462	109.614583	B3	59	44	469	91.930614	B3	59	40	
463	109.635417	C#3	49	30	472	91.930614	C#3	49	40	
464	109.639583	G#2	44	36	471	91.930614	G#2	44	40	
465	110.747917	E4	64	51	474	93.180614	E4	64	40	
466	110.755208	A3	57	44	473	93.180614	A3	57	40	
467	110.756250	B2	47	43	477	93.180614	B2	47	40	
468	110.760417	A2	45	43	*	-1	*	-1	-1	
469	110.761458	B3	59	43	*	-1	*	-1	-1	
470	110.761458	D4	62	50	475	93.180614	D4	62	40	
471	110.765625	E3	52	38	476	93.180614	E3	52	40	
472	111.281250	G#3	56	57	478	93.805614	G#3	56	40	
473	111.515625	G3	55	56	479	94.118114	G3	55	40	
474	111.873958	C#4	61	51	481	94.430614	C#4	61	40	
475	111.884375	G#2	44	43	483	94.430614	G#2	44	40	
476	111.884375	C#3	49	35	484	94.430614	C#3	49	40	
477	111.884375	F#3	54	40	482	94.430614	F#3	54	40	
478	111.886458	B3	59	48	480	94.430614	B3	59	40	
479	113.166667	C#4	61	49	487	95.680614	C#4	61	40	
480	113.175000	C#3	49	42	489	95.680614	C#3	49	40	
481	113.176042	B3	59	54	486	95.680614	B3	59	40	
482	113.193750	G#2	44	43	488	95.680614	G#2	44	40	
483	113.193750	F#3	54	33	485	95.680614	F#3	54	40	
484	113.281250	B3	59	12	*	-1	*	-1	-1	
485	113.725000	C#2	37	46	490	96.305614	C#2	37	40	
486	114.803125	G#1	32	35	491	97.555614	G#1	32	40	
487	115.472917	B3	59	42	493	98.180614	B3	59	40	
488	115.473958	F#3	54	30	492	98.180614	F#3	54	40	
489	115.478125	C#4	61	35	494	98.180614	C#4	61	40	
490	115.525000	C#2	37	22	495	98.180614	C#1	25	40	
491	116.617708	C#4	61	56	498	99.430614	C#4	61	40	
492	116.645833	B3	59	43	497	99.430614	B3	59	40	
493	116.654167	C#3	49	36	500	99.430614	C#3	49	40	
494	116.654167	F#3	54	38	496	99.430614	F#3	54	40	
495	116.656250	G#2	44	40	499	99.430614	G#2	44	40	
496	117.633333	E4	64	67	501	100.680614	E4	64	40	
497	117.641667	A3	57	56	502	100.680614	A3	57	40	
498	117.661458	A2	45	43	*	-1	*	-1	-1	
499	117.675000	B2	47	41	505	100.680614	B2	47	40	
500	117.675000	E3	52	41	504	100.680614	E3	52	40	
501	118.131250	F#4	66	65	506	101.305614	F#4	66	40	
502	118.182292	G#2	44	39	*	-1	*	-1	-1	
503	118.185417	G#3	56	35	507	101.305614	G#3	56	40	
504	118.391667	G3	55	59	508	101.618114	G3	55	40	
505	118.743750	C#4	61	58	510	101.930614	C#4	61	40	
506	118.784375	G#2	44	45	512	101.930614	G#2	44	40	
507	118.785417	C#3	49	39	513	101.930614	C#3	49	40	
508	118.785417	B3	59	44	509	101.930614	B3	59	40	
509	119.962500	C#3	49	52	518	103.180614	C#3	49	40	
510	119.963542	B3	59	60	515	103.180614	B3	59	40	
511	119.963542	C#4	61	58	516	103.180614	C#4	61	40	
512	119.964583	F#3	54	46	514	103.180614	F#3	54	40	
513	120.005208	G#2	44	44	517	103.180614	G#2	44	40	
514	120.536458	C#2	37	49	519	103.805614	C#2	37	40	
515	121.563542	G#1	32	41	520	105.055614	G#1	32	40	
516	122.193750	E4	64	58	523	105.680614	E4	64	40	
517	122.209375	A3	57	51	521	105.680614	A3	57	40	
518	122.214583	D4	62	52	522	105.680614	D4	62	40	
519	122.225000	B2	47	40	524	105.680614	B2	47	40	
520	122.227083	B3	59	46	*	-1	*	-1	-1	
521	122.228125	E3	52	38	525	105.680614	E3	52	40	
522	123.282292	E4	64	68	526	106.930614	E4	64	40	
523	123.292708	A3	57	63	528	106.930614	A3	57	40	
524	123.295833	D4	62	60	527	106.930614	D4	62	40	
525	123.306250	E3	52	45	530	106.930614	E3	52	40	
526	123.308333	B2	47	45	529	106.930614	B2	47	40	
527	124.343750	G4	67	75	533	108.180614	G4	67	40	
528	124.352083	C4	60	66	531	108.180614	C4	60	40	
529	124.355208	F4	65	66	532	108.180614	F4	65	40	
530	124.358333	G3	55	53	534	108.180614	G3	55	40	
531	124.363542	B3	59	58	*	-1	*	-1	-1	
532	124.367708	D3	50	55	535	108.180614	D3	50	40	
533	124.880208	B3	59	72	536	108.805614	B3	59	40	
534	125.097917	Bb3	58	76	537	109.118114	Bb3	58	40	
535	125.415625	E4	64	77	540	109.430614	E4	64	40	
536	125.420833	A3	57	72	538	109.430614	A3	57	40	
537	125.425000	D4	62	73	539	109.430614	D4	62	40	
538	125.435417	E3	52	56	542	109.430614	E3	52	40	
539	125.443750	B3	59	66	*	-1	*	-1	-1	
540	125.446875	E2	40	46	*	-1	*	-1	-1	
541	125.447917	B2	47	54	541	109.430614	B2	47	40	
542	126.532292	A3	57	80	545	110.680614	A3	57	54	
543	126.534375	E4	64	84	543	110.680614	E4	64	54	
544	126.535417	E2	40	53	*	-1	*	-1	-1	
545	126.535417	D4	62	83	544	110.680614	D4	62	54	
546	126.536458	E3	52	61	547	110.680614	E3	52	54	
547	126.539583	B2	47	64	546	110.680614	B2	47	54	
548	126.544792	B1	35	52	*	-1	*	-1	-1	
549	127.612500	G4	67	82	548	111.930614	G4	67	69	
550	127.614583	C4	60	87	549	111.930614	C4	60	69	
551	127.614583	F4	65	79	*	-1	*	-1	-1	
552	127.620833	D2	38	63	*	-1	*	-1	-1	
553	127.620833	D3	50	70	551	111.930614	D3	50	69	
554	127.622917	G3	55	73	550	111.930614	G3	55	69	
555	128.193750	A4	69	88	*	-1	*	-1	-1	
556	128.196875	B3	59	79	553	112.555614	B3	59	77	
557	128.228125	D3	50	48	*	-1	*	-1	-1	
558	128.841667	Bb4	70	83	558	113.180614	Bb4	70	90	
559	128.846875	G#4	68	80	557	113.180614	G#4	68	90	
560	128.850000	Eb4	63	72	556	113.180614	Eb4	63	90	
561	128.853125	G#3	56	78	*	-1	*	-1	-1	
562	128.855208	Bb3	58	79	555	113.180614	Bb3	58	90	
563	128.855208	C4	60	69	*	-1	*	-1	-1	
564	128.863542	G#2	44	69	560	113.180614	G#2	44	80	
565	128.864583	F#3	54	69	561	113.180614	F#3	54	80	
566	128.867708	Eb2	39	60	559	113.180614	C#2	37	80	
567	129.914583	Bb4	70	91	562	114.430614	Bb4	70	90	
568	129.915625	C#4	61	86	564	114.430614	C#4	61	90	
569	129.917708	Bb3	58	88	565	114.430614	Bb3	58	90	
570	129.922917	F#4	66	84	563	114.430614	F#4	66	90	
571	129.925000	C#3	49	73	567	114.430614	C#3	49	80	
572	129.926042	F#3	54	79	566	114.430614	F#3	54	80	
573	129.927083	F#2	42	73	568	114.430614	F#2	42	80	
574	131.003125	Eb5	75	92	572	115.680614	Eb5	75	90	
575	131.008333	F#4	66	84	569	115.680614	F#4	66	80	
576	131.011458	F#3	54	76	575	115.680614	G#3	56	80	
577	131.013542	Eb4	63	81	571	115.680614	Eb4	63	90	
578	131.014583	Bb4	70	83	570	115.680614	Bb4	70	80	
579	131.015625	G#2	44	78	573	115.680614	G#2	44	80	
580	131.023958	G#1	32	72	*	-1	*	-1	-1	
581	131.026042	Eb3	51	73	574	115.680614	Eb3	51	80	
582	131.505208	C#5	73	86	577	116.305614	C#5	73	90	
583	131.509375	C#4	61	88	576	116.305614	C#4	61	90	
584	131.722917	C5	72	89	579	116.618114	C5	72	90	
585	131.723958	C4	60	86	578	116.618114	C4	60	90	
586	131.977083	Bb4	70	93	583	116.930614	Bb4	70	90	
587	131.983333	Bb3	58	90	582	116.930614	Bb3	58	90	
588	131.995833	F#3	54	81	586	116.930614	F#3	54	80	
589	132.001042	Eb2	39	74	584	116.930614	Eb2	39	80	
590	132.004167	G#2	44	77	585	116.930614	G#2	44	80	
591	132.504167	C5	72	95	587	117.555614	C5	72	94	
592	132.506250	C4	60	88	588	117.555614	C4	60	94	
593	132.691667	F#2	42	75	593	118.180614	F#2	42	88	
594	132.808333	C#3	49	86	594	118.180614	C#3	49	88	
595	132.990625	C#4	61	97	591	118.180614	C#4	61	98	
596	132.993750	C#5	73	99	592	118.180614	C#5	73	98	
597	133.003125	Bb3	58	82	595	118.180614	Bb3	58	88	
598	133.505208	Eb5	75	97	597	118.805614	Eb5	75	102	
599	133.508333	Eb4	63	90	596	118.805614	Eb4	63	102	
600	133.712500	Bb2	46	72	603	119.430614	Bb2	46	97	
601	133.822917	F3	53	75	602	119.430614	F3	53	97	
602	134.072917	F5	77	81	599	119.430614	F5	77	107	
603	134.083333	F4	65	69	600	119.430614	F4	65	107	
604	134.083333	Bb4	70	71	598	119.430614	Bb4	70	97	
605	134.115625	C#4	61	63	601	119.430614	C#4	61	97	
606	134.657292	C#5	73	75	604	120.055614	C#5	73	110	
607	135.456250	F4	65	46	606	120.680614	F4	65	70	
608	135.463542	C#4	61	33	605	120.680614	Eb4	63	60	
609	135.475000	G#3	56	34	607	120.680614	G#3	56	60	
610	135.489583	B3	59	36	608	120.680614	B3	59	60	
611	136.044792	G#4	68	55	609	121.362432	G#4	68	70	
612	136.071875	F3	53	34	610	121.362432	F3	53	60	
613	136.692708	C#5	73	53	613	122.044250	C#5	73	70	
614	136.732292	F#4	66	37	612	122.044250	F#4	66	60	
615	136.754167	D4	62	27	611	122.044250	D4	62	60	
616	136.766667	G#3	56	29	615	122.044250	G#3	56	60	
617	138.010417	B4	71	45	618	123.407886	B4	71	70	
618	138.071875	G#2	44	37	619	123.407886	G#2	44	60	
619	138.071875	Eb3	51	31	620	123.407886	Eb3	51	60	
620	138.352083	Bb4	70	44	622	123.748795	Bb4	70	65	
621	138.638542	G#4	68	52	623	124.089704	G#4	68	59	
622	139.270833	G#4	68	44	627	124.771522	G#4	68	50	
623	139.292708	B2	47	28	629	124.771522	B2	47	40	
624	139.294792	B3	59	32	625	124.771522	B3	59	50	
625	139.300000	E4	64	27	626	124.771522	E4	64	50	
626	139.992708	B1	35	37	631	125.453340	B1	35	40	
627	141.219792	E1	28	39	632	126.816976	E1	28	40	
628	142.045833	E1	28	14	633	127.498794	E1	28	40	
629	142.050000	E2	40	5	*	-1	*	-1	-1	
630	143.954167	E4	64	30	634	128.862430	E4	64	80	
631	144.015625	E2	40	24	637	128.862430	E2	40	70	
632	144.026042	D4	62	20	640	128.862430	B3	59	80	
633	144.031250	D3	50	22	638	128.862430	D3	50	70	
634	145.273958	A2	45	38	644	130.112430	A2	45	70	
635	145.285417	F#4	66	37	641	130.112430	F#4	66	80	
636	145.291667	F#3	54	30	647	130.112430	F#3	54	80	
637	145.297917	D2	38	29	645	130.112430	D2	38	70	
638	145.307292	D4	62	35	642	130.112430	D4	62	80	
639	146.513542	B3	59	48	654	131.362430	B3	59	80	
640	146.514583	E2	40	39	651	131.362430	E2	40	70	
641	146.514583	B4	71	53	650	131.362430	B4	71	80	
642	146.526042	B2	47	35	652	131.362430	B2	47	70	
643	146.545833	D4	62	32	648	131.362430	D4	62	70	
644	146.547917	F#4	66	33	649	131.362430	F#4	66	70	
645	147.063542	A4	69	49	655	131.987430	A4	69	80	
646	147.084375	A3	57	54	656	131.987430	A3	57	80	
647	147.290625	G#4	68	67	657	132.299930	G#4	68	80	
648	147.297917	G#3	56	65	658	132.299930	G#3	56	80	
649	147.511458	E2	40	53	663	132.612430	E2	40	70	
650	147.588542	F#4	66	63	661	132.612430	F#4	66	80	
651	147.593750	F#3	54	60	665	132.612430	F#3	54	80	
652	147.634375	D4	62	38	660	132.612430	E4	64	70	
653	147.641667	D3	50	47	*	-1	*	-1	-1	
654	148.096875	G#4	68	76	666	133.237430	G#4	68	80	
655	148.107292	G#3	56	68	667	133.237430	G#3	56	80	
656	148.264583	D2	38	49	671	133.862430	D2	38	70	
657	148.367708	A2	45	69	*	-1	*	-1	-1	
658	148.602083	A4	69	73	670	133.862430	A4	69	80	
659	148.605208	A3	57	67	674	133.862430	A3	57	80	
660	148.607292	F#4	66	70	669	133.862430	F#4	66	70	
661	148.614583	F#3	54	60	673	133.862430	F#3	54	70	
662	148.619792	A2	45	57	672	133.862430	A2	45	70	
663	148.628125	D4	62	59	668	133.862430	D4	62	70	
664	149.134375	B3	59	74	676	134.487430	B3	59	80	
665	149.134375	B4	71	81	675	134.487430	B4	71	80	
666	149.294792	F#2	42	59	682	135.112430	F#2	42	70	
667	149.475000	C#3	49	55	681	135.112430	C#3	49	70	
668	149.716667	C#5	73	65	679	135.112430	C#5	73	80	
669	149.723958	C#4	61	47	677	135.112430	C#4	61	70	
670	149.753125	F#4	66	43	678	135.112430	F#4	66	70	
671	149.753125	A4	69	41	*	-1	*	-1	-1	
672	149.756250	A3	57	43	680	135.112430	A3	57	70	
673	150.414583	A4	69	35	683	135.737430	A4	69	80	
674	151.229167	Eb5	75	55	687	136.362430	Eb5	75	60	
675	151.270833	F#4	66	31	684	136.362430	F#4	66	60	
676	151.275000	A3	57	35	689	136.362430	A3	57	60	
677	151.281250	C#4	61	29	690	136.362430	C#4	61	60	
678	151.284375	Eb4	63	31	691	136.362430	Eb4	63	60	
679	152.065625	E5	76	55	695	136.939353	E5	76	60	
680	152.071875	B3	59	49	697	136.939353	B3	59	60	
681	152.077083	G#3	56	43	696	136.939353	G#3	56	60	
682	152.096875	G#4	68	45	692	136.939353	G#4	68	60	
683	152.103125	C#4	61	36	698	136.939353	C#4	61	60	
684	152.108333	C#5	73	38	694	136.939353	C#5	73	60	
685	152.695833	E5	76	70	703	137.516276	E5	76	60	
686	152.717708	G#3	56	47	704	137.516276	G#3	56	60	
687	152.725000	G#4	68	58	700	137.516276	G#4	68	60	
688	152.729167	C#4	61	45	706	137.516276	C#4	61	60	
689	152.732292	B3	59	49	705	137.516276	B3	59	60	
690	152.733333	B4	71	54	701	137.516276	B4	71	60	
691	152.744792	C#5	73	45	702	137.516276	C#5	73	60	
692	153.261458	C#3	49	60	708	138.093199	C#3	49	70	
693	153.846875	Eb5	75	65	712	138.670122	Eb5	75	60	
694	153.884375	Eb4	63	41	716	138.670122	Eb4	63	60	
695	153.886458	F#3	54	40	713	138.670122	F#3	54	60	
696	153.894792	C#5	73	38	711	138.670122	C#5	73	60	
697	153.906250	A3	57	35	714	138.670122	A3	57	60	
698	153.912500	A4	69	35	710	138.670122	A4	69	60	
699	153.915625	C#4	61	32	715	138.670122	C#4	61	60	
700	154.514583	F#2	42	51	717	139.247045	F#2	42	70	
701	155.235417	Eb5	75	65	721	139.823968	Eb5	75	60	
702	155.266667	C#5	73	48	720	139.823968	C#5	73	60	
703	155.275000	F#1	30	54	722	139.823968	F#1	30	70	
704	155.286458	F#2	42	45	719	139.823968	A4	69	60	
705	155.868750	G#5	80	80	726	140.400891	G#5	80	60	
706	155.911458	E5	76	56	725	140.400891	E5	76	60	
707	155.932292	G#4	68	40	727	140.400891	G#4	68	60	
708	155.935417	B3	59	40	730	140.400891	B3	59	60	
709	155.935417	E4	64	47	728	140.400891	E4	64	60	
710	155.935417	B4	71	40	723	140.400891	B4	71	60	
711	155.936458	Eb4	63	41	729	140.400891	Eb4	63	60	
712	156.381250	F#5	78	79	734	140.977814	F#5	78	60	
713	156.390625	F#4	66	51	738	140.977814	F#4	66	60	
714	156.406250	Eb5	75	63	733	140.977814	Eb5	75	60	
715	156.414583	C#4	61	55	736	140.977814	C#4	61	60	
716	156.414583	Eb4	63	48	737	140.977814	Eb4	63	60	
717	156.652083	E5	76	70	742	141.266276	E5	76	60	
718	156.678125	C#5	73	55	741	141.266276	C#5	73	60	
719	156.680208	C#4	61	48	745	141.266276	C#4	61	60	
720	156.686458	G#3	56	50	743	141.266276	G#3	56	60	
721	156.691667	E4	64	42	746	141.266276	E4	64	60	
722	156.704167	B4	71	50	740	141.266276	B4	71	60	
723	156.706250	B3	59	52	744	141.266276	B3	59	60	
724	156.975000	Eb5	75	66	750	141.554737	Eb5	75	60	
725	157.035417	C#5	73	44	749	141.554737	C#5	73	60	
726	157.036458	Eb4	63	35	754	141.554737	Eb4	63	60	
727	157.040625	F#3	54	44	751	141.554737	F#3	54	60	
728	157.044792	A3	57	32	752	141.554737	A3	57	60	
729	157.044792	C#4	61	36	753	141.554737	C#4	61	60	
730	157.645833	Eb5	75	60	757	142.131660	Eb5	75	60	
731	157.695833	F#3	54	33	759	142.131660	F#3	54	60	
732	157.704167	Eb4	63	23	762	142.131660	Eb4	63	60	
733	157.706250	A3	57	35	760	142.131660	A3	57	60	
734	157.707292	C#5	73	36	758	142.131660	C#5	73	60	
735	157.709375	C#4	61	29	761	142.131660	C#4	61	60	
736	157.712500	F#4	66	28	755	142.131660	F#4	66	60	
737	157.721875	A4	69	28	756	142.131660	A4	69	60	
738	158.920833	F#5	78	77	766	143.285506	F#5	78	60	
739	158.975000	C#4	61	41	768	143.285506	C#4	61	60	
740	158.977083	A3	57	42	767	143.285506	A3	57	60	
741	158.978125	Eb4	63	40	769	143.285506	Eb4	63	60	
742	158.983333	A4	69	36	763	143.285506	A4	69	60	
743	158.983333	C#5	73	38	764	143.285506	C#5	73	60	
744	158.984375	F#4	66	37	770	143.285506	F#4	66	60	
745	159.566667	G#5	80	85	774	143.862429	G#5	80	60	
746	159.607292	B4	71	47	771	143.862429	B4	71	60	
747	159.607292	E5	76	60	773	143.862429	E5	76	60	
748	159.613542	B3	59	48	778	143.862429	B3	59	60	
749	159.615625	E4	64	50	776	143.862429	E4	64	60	
750	159.615625	G#4	68	41	775	143.862429	G#4	68	60	
751	160.113542	G#5	80	88	782	144.439352	G#5	80	60	
752	160.128125	E5	76	72	781	144.439352	E5	76	60	
753	160.143750	B4	71	66	779	144.439352	B4	71	60	
754	160.152083	B3	59	56	783	144.439352	B3	59	60	
755	160.154167	E4	64	57	785	144.439352	E4	64	60	
756	160.154167	G#4	68	51	786	144.439352	G#4	68	60	
757	160.156250	Eb5	75	66	780	144.439352	Eb5	75	60	
758	160.672917	C#3	49	73	787	145.016275	C#3	49	70	
759	161.198958	F#5	78	84	791	145.593198	F#5	78	60	
760	161.227083	Eb5	75	70	790	145.593198	Eb5	75	60	
761	161.235417	C#5	73	62	789	145.593198	C#5	73	60	
762	161.243750	A3	57	62	792	145.593198	A3	57	60	
763	161.243750	C#4	61	56	793	145.593198	C#4	61	60	
764	161.243750	F#4	66	62	795	145.593198	F#4	66	60	
765	161.244792	A4	69	63	788	145.593198	A4	69	60	
766	161.245833	Eb4	63	61	794	145.593198	Eb4	63	60	
767	161.822917	F#2	42	81	796	146.170121	F#2	42	70	
768	162.454167	F#5	78	89	800	146.747044	F#5	78	60	
769	162.473958	F#1	30	82	801	146.747044	F#1	30	70	
770	162.473958	A4	69	70	797	146.747044	A4	69	60	
771	162.473958	C#5	73	68	798	146.747044	C#5	73	60	
772	162.473958	Eb5	75	76	799	146.747044	Eb5	75	60	
773	163.141667	B5	83	87	805	147.323967	B5	83	60	
774	163.154167	F#5	78	81	803	147.323967	F#5	78	60	
775	163.166667	G#5	80	72	804	147.323967	G#5	80	60	
776	163.167708	B4	71	65	809	147.323967	B4	71	60	
777	163.170833	Eb5	75	67	802	147.323967	Eb5	75	60	
778	163.172917	Eb4	63	62	806	147.323967	Eb4	63	60	
779	163.177083	F#4	66	64	807	147.323967	F#4	66	60	
780	163.177083	G#4	68	64	808	147.323967	G#4	68	60	
781	163.651042	A5	81	88	813	147.900890	A5	81	60	
782	163.671875	C#4	61	68	814	147.900890	C#4	61	60	
783	163.672917	E5	76	72	811	147.900890	E5	76	60	
784	163.675000	F#3	54	52	*	-1	*	-1	-1	
785	163.675000	C#5	73	68	810	147.900890	C#5	73	60	
786	163.682292	E4	64	64	815	147.900890	E4	64	60	
787	163.683333	A4	69	63	817	147.900890	A4	69	60	
788	163.685417	F#5	78	69	812	147.900890	F#5	78	60	
789	163.925000	G#5	80	87	821	148.189352	G#5	80	60	
790	163.933333	Eb5	75	76	819	148.189352	Eb5	75	60	
791	163.935417	B4	71	74	818	148.189352	B4	71	60	
792	163.940625	E5	76	70	820	148.189352	E5	76	60	
793	163.943750	G#4	68	63	825	148.189352	G#4	68	60	
794	163.945833	Eb4	63	62	823	148.189352	Eb4	63	60	
795	163.968750	B3	59	51	822	148.189352	B3	59	60	
796	164.206250	F#5	78	88	829	148.477813	F#5	78	60	
797	164.207292	F#4	66	84	833	148.477813	F#4	66	60	
798	164.213542	A4	69	83	826	148.477813	A4	69	60	
799	164.216667	Eb5	75	81	828	148.477813	Eb5	75	60	
800	164.222917	Eb4	63	73	832	148.477813	Eb4	63	60	
801	164.223958	C#4	61	70	831	148.477813	C#4	61	60	
802	164.228125	A3	57	66	830	148.477813	A3	57	60	
803	164.718750	F#5	78	86	837	149.054736	F#5	78	60	
804	164.733333	A4	69	77	834	149.054736	A4	69	60	
805	164.734375	F#4	66	81	841	149.054736	F#4	66	60	
806	164.734375	Eb5	75	78	836	149.054736	Eb5	75	60	
807	164.735417	C#4	61	79	839	149.054736	C#4	61	60	
808	164.735417	C#5	73	76	835	149.054736	C#5	73	60	
809	164.742708	A3	57	70	838	149.054736	A3	57	60	
810	164.742708	Eb4	63	76	840	149.054736	Eb4	63	60	
811	165.195833	E6	88	94	845	149.631659	E6	88	70	
812	165.212500	A5	81	92	843	149.631659	A5	81	70	
813	165.219792	G#5	80	81	842	149.631659	G#5	80	70	
814	165.219792	C#6	85	86	844	149.631659	C#6	85	70	
815	165.221875	E5	76	86	849	149.631659	E5	76	70	
816	165.227083	C#5	73	77	848	149.631659	C#5	73	70	
817	165.234375	G#4	68	67	846	149.631659	G#4	68	70	
818	165.693750	C#6	85	92	853	150.208582	C#6	85	60	
819	165.701042	A5	81	86	852	150.208582	A5	81	60	
820	165.703125	E5	76	87	850	150.208582	E5	76	60	
821	165.704167	F#5	78	83	851	150.208582	F#5	78	60	
822	165.708333	F#4	66	77	855	150.208582	F#4	66	60	
823	165.712500	C#5	73	78	857	150.208582	C#5	73	60	
824	165.714583	E4	64	70	854	150.208582	E4	64	60	
825	165.723958	A4	69	82	856	150.208582	A4	69	60	
826	166.152083	B5	83	92	861	150.785505	B5	83	60	
827	166.156250	F#5	78	92	859	150.785505	F#5	78	60	
828	166.160417	B4	71	81	865	150.785505	B4	71	60	
829	166.161458	Eb5	75	90	858	150.785505	Eb5	75	60	
830	166.164583	F#4	66	75	863	150.785505	F#4	66	60	
831	166.164583	G#4	68	84	864	150.785505	G#4	68	60	
832	166.164583	G#5	80	84	860	150.785505	G#5	80	60	
833	166.165625	Eb4	63	74	862	150.785505	Eb4	63	60	
834	166.593750	A5	81	94	869	151.362428	A5	81	60	
835	166.602083	E5	76	90	867	151.362428	E5	76	60	
836	166.603125	F#4	66	87	872	151.362428	F#4	66	60	
837	166.603125	C#5	73	88	866	151.362428	C#5	73	60	
838	166.603125	F#5	78	88	868	151.362428	F#5	78	60	
839	166.604167	C#4	61	75	870	151.362428	C#4	61	60	
840	166.604167	A4	69	84	873	151.362428	A4	69	60	
841	166.605208	F#3	54	69	*	-1	*	-1	-1	
842	166.607292	E4	64	84	871	151.362428	E4	64	60	
843	167.025000	G#5	80	90	877	151.939351	G#5	80	60	
844	167.025000	B5	83	82	*	-1	*	-1	-1	
845	167.026042	Eb5	75	94	875	151.939351	Eb5	75	60	
846	167.031250	G#4	68	87	881	151.939351	G#4	68	60	
847	167.031250	B4	71	89	874	151.939351	B4	71	60	
848	167.034375	E4	64	82	880	151.939351	E4	64	60	
849	167.034375	E5	76	89	876	151.939351	E5	76	60	
850	167.035417	Eb4	63	77	879	151.939351	Eb4	63	60	
851	167.036458	B3	59	72	878	151.939351	B3	59	60	
852	167.446875	F#5	78	94	885	152.516274	F#5	78	60	
853	167.452083	F#4	66	93	889	152.516274	F#4	66	60	
854	167.454167	A4	69	83	882	152.516274	A4	69	60	
855	167.459375	Eb4	63	82	888	152.516274	Eb4	63	60	
856	167.461458	C#4	61	81	887	152.516274	C#4	61	60	
857	167.462500	Eb5	75	86	884	152.516274	Eb5	75	60	
858	167.463542	A3	57	78	886	152.516274	A3	57	60	
859	167.463542	C#5	73	82	883	152.516274	C#5	73	60	
860	167.865625	E6	88	95	893	153.093197	E6	88	70	
861	167.872917	A5	81	96	891	153.093197	A5	81	70	
862	167.873958	G#5	80	85	890	153.093197	G#5	80	70	
863	167.875000	E5	76	93	897	153.093197	E5	76	70	
864	167.878125	G#4	68	72	894	153.093197	G#4	68	70	
865	167.879167	C#6	85	91	892	153.093197	C#6	85	70	
866	167.894792	A4	69	82	895	153.093197	A4	69	70	
867	167.901042	C#5	73	76	896	153.093197	C#5	73	70	
868	168.275000	C#6	85	95	901	153.670120	C#6	85	60	
869	168.276042	A5	81	88	900	153.670120	A5	81	60	
870	168.277083	E5	76	91	898	153.670120	E5	76	60	
871	168.282292	F#5	78	90	899	153.670120	F#5	78	60	
872	168.284375	F#4	66	79	903	153.670120	F#4	66	60	
873	168.284375	C#5	73	85	905	153.670120	C#5	73	60	
874	168.285417	A4	69	85	904	153.670120	A4	69	60	
875	168.287500	E4	64	72	902	153.670120	E4	64	60	
876	168.655208	B5	83	91	909	154.247043	B5	83	60	
877	168.656250	Eb5	75	94	906	154.247043	Eb5	75	60	
878	168.660417	E5	76	93	907	154.247043	E5	76	60	
879	168.661458	B4	71	85	913	154.247043	B4	71	60	
880	168.664583	G#5	80	89	908	154.247043	G#5	80	60	
881	168.665625	G#4	68	88	912	154.247043	G#4	68	60	
882	168.667708	Eb4	63	75	910	154.247043	Eb4	63	60	
883	169.050000	A5	81	92	917	154.823966	A5	81	60	
884	169.061458	Eb4	63	81	919	154.823966	Eb4	63	60	
885	169.061458	C#5	73	85	914	154.823966	C#5	73	60	
886	169.061458	Eb5	75	88	915	154.823966	Eb5	75	60	
887	169.062500	A4	69	79	921	154.823966	A4	69	60	
888	169.063542	F#4	66	83	920	154.823966	F#4	66	60	
889	169.065625	F#5	78	84	916	154.823966	F#5	78	60	
890	169.066667	C#4	61	71	918	154.823966	C#4	61	60	
891	169.436458	G#5	80	92	925	155.400889	G#5	80	60	
892	169.442708	B4	71	90	922	155.400889	B4	71	60	
893	169.443750	G#4	68	89	929	155.400889	G#4	68	60	
894	169.445833	E5	76	81	924	155.400889	E5	76	60	
895	169.452083	C#4	61	81	927	155.400889	C#4	61	60	
896	169.453125	E4	64	83	928	155.400889	E4	64	60	
897	169.454167	B3	59	78	926	155.400889	B3	59	60	
898	169.827083	F#5	78	91	933	155.977812	F#5	78	60	
899	169.834375	B4	71	81	931	155.977812	B4	71	60	
900	169.836458	F#4	66	84	937	155.977812	F#4	66	60	
901	169.836458	Eb5	75	89	932	155.977812	Eb5	75	60	
902	169.841667	A4	69	82	930	155.977812	A4	69	60	
903	169.842708	Eb4	63	81	936	155.977812	Eb4	63	60	
904	169.843750	B3	59	77	935	155.977812	B3	59	60	
905	169.846875	A3	57	77	934	155.977812	A3	57	60	
906	170.214583	E5	76	84	941	156.554735	E5	76	70	
907	170.235417	A4	69	79	939	156.554735	A4	69	70	
908	170.242708	E4	64	71	945	156.554735	E4	64	70	
909	170.242708	C#5	73	77	940	156.554735	C#5	73	70	
910	170.243750	C#4	61	77	944	156.554735	C#4	61	70	
911	170.244792	A3	57	75	943	156.554735	A3	57	70	
912	170.644792	Eb5	75	79	949	157.131658	Eb5	75	60	
913	170.651042	Eb4	63	69	953	157.131658	Eb4	63	60	
914	170.651042	G#4	68	72	947	157.131658	G#4	68	60	
915	170.652083	B3	59	69	952	157.131658	B3	59	60	
916	170.652083	B4	71	69	948	157.131658	B4	71	60	
917	170.654167	F#3	54	64	950	157.131658	F#3	54	60	
918	170.655208	G#3	56	65	951	157.131658	G#3	56	60	
919	170.659375	G#2	44	57	*	-1	*	-1	-1	
920	171.094792	C#5	73	72	957	157.708581	C#5	73	60	
921	171.103125	E4	64	63	954	157.708581	E4	64	60	
922	171.104167	C#4	61	64	961	157.708581	C#4	61	60	
923	171.110417	F#3	54	62	959	157.708581	F#3	54	60	
924	171.113542	E3	52	52	958	157.708581	E3	52	60	
925	171.113542	A3	57	57	960	157.708581	A3	57	60	
926	171.113542	A4	69	58	956	157.708581	A4	69	60	
927	171.603125	B4	71	67	965	158.285504	B4	71	60	
928	171.617708	G#4	68	56	964	158.285504	G#4	68	60	
929	171.625000	Eb4	63	49	962	158.285504	Eb4	63	60	
930	171.631250	B3	59	49	969	158.285504	B3	59	60	
931	171.633333	E4	64	53	963	158.285504	E4	64	60	
932	171.641667	Eb3	51	50	966	158.285504	Eb3	51	60	
933	171.643750	G#3	56	49	968	158.285504	G#3	56	60	
934	172.739583	G#4	68	46	973	159.439350	G#4	68	60	
935	172.743750	E4	64	33	972	159.439350	E4	64	60	
936	172.750000	C#4	61	33	971	159.439350	C#4	61	60	
937	172.768750	B3	59	37	970	159.439350	B3	59	60	
938	172.784375	G#3	56	27	977	159.439350	G#3	56	60	
939	172.792708	E3	52	23	976	159.439350	E3	52	60	
940	172.794792	B2	47	27	974	159.439350	B2	47	60	
941	174.244792	D3	50	81	982	160.593196	D3	50	100	
942	174.244792	A3	57	81	980	160.593196	A3	57	100	
943	174.244792	F#4	66	78	979	160.593196	F#4	66	110	
944	174.245833	A2	45	79	983	160.593196	A2	45	100	
945	174.245833	D4	62	78	978	160.593196	D4	62	100	
946	174.247917	F#3	54	86	981	160.593196	F#3	54	100	
947	174.251042	D2	38	73	984	160.593196	D2	38	100	
948	175.584375	A4	69	97	985	161.843196	A4	69	110	
949	176.803125	B4	71	92	986	163.093196	B4	71	110	
950	177.235417	A4	69	84	987	163.509863	A4	69	110	
951	177.586458	F#4	66	88	988	163.926529	F#4	66	110	
952	177.975000	E4	64	77	992	164.343196	E4	64	110	
953	177.988542	B3	59	73	991	164.343196	B3	59	100	
954	177.994792	G#3	56	65	990	164.343196	G#3	56	100	
955	178.014583	B2	47	55	994	164.343196	B2	47	100	
956	178.025000	E2	40	56	993	164.343196	E2	40	100	
957	178.640625	G#4	68	93	995	164.968196	G#4	68	110	
958	178.745833	G#1	32	74	1000	165.593196	G#1	32	100	
959	178.936458	G#2	44	85	1001	165.697363	G#2	44	100	
960	179.347917	G#4	68	91	*	-1	*	-1	-1	
961	179.354167	Eb4	63	78	*	-1	*	-1	-1	
962	179.355208	G#3	56	71	*	-1	*	-1	-1	
963	179.359375	B3	59	80	*	-1	*	-1	-1	
964	179.368750	Eb3	51	67	1002	165.801529	Eb3	51	100	
965	181.617708	F#4	66	92	1004	168.093196	F#4	66	110	
966	181.619792	A3	57	90	1005	168.093196	A3	57	100	
967	181.622917	D4	62	86	1003	168.093196	D4	62	100	
968	181.623958	A2	45	82	1008	168.093196	A2	45	100	
969	181.625000	D3	50	84	1007	168.093196	D3	50	100	
970	181.625000	F#3	54	89	1006	168.093196	F#3	54	100	
971	181.626042	D2	38	77	1009	168.093196	D2	38	100	
972	182.287500	G#4	68	96	1010	168.718196	G#4	68	110	
973	182.925000	A4	69	86	1011	169.343196	A4	69	110	
974	184.134375	B4	71	90	1012	170.593196	B4	71	110	
975	184.556250	A4	69	86	1013	171.009863	A4	69	110	
976	184.902083	F#4	66	86	1014	171.426529	F#4	66	110	
977	185.321875	E4	64	75	1018	171.843196	E4	64	110	
978	185.333333	B3	59	66	1017	171.843196	B3	59	100	
979	185.342708	G#3	56	57	1016	171.843196	G#3	56	100	
980	185.343750	B2	47	53	1020	171.843196	B2	47	100	
981	185.344792	E2	40	54	1019	171.843196	E2	40	100	
982	186.025000	G#4	68	91	1021	172.468196	G#4	68	110	
983	186.053125	G#1	32	46	1026	173.093196	G#1	32	100	
984	186.157292	G#1	32	65	1027	173.197363	G#2	44	100	
985	186.384375	G#2	44	74	1022	173.093196	G#3	56	100	
986	186.879167	G#4	68	83	*	-1	*	-1	-1	
987	186.894792	G#3	56	58	*	-1	*	-1	-1	
988	186.901042	Eb4	63	60	*	-1	*	-1	-1	
989	186.902083	B3	59	65	*	-1	*	-1	-1	
990	186.904167	Eb3	51	54	1028	173.301529	Eb3	51	100	
991	189.698958	G#5	80	56	1030	175.593196	G#5	80	70	
992	189.734375	C#4	61	31	1031	175.593196	C#4	61	60	
993	189.734375	G#4	68	28	1033	175.593196	G#4	68	60	
994	189.737500	E4	64	29	1032	175.593196	E4	64	60	
995	189.738542	C#5	73	31	1029	175.593196	C#5	73	60	
996	190.334375	C#6	85	55	1034	176.218196	C#6	85	70	
997	190.980208	C#6	85	55	1037	176.843196	C#6	85	70	
998	191.014583	F#5	78	39	1035	176.843196	F#5	78	60	
999	191.021875	Eb4	63	30	1038	176.843196	Eb4	63	60	
1000	191.027083	F#4	66	30	1039	176.843196	F#4	66	60	
1001	191.027083	G#4	68	30	1040	176.843196	G#4	68	60	
1002	191.029167	C#5	73	24	1036	176.843196	C#5	73	60	
1003	192.284375	B5	83	51	1043	178.093196	B5	83	70	
1004	192.316667	E4	64	25	1044	178.093196	E4	64	60	
1005	192.316667	G#4	68	30	1045	178.093196	G#4	68	60	
1006	192.620833	A5	81	52	1046	178.405696	A5	81	70	
1007	193.016667	G#5	80	51	1047	178.718196	G#5	80	70	
1008	193.922917	G#5	80	42	1049	179.343196	G#5	80	70	
1009	193.958333	C#5	73	29	1048	179.343196	C#5	73	60	
1010	193.973958	F#4	66	19	1050	179.343196	F#4	66	60	
1011	194.823958	C#5	73	33	1053	179.968196	C#5	73	70	
1012	194.846875	E4	64	25	1054	179.968196	E4	64	60	
1013	194.848958	G#4	68	33	1055	179.968196	G#4	68	60	
1014	194.848958	A4	69	27	1052	179.968196	A4	69	60	
1015	195.541667	Eb4	63	39	1058	180.593196	Eb4	63	60	
1016	195.545833	C#5	73	39	1057	180.593196	C#5	73	70	
1017	195.571875	A4	69	26	1056	180.593196	A4	69	60	
1018	195.576042	F#4	66	21	1059	180.593196	F#4	66	60	
1019	196.230208	Eb5	75	60	1060	181.218196	Eb5	75	70	
1020	196.837500	E5	76	57	1063	181.843196	E5	76	70	
1021	196.848958	C#4	61	41	1064	181.843196	C#4	61	60	
1022	196.848958	G#4	68	41	1061	181.843196	G#4	68	60	
1023	196.854167	C#5	73	44	1062	181.843196	C#5	73	60	
1024	196.863542	E4	64	32	1065	181.843196	E4	64	60	
1025	197.430208	G#5	80	66	1066	182.468196	G#5	80	70	
1026	197.984375	C#5	73	57	1069	183.093196	C#5	73	70	
1027	197.984375	Eb5	75	51	*	-1	*	-1	-1	
1028	197.997917	F#4	66	38	1068	183.093196	F#4	66	60	
1029	197.998958	A4	69	47	1067	183.093196	A4	69	60	
1030	198.000000	B3	59	46	1071	183.093196	B3	59	60	
1031	198.005208	Eb4	63	37	1070	183.093196	Eb4	63	60	
1032	198.566667	Eb5	75	76	1072	183.718196	Eb5	75	74	
1033	199.120833	E5	76	69	1076	184.343196	E5	76	78	
1034	199.122917	E4	64	61	1073	184.343196	E4	64	68	
1035	199.128125	C#5	73	61	1075	184.343196	C#5	73	68	
1036	199.133333	A4	69	57	1074	184.343196	A4	69	68	
1037	199.135417	C#4	61	58	1078	184.343196	C#4	61	68	
1038	199.140625	A3	57	56	1077	184.343196	A3	57	68	
1039	199.690625	G#5	80	88	1082	185.025014	G#5	80	82	
1040	199.697917	Eb5	75	82	1079	185.025014	Eb5	75	72	
1041	199.704167	B4	71	74	1080	185.025014	B4	71	72	
1042	199.708333	G#4	68	73	1081	185.025014	G#4	68	72	
1043	199.713542	G#3	56	68	1083	185.025014	G#3	56	72	
1044	199.713542	B3	59	67	1084	185.025014	B3	59	72	
1045	199.714583	Eb4	63	70	1085	185.025014	Eb4	63	72	
1046	200.294792	A5	81	89	1089	185.706832	A5	81	87	
1047	200.302083	F#5	78	84	1086	185.706832	F#5	78	77	
1048	200.306250	A4	69	80	1088	185.706832	A4	69	77	
1049	200.306250	C#5	73	79	1087	185.706832	C#5	73	77	
1050	200.308333	F#4	66	81	1090	185.706832	F#4	66	77	
1051	200.311458	A3	57	75	1092	185.706832	A3	57	77	
1052	200.312500	F#3	54	74	1093	185.706832	F#3	54	77	
1053	200.312500	C#4	61	75	1091	185.706832	C#4	61	77	
1054	200.953125	C#6	85	93	1094	186.388650	C#6	85	90	
1055	201.813542	Eb6	87	58	1095	187.070468	Eb6	87	60	
1056	201.855208	B5	83	46	1096	187.070468	B5	83	60	
1057	201.864583	Eb5	75	40	1098	187.070468	Eb5	75	60	
1058	201.883333	F#5	78	41	1097	187.070468	F#5	78	60	
1059	201.884375	F#3	54	33	*	-1	*	-1	-1	
1060	201.893750	F#2	42	35	1100	187.070468	F#2	42	60	
1061	201.894792	B2	47	28	1101	187.070468	B2	47	60	
1062	203.394792	Eb6	87	44	1105	188.434104	Eb6	87	70	
1063	203.443750	Eb5	75	25	1102	188.434104	Eb5	75	70	
1064	203.457292	B3	59	36	1106	188.434104	B3	59	70	
1065	203.464583	F#4	66	20	1108	188.434104	F#4	66	70	
1066	203.477083	B4	71	29	1109	188.434104	B4	71	70	
1067	203.477083	B5	83	28	1104	188.434104	B5	83	70	
1068	205.708333	G#2	44	43	1110	191.059104	G#2	44	50	
1069	205.946875	Eb3	51	43	1111	191.246604	Eb3	51	50	
1070	206.394792	Eb5	75	53	1112	191.434104	Eb5	75	50	
1071	206.431250	Bb3	58	32	1116	191.434104	Bb3	58	50	
1072	206.432292	Eb4	63	19	1115	191.434104	Eb4	63	50	
1073	206.433333	Bb4	70	37	1113	191.434104	Bb4	70	50	
1074	206.442708	F#3	54	31	1117	191.434104	F#3	54	50	
1075	207.712500	Eb5	75	48	1118	192.684104	Eb5	75	50	
1076	207.727083	Bb4	70	36	1119	192.684104	Bb4	70	50	
1077	207.735417	Eb4	63	28	1121	192.684104	Eb4	63	50	
1078	207.754167	F#3	54	29	1123	192.684104	F#3	54	50	
1079	207.754167	Bb3	58	23	1122	192.684104	Bb3	58	50	
1080	209.645833	F5	77	46	1124	194.559104	F5	77	50	
1081	209.650000	G#4	68	41	1126	194.559104	G#4	68	50	
1082	209.650000	C5	72	51	1125	194.559104	C5	72	50	
1083	209.671875	G#3	56	38	1129	194.559104	G#3	56	50	
1084	209.672917	F4	65	25	1127	194.559104	F4	65	50	
1085	209.691667	C4	60	24	1128	194.559104	C4	60	50	
1086	210.363542	C#5	73	57	1130	195.184104	C#5	73	50	
1087	210.368750	G#4	68	45	1131	195.184104	G#4	68	50	
1088	210.386458	C#4	61	30	1133	195.184104	C#4	61	50	
1089	210.402083	E4	64	33	1132	195.184104	E4	64	50	
1090	210.405208	G#3	56	37	1135	195.184104	G#3	56	50	
1091	210.411458	C#3	49	27	1134	195.184104	C#3	49	50	
1092	210.956250	G#4	68	65	1136	195.809104	G#4	68	50	
1093	210.994792	G#2	44	28	1140	196.434104	F#2	42	50	
1094	210.994792	G#3	56	28	1137	196.434104	Bb3	58	50	
1095	211.536458	G#4	68	62	1139	196.434104	G#4	68	50	
1096	211.541667	E4	64	45	1138	196.434104	E4	64	50	
1097	211.565625	Bb3	58	40	1137	196.434104	Bb3	58	50	
1098	211.607292	F#2	42	34	1140	196.434104	F#2	42	50	
1099	212.786458	F#4	66	39	1142	197.684104	F#4	66	50	
1100	212.836458	F#3	54	22	1145	197.684104	F#3	54	50	
1101	212.839583	B2	47	31	1146	197.684104	B2	47	50	
1102	212.844792	D4	62	24	1143	197.684104	D4	62	50	
1103	212.850000	B3	59	27	1144	197.684104	B3	59	50	
1104	213.655208	G#2	44	55	1147	198.621604	G#2	44	50	
1105	213.834375	Eb3	51	56	1148	198.777854	Eb3	51	50	
1106	214.055208	Eb5	75	68	1149	198.934104	Eb5	75	51	
1107	214.077083	Bb4	70	51	1150	198.934104	Bb4	70	51	
1108	214.078125	F#4	66	50	1151	198.934104	F#4	66	51	
1109	214.083333	Eb4	63	48	1152	198.934104	Eb4	63	51	
1110	214.126042	Bb3	58	44	1153	198.934104	Bb3	58	51	
1111	214.134375	F#3	54	39	1154	198.934104	F#3	54	51	
1112	215.235417	Eb5	75	78	1155	200.184104	Eb5	75	59	
1113	215.243750	F#4	66	67	1157	200.184104	F#4	66	59	
1114	215.250000	Bb4	70	61	1156	200.184104	Bb4	70	59	
1115	215.253125	Eb4	63	55	1158	200.184104	Eb4	63	59	
1116	215.261458	Bb3	58	51	1159	200.184104	Bb3	58	59	
1117	215.264583	F#3	54	53	1160	200.184104	F#3	54	59	
1118	216.857292	F5	77	79	1161	202.059104	F5	77	70	
1119	216.864583	C5	72	78	1162	202.059104	C5	72	70	
1120	216.867708	G#4	68	74	1163	202.059104	G#4	68	70	
1121	216.873958	F4	65	64	1164	202.059104	F4	65	70	
1122	216.880208	G#3	56	64	1166	202.059104	G#3	56	70	
1123	216.884375	C4	60	61	1165	202.059104	C4	60	70	
1124	217.405208	C#5	73	79	1167	202.684104	C#5	73	74	
1125	217.412500	C#4	61	76	1170	202.684104	C#4	61	74	
1126	217.414583	E4	64	73	1169	202.684104	E4	64	74	
1127	217.414583	G#4	68	72	1168	202.684104	G#4	68	74	
1128	217.415625	G#3	56	67	1172	202.684104	G#3	56	74	
1129	217.421875	C#3	49	64	1171	202.684104	C#3	49	74	
1130	217.945833	G#4	68	90	1173	203.309104	G#4	68	78	
1131	217.985417	E2	40	60	1178	203.934104	E2	40	80	
1132	218.078125	B2	47	73	1179	203.986187	B2	47	80	
1133	218.212500	E3	52	72	1183	204.194521	E4	64	80	
1134	218.344792	G#4	68	67	1191	205.965354	D4	62	80	
1135	218.353125	G#3	56	71	1189	205.861187	F#3	54	80	
1136	218.384375	B4	71	72	1186	205.809104	B4	71	80	
1137	218.405208	B3	59	69	1190	205.913271	B3	59	80	
1138	218.485417	E5	76	77	1195	206.434104	E5	76	80	
1139	218.527083	E4	64	85	1198	206.434104	E4	64	80	
1140	218.532292	G#5	80	91	1194	206.434104	G#5	80	80	
1141	219.833333	B2	47	66	1200	206.954937	B2	47	83	
1142	219.942708	F#3	54	74	1201	207.007021	F#3	54	83	
1143	220.094792	F#5	78	86	1202	207.059104	F#5	78	84	
1144	220.098958	F#4	66	90	1205	207.059104	F#4	66	84	
1145	220.105208	B4	71	71	1204	207.059104	B4	71	84	
1146	220.105208	D5	74	76	1203	207.059104	D5	74	84	
1147	220.126042	B3	59	62	1207	207.059104	B3	59	84	
1148	220.131250	D4	62	77	1206	207.059104	D4	62	84	
1149	220.634375	G#5	80	94	1208	207.371604	G#5	80	85	
1150	220.635417	B4	71	86	1210	207.371604	B4	71	85	
1151	220.641667	G#4	68	90	1211	207.371604	G#4	68	85	
1152	220.641667	E5	76	80	1209	207.371604	E5	76	85	
1153	220.644792	E3	52	69	1214	207.371604	E3	52	85	
1154	220.644792	B3	59	78	1213	207.371604	B3	59	85	
1155	220.645833	B2	47	62	*	-1	*	-1	-1	
1156	220.957292	B2	47	55	1219	207.684104	E3	52	87	
1157	220.973958	C3	48	52	1221	207.684104	B3	59	87	
1158	221.025000	F#3	54	67	1220	207.684104	E4	64	87	
1159	221.197917	F#5	78	89	*	-1	*	-1	-1	
1160	221.198958	F#4	66	92	*	-1	*	-1	-1	
1161	221.203125	B3	59	73	*	-1	*	-1	-1	
1162	221.203125	D4	62	79	*	-1	*	-1	-1	
1163	221.203125	B4	71	77	1216	207.684104	B4	71	87	
1164	221.203125	D5	74	76	*	-1	*	-1	-1	
1165	221.464583	G#5	80	86	1218	207.684104	G#5	80	87	
1166	221.471875	G#4	68	101	1215	207.684104	G#4	68	87	
1167	221.471875	E5	76	79	1217	207.684104	E5	76	87	
1168	221.472917	B4	71	72	*	-1	*	-1	-1	
1169	221.473958	E4	64	91	*	-1	*	-1	-1	
1170	221.475000	E3	52	78	*	-1	*	-1	-1	
1171	221.475000	B3	59	83	*	-1	*	-1	-1	
1172	221.717708	G#4	68	102	*	-1	*	-1	-1	
1173	221.717708	B4	71	85	*	-1	*	-1	-1	
1174	221.718750	G#5	80	93	*	-1	*	-1	-1	
1175	221.719792	E4	64	86	*	-1	*	-1	-1	
1176	221.722917	B3	59	86	*	-1	*	-1	-1	
1177	221.723958	E5	76	76	*	-1	*	-1	-1	
1178	222.013542	B2	47	68	1222	208.204937	B2	47	90	
1179	222.078125	F#3	54	81	1223	208.257021	F#3	54	90	
1180	222.155208	Bb3	58	70	*	-1	*	-1	-1	
1181	222.169792	B3	59	81	1229	208.309104	B3	59	91	
1182	222.243750	D5	74	88	*	-1	*	-1	-1	
1183	222.244792	B4	71	84	*	-1	*	-1	-1	
1184	222.244792	F#5	78	100	*	-1	*	-1	-1	
1185	222.245833	D4	62	84	1228	208.309104	D4	62	91	
1186	222.245833	F#4	66	105	1224	208.309104	F#4	66	91	
1187	222.775000	G#5	80	94	1230	208.934104	G#5	80	94	
1188	222.781250	G#4	68	100	1233	208.934104	G#4	68	94	
1189	222.781250	B4	71	92	1232	208.934104	B4	71	94	
1190	222.782292	E4	64	87	1234	208.934104	E4	64	94	
1191	222.782292	E5	76	86	1231	208.934104	E5	76	94	
1192	222.785417	B2	47	73	*	-1	*	-1	-1	
1193	222.785417	E3	52	76	1236	208.934104	E3	52	94	
1194	222.785417	B3	59	90	1235	208.934104	B3	59	94	
1195	223.051042	Eb3	51	88	1237	209.454937	Eb3	51	97	
1196	223.193750	Bb3	58	98	1238	209.507021	Bb3	58	97	
1197	223.375000	Eb5	75	95	1240	209.559104	Eb5	75	98	
1198	223.376042	Bb4	70	102	1239	209.559104	Bb4	70	98	
1199	223.376042	Bb5	82	94	1242	209.559104	Bb5	82	98	
1200	223.384375	Eb4	63	92	1244	209.559104	Eb4	63	98	
1201	223.384375	G5	79	91	1241	209.559104	G5	79	98	
1202	223.386458	G4	67	84	1243	209.559104	G4	67	98	
1203	223.850000	Bb3	58	102	*	-1	*	-1	-1	
1204	223.854167	Eb3	51	82	1245	210.079937	Eb3	51	100	
1205	223.855208	Eb2	39	71	*	-1	*	-1	-1	
1206	224.073958	Bb4	70	104	1250	210.184104	Bb4	70	100	
1207	224.076042	Eb4	63	96	1252	210.184104	Eb4	63	100	
1208	224.076042	Eb5	75	97	1249	210.184104	Eb5	75	100	
1209	224.077083	Bb5	82	95	1247	210.184104	Bb5	82	100	
1210	224.078125	G4	67	95	1251	210.184104	G4	67	100	
1211	224.081250	G5	79	93	1248	210.184104	G5	79	100	
1212	224.082292	Bb3	58	91	*	-1	*	-1	-1	
1213	225.130208	Eb3	51	98	1253	211.434104	Eb3	51	110	
1214	225.133333	Eb2	39	100	1255	211.434104	Eb2	39	110	
1215	225.134375	Eb1	27	99	1254	211.434104	Eb1	27	110	
1216	226.276042	Eb4	63	107	1256	212.684104	Eb4	63	110	
1217	226.285417	Eb2	39	94	1258	212.684104	Eb2	39	110	
1218	226.285417	Eb3	51	103	1257	212.684104	Eb3	51	110	
1219	226.290625	Eb1	27	88	*	-1	*	-1	-1	
1220	227.364583	B5	83	95	1262	213.934104	B5	83	120	
1221	227.365625	Eb5	75	99	1260	213.934104	Eb5	75	110	
1222	227.370833	G#4	68	96	1263	213.934104	G#4	68	110	
1223	227.370833	B4	71	98	1261	213.934104	B4	71	110	
1224	227.373958	B3	59	91	1265	213.934104	B3	59	110	
1225	227.375000	Eb4	63	92	1264	213.934104	Eb4	63	110	
1226	227.378125	G#3	56	86	1266	213.934104	G#3	56	110	
1227	227.669792	Bb5	82	92	1267	214.246604	Bb5	82	120	
1228	227.957292	G#5	80	91	1268	214.559104	G#5	80	120	
1229	228.471875	G#5	80	97	1272	215.184104	G#5	80	120	
1230	228.472917	Bb4	70	102	1269	215.184104	Bb4	70	110	
1231	228.473958	C#4	61	91	1274	215.184104	C#4	61	110	
1232	228.473958	C#5	73	90	1270	215.184104	C#5	73	110	
1233	228.477083	Bb3	58	91	1275	215.184104	Bb3	58	110	
1234	228.477083	F#5	78	97	1271	215.184104	F#5	78	110	
1235	228.478125	F#3	54	85	1276	215.184104	F#3	54	110	
1236	228.479167	F#4	66	92	1273	215.184104	F#4	66	110	
1237	229.555208	G#4	68	90	1277	216.434104	G#4	68	110	
1238	229.557292	B4	71	87	1278	216.434104	B4	71	110	
1239	229.558333	E4	64	91	1280	216.434104	E4	64	110	
1240	229.563542	B3	59	91	1281	216.434104	B3	59	110	
1241	229.565625	G#3	56	85	1282	216.434104	G#3	56	110	
1242	229.566667	E3	52	82	1283	216.434104	E3	52	110	
1243	230.122917	C#6	85	104	1284	217.059104	C#6	85	120	
1244	230.666667	B5	83	96	1288	217.684104	B5	83	120	
1245	230.670833	Eb5	75	97	1286	217.684104	Eb5	75	110	
1246	230.672917	B4	71	95	1287	217.684104	B4	71	110	
1247	230.682292	G#4	68	93	1289	217.684104	G#4	68	110	
1248	230.685417	Eb4	63	88	1290	217.684104	Eb4	63	110	
1249	230.686458	B3	59	84	1291	217.684104	B3	59	110	
1250	230.690625	G#3	56	80	1292	217.684104	G#3	56	110	
1251	230.946875	Bb5	82	92	1293	217.996604	Bb5	82	120	
1252	231.244792	G#5	80	94	1294	218.309104	G#5	80	120	
1253	231.765625	G#5	80	91	1298	218.934104	G#5	80	120	
1254	231.773958	C#5	73	91	1296	218.934104	C#5	73	110	
1255	231.773958	F#5	78	94	1297	218.934104	F#5	78	110	
1256	231.775000	Bb4	70	95	1295	218.934104	Bb4	70	110	
1257	231.779167	C#4	61	90	1300	218.934104	C#4	61	110	
1258	231.784375	F#4	66	92	1299	218.934104	F#4	66	110	
1259	231.785417	F#3	54	87	1302	218.934104	F#3	54	110	
1260	231.785417	Bb3	58	89	1301	218.934104	Bb3	58	110	
1261	232.853125	B3	59	91	1307	220.184104	B3	59	110	
1262	232.853125	E4	64	91	1306	220.184104	E4	64	110	
1263	232.854167	E3	52	82	1309	220.184104	E3	52	110	
1264	232.854167	G#3	56	85	1308	220.184104	G#3	56	110	
1265	232.854167	G#4	68	90	1303	220.184104	G#4	68	110	
1266	232.854167	B4	71	89	1304	220.184104	B4	71	110	
1267	233.404167	C#6	85	99	1310	220.809104	C#6	85	120	
1268	233.919792	B5	83	86	1313	221.434104	B5	83	110	
1269	233.922917	B4	71	83	1311	221.434104	B4	71	110	
1270	233.922917	Eb5	75	90	1312	221.434104	Eb5	75	110	
1271	233.925000	G#5	80	82	1314	221.434104	G#5	80	110	
1272	233.932292	G#4	68	81	1318	221.434104	G#4	68	110	
1273	233.933333	B3	59	73	1316	221.434104	B3	59	110	
1274	233.935417	G#3	56	74	1315	221.434104	G#3	56	110	
1275	233.938542	Eb4	63	70	1317	221.434104	Eb4	63	110	
1276	234.457292	Bb5	82	89	1321	222.059104	Bb5	82	111	
1277	234.462500	C#5	73	81	1320	222.059104	C#5	73	111	
1278	234.464583	Bb4	70	88	1319	222.059104	Bb4	70	111	
1279	234.466667	F#5	78	83	1322	222.059104	F#5	78	111	
1280	234.467708	F#4	66	86	1323	222.059104	F#4	66	111	
1281	234.472917	C#4	61	80	1324	222.059104	C#4	61	111	
1282	234.475000	Bb3	58	78	1325	222.059104	Bb3	58	111	
1283	234.982292	G#5	80	94	1329	222.684104	G#5	80	112	
1284	234.984375	C#4	61	83	1330	222.684104	C#4	61	112	
1285	234.984375	E4	64	87	1331	222.684104	E4	64	112	
1286	234.985417	G#4	68	92	1326	222.684104	G#4	68	112	
1287	234.985417	C#5	73	84	1327	222.684104	C#5	73	112	
1288	234.987500	E5	76	84	1328	222.684104	E5	76	112	
1289	235.509375	Bb5	82	93	1335	223.309104	Bb5	82	113	
1290	235.513542	Bb4	70	100	1332	223.309104	Bb4	70	113	
1291	235.514583	C#4	61	92	1337	223.309104	C#4	61	113	
1292	235.514583	F#4	66	97	1338	223.309104	F#4	66	113	
1293	235.514583	C#5	73	90	1333	223.309104	C#5	73	113	
1294	235.514583	F#5	78	96	1334	223.309104	F#5	78	113	
1295	235.515625	E5	76	76	*	-1	*	-1	-1	
1296	235.519792	Bb3	58	90	1336	223.309104	Bb3	58	113	
1297	236.056250	B5	83	96	1342	223.934104	B5	83	114	
1298	236.058333	Eb5	75	101	1340	223.934104	Eb5	75	114	
1299	236.062500	B4	71	103	1339	223.934104	B4	71	114	
1300	236.063542	G#5	80	96	1341	223.934104	G#5	80	114	
1301	236.067708	G#4	68	95	1343	223.934104	G#4	68	114	
1302	236.073958	B3	59	90	1345	223.934104	B3	59	114	
1303	236.073958	Eb4	63	92	1344	223.934104	Eb4	63	114	
1304	236.076042	G#3	56	84	1346	223.934104	G#3	56	114	
1305	236.654167	F#5	78	100	1348	224.559104	F#5	78	115	
1306	236.655208	C#4	61	97	1353	224.559104	C#4	61	115	
1307	236.655208	F#4	66	104	1352	224.559104	F#4	66	115	
1308	236.655208	C#6	85	93	1350	224.559104	C#6	85	115	
1309	236.656250	Bb5	82	93	1349	224.559104	Bb5	82	115	
1310	236.660417	F#3	54	91	1354	224.559104	F#3	54	115	
1311	236.953125	Bb3	58	107	*	-1	*	-1	-1	
1312	236.956250	Eb3	51	91	1355	225.079937	Eb3	51	116	
1313	237.334375	Eb6	87	101	1357	225.184104	Eb6	87	116	
1314	237.336458	Eb5	75	110	1360	225.184104	Eb5	75	116	
1315	237.337500	Eb4	63	90	1363	225.184104	Eb4	63	116	
1316	237.338542	Bb5	82	96	1358	225.184104	Bb5	82	116	
1317	237.342708	G4	67	93	1362	225.184104	G4	67	116	
1318	237.342708	Bb4	70	103	1361	225.184104	Bb4	70	116	
1319	237.342708	G5	79	101	1359	225.184104	G5	79	116	
1320	238.490625	Eb6	87	103	1364	226.434104	Eb6	87	127	
1321	238.493750	Bb5	82	90	1365	226.434104	Bb5	82	127	
1322	238.494792	Bb4	70	97	1368	226.434104	Bb4	70	127	
1323	238.494792	Eb5	75	106	1367	226.434104	Eb5	75	127	
1324	238.494792	G5	79	96	1366	226.434104	G5	79	127	
1325	238.500000	Eb4	63	85	1370	226.434104	Eb4	63	127	
1326	238.501042	G4	67	91	1369	226.434104	G4	67	127	
1327	239.675000	Eb3	51	93	1371	227.684104	Eb3	51	120	
1328	240.925000	E5	76	84	1375	228.934104	E5	76	70	
1329	240.940625	G#4	68	82	1373	228.934104	G#4	68	60	
1330	240.945833	E4	64	77	1374	228.934104	E4	64	60	
1331	240.963542	G#3	56	64	1377	228.934104	G#3	56	60	
1332	240.963542	C#4	61	65	1376	228.934104	C#4	61	60	
1333	240.966667	C#3	49	58	1378	228.934104	C#3	49	60	
1334	241.291667	Eb5	75	84	1379	229.246604	Eb5	75	70	
1335	241.576042	C#5	73	82	1380	229.559104	C#5	73	70	
1336	242.073958	C#5	73	74	1384	230.184104	C#5	73	70	
1337	242.084375	B4	71	70	1383	230.184104	B4	71	60	
1338	242.092708	Eb4	63	54	1381	230.184104	Eb4	63	60	
1339	242.093750	F#4	66	59	1382	230.184104	F#4	66	60	
1340	242.103125	F#3	54	53	1386	230.184104	F#3	54	60	
1341	242.113542	B3	59	54	1387	230.184104	B3	59	60	
1342	242.117708	B2	47	47	1385	230.184104	B2	47	60	
1343	243.243750	A4	69	49	1388	231.434104	A4	69	60	
1344	243.244792	E4	64	46	1389	231.434104	E4	64	60	
1345	243.256250	C#4	61	35	1390	231.434104	C#4	61	60	
1346	243.263542	E3	52	39	1392	231.434104	E3	52	60	
1347	243.264583	A3	57	43	1391	231.434104	A3	57	60	
1348	243.269792	A2	45	39	1393	231.434104	A2	45	60	
1349	243.836458	F#5	78	80	1394	232.059104	F#5	78	70	
1350	244.422917	E5	76	68	1398	232.684104	E5	76	70	
1351	244.445833	G#4	68	53	1396	232.684104	G#4	68	60	
1352	244.446875	C#3	49	45	1401	232.684104	C#3	49	60	
1353	244.447917	G#3	56	52	1400	232.684104	G#3	56	60	
1354	244.454167	E4	64	42	1397	232.684104	E4	64	60	
1355	244.457292	G#2	44	44	*	-1	*	-1	-1	
1356	244.728125	Eb5	75	72	1402	232.996604	Eb5	75	70	
1357	245.036458	C#5	73	60	1403	233.309104	C#5	73	70	
1358	245.685417	B2	47	37	1408	233.934104	B2	47	60	
1359	245.688542	B4	71	50	1406	233.934104	B4	71	60	
1360	245.692708	B3	59	41	1410	233.934104	B3	59	60	
1361	245.696875	Eb4	63	31	1404	233.934104	Eb4	63	60	
1362	245.698958	F#3	54	35	1409	233.934104	F#3	54	60	
1363	246.973958	A4	69	32	1411	235.184104	A4	69	60	
1364	247.004167	E3	52	31	1415	235.184104	E3	52	60	
1365	247.005208	C#5	73	28	*	-1	*	-1	-1	
1366	247.006250	A3	57	32	1414	235.184104	A3	57	60	
1367	247.009375	A2	45	32	1416	235.184104	A2	45	60	
1368	247.770833	F#5	78	55	1417	235.809104	F#5	78	70	
1369	248.630208	E5	76	40	1421	236.434104	E5	76	50	
1370	248.666667	C#5	73	34	1420	236.434104	C#5	73	50	
1371	248.671875	E4	64	22	1418	236.434104	E4	64	50	
1372	248.680208	G#4	68	27	1419	236.434104	G#4	68	50	
1373	248.682292	C#4	61	21	1424	236.434104	C#4	61	50	
1374	248.698958	G#3	56	27	1423	236.434104	G#3	56	50	
1375	249.509375	Eb5	75	56	1428	237.059104	Eb5	75	50	
1376	249.526042	Eb3	51	35	1429	237.059104	Eb3	51	50	
1377	249.541667	Bb4	70	34	1427	237.059104	Bb4	70	50	
1378	249.552083	Bb3	58	31	1430	237.059104	Bb3	58	50	
1379	250.203125	C#4	61	47	1434	237.684104	C#4	61	50	
1380	250.206250	C#5	73	49	1431	237.684104	C#5	73	50	
1381	250.216667	F#3	54	40	1435	237.684104	F#3	54	50	
1382	250.221875	A4	69	40	1432	237.684104	A4	69	50	
1383	250.251042	A3	57	29	1436	237.684104	A3	57	50	
1384	250.844792	Eb5	75	68	1440	238.309104	Eb5	75	50	
1385	250.857292	Bb4	70	54	1439	238.309104	Bb4	70	50	
1386	250.864583	Bb3	58	51	1442	238.309104	Bb3	58	50	
1387	250.865625	G4	67	50	1438	238.309104	G4	67	50	
1388	250.875000	Eb3	51	44	1441	238.309104	Eb3	51	50	
1389	251.477083	E5	76	72	1443	238.934104	E5	76	50	
1390	251.484375	G#4	68	61	1445	238.934104	G#4	68	50	
1391	251.487500	C#5	73	64	1444	238.934104	C#5	73	50	
1392	251.488542	E4	64	57	1446	238.934104	E4	64	50	
1393	251.500000	C#3	49	49	1447	238.934104	C#3	49	50	
1394	251.513542	G#3	56	50	1448	238.934104	G#3	56	50	
1395	252.122917	Eb4	63	66	1454	239.559104	Eb4	63	50	
1396	252.123958	F#5	78	73	1453	239.559104	F#5	78	50	
1397	252.134375	Eb5	75	67	1452	239.559104	Eb5	75	50	
1398	252.146875	B4	71	52	1451	239.559104	B4	71	50	
1399	252.154167	F#3	54	47	*	-1	*	-1	-1	
1400	252.154167	B3	59	48	*	-1	*	-1	-1	
1401	252.155208	B2	47	43	*	-1	*	-1	-1	
1402	252.445833	Eb3	51	59	1455	239.559104	F#3	54	50	
1403	252.461458	G#2	44	52	1456	239.559104	B2	47	50	
1404	252.850000	G#5	80	78	1461	240.184104	G#5	80	50	
1405	252.853125	Eb5	75	71	1459	240.184104	Eb5	75	50	
1406	252.875000	G#4	68	58	1460	240.184104	G#4	68	50	
1407	252.883333	G#3	56	59	*	-1	*	-1	-1	
1408	252.884375	G#2	44	44	1457	240.079937	G#2	44	50	
1409	253.485417	F#5	78	83	1465	240.809104	F#5	78	50	
1410	253.493750	F#4	66	71	1464	240.809104	F#4	66	50	
1411	253.500000	Eb5	75	58	*	-1	*	-1	-1	
1412	253.513542	F#3	54	56	1467	240.809104	F#3	54	50	
1413	253.514583	C#4	61	56	1468	240.809104	C#4	61	50	
1414	253.514583	C#5	73	58	1466	240.809104	C#5	73	50	
1415	253.790625	G#5	80	83	1470	241.121604	G#5	80	50	
1416	253.795833	G#4	68	75	1469	241.121604	G#4	68	50	
1417	253.800000	Eb4	63	66	*	-1	*	-1	-1	
1418	253.802083	Eb5	75	62	*	-1	*	-1	-1	
1419	253.808333	G#3	56	56	1471	241.121604	G#3	56	50	
1420	254.102083	G#5	80	82	1474	241.434104	G#5	80	50	
1421	254.107292	Eb5	75	79	1473	241.434104	Eb5	75	50	
1422	254.110417	G#4	68	75	1472	241.434104	G#4	68	50	
1423	254.114583	Eb4	63	69	1475	241.434104	Eb4	63	50	
1424	254.123958	G#3	56	64	1476	241.434104	G#3	56	50	
1425	254.696875	B5	83	75	1479	242.059104	B5	83	60	
1426	254.703125	F#5	78	69	1478	242.059104	F#5	78	60	
1427	254.708333	B4	71	63	1477	242.059104	B4	71	60	
1428	254.712500	B3	59	57	1482	242.059104	B3	59	60	
1429	254.723958	F#4	66	53	1480	242.059104	F#4	66	60	
1430	254.734375	Eb5	75	44	*	-1	*	-1	-1	
1431	254.745833	Eb4	63	53	1481	242.059104	Eb4	63	60	
1432	254.896875	G#5	80	59	*	-1	*	-1	-1	
1433	255.323958	G#5	80	63	1485	242.684104	G#5	80	50	
1434	255.326042	Eb5	75	54	1484	242.684104	Eb5	75	50	
1435	255.334375	G#3	56	53	1487	242.684104	G#3	56	50	
1436	255.336458	G#4	68	50	1483	242.684104	G#4	68	50	
1437	255.982292	Eb5	75	52	1490	243.309104	Eb5	75	50	
1438	255.997917	Eb4	63	39	*	-1	*	-1	-1	
1439	256.005208	Eb3	51	42	*	-1	*	-1	-1	
1440	256.013542	Bb3	58	34	1489	243.309104	Bb4	70	50	
1441	256.336458	G#2	44	56	1493	243.309104	Eb3	51	50	
1442	256.796875	G#5	80	61	1498	243.934104	G#5	80	50	
1443	256.802083	Eb5	75	63	1496	243.934104	Eb5	75	50	
1444	256.808333	G#4	68	55	1497	243.934104	G#4	68	50	
1445	256.833333	G#3	56	49	*	-1	*	-1	-1	
1446	256.837500	G#2	44	39	1494	243.829937	G#2	44	50	
1447	257.445833	F#5	78	76	1502	244.559104	F#5	78	50	
1448	257.452083	F#4	66	69	1501	244.559104	F#4	66	50	
1449	257.461458	C#5	73	56	1503	244.559104	C#5	73	50	
1450	257.462500	F#3	54	52	1504	244.559104	F#3	54	50	
1451	257.464583	C#4	61	53	1505	244.559104	C#4	61	50	
1452	257.744792	G#5	80	86	1507	244.871604	G#5	80	50	
1453	257.756250	G#4	68	71	1506	244.871604	G#4	68	50	
1454	257.764583	Eb4	63	64	*	-1	*	-1	-1	
1455	257.773958	G#3	56	56	1508	244.871604	G#3	56	50	
1456	258.063542	G#5	80	82	1511	245.184104	G#5	80	50	
1457	258.065625	Eb5	75	80	1510	245.184104	Eb5	75	50	
1458	258.067708	G#4	68	79	1509	245.184104	G#4	68	50	
1459	258.068750	Eb4	63	70	1512	245.184104	Eb4	63	50	
1460	258.093750	G#3	56	64	1513	245.184104	G#3	56	50	
1461	258.672917	C#6	85	81	1516	245.809104	C#6	85	60	
1462	258.677083	G#5	80	69	1515	245.809104	G#5	80	60	
1463	258.691667	C#5	73	58	1514	245.809104	C#5	73	60	
1464	258.706250	G#4	68	64	1517	245.809104	G#4	68	60	
1465	258.714583	C#4	61	52	1519	245.809104	C#4	61	60	
1466	258.717708	E5	76	47	*	-1	*	-1	-1	
1467	258.718750	E4	64	52	1518	245.809104	E4	64	60	
1468	259.294792	G#5	80	65	1522	246.434104	G#5	80	50	
1469	259.303125	Eb5	75	60	1521	246.434104	Eb5	75	50	
1470	259.315625	G#3	56	50	1524	246.434104	G#3	56	50	
1471	259.316667	G#4	68	50	1520	246.434104	G#4	68	50	
1472	259.326042	G#2	44	43	*	-1	*	-1	-1	
1473	259.336458	Eb4	63	37	1523	246.434104	Eb4	63	50	
1474	259.979167	Eb5	75	63	1527	247.059104	Eb5	75	50	
1475	260.004167	Eb4	63	46	1525	247.059104	Eb4	63	50	
1476	260.005208	Bb3	58	43	1528	247.059104	Bb3	58	50	
1477	260.008333	Bb4	70	45	1526	247.059104	Bb4	70	50	
1478	260.023958	Eb3	51	40	1530	247.059104	Eb3	51	50	
1479	260.055208	G#4	68	20	*	-1	*	-1	-1	
1480	260.770833	G#5	80	53	1531	247.684104	G#5	80	50	
1481	260.775000	Eb5	75	50	1532	247.684104	Eb5	75	50	
1482	260.815625	G#4	68	31	1533	247.684104	G#4	68	50	
1483	260.816667	G#3	56	39	1535	247.684104	G#3	56	50	
1484	260.822917	Eb4	63	24	1534	247.684104	Eb4	63	50	
1485	261.665625	C#6	85	63	1536	248.309104	C#6	85	60	
1486	261.675000	G#5	80	53	1537	248.309104	G#5	80	60	
1487	261.686458	C#5	73	40	1538	248.309104	C#5	73	60	
1488	261.723958	C#4	61	39	1541	248.309104	C#4	61	60	
1489	261.734375	G#4	68	32	1539	248.309104	G#4	68	60	
1490	261.737500	E4	64	35	1540	248.309104	E4	64	60	
1491	262.513542	G#5	80	55	1542	248.934104	G#5	80	50	
1492	262.525000	Eb5	75	52	1543	248.934104	Eb5	75	50	
1493	262.542708	G#2	44	34	*	-1	*	-1	-1	
1494	262.542708	G#3	56	43	1546	248.934104	G#3	56	50	
1495	262.544792	G#4	68	39	1544	248.934104	G#4	68	50	
1496	263.258333	Eb5	75	58	1549	249.559104	Eb5	75	60	
1497	263.265625	Eb4	63	42	1547	249.559104	Eb4	63	60	
1498	263.271875	Bb4	70	45	1548	249.559104	Bb4	70	60	
1499	263.295833	Eb3	51	41	1551	249.559104	Eb3	51	60	
1500	263.998958	G#2	44	41	1554	250.184104	G#2	44	50	
1501	264.000000	G#4	68	44	1553	250.184104	G#4	68	50	
1502	264.004167	G#3	56	37	1552	250.184104	G#3	56	50	
1503	264.834375	Bb3	58	40	1556	250.809104	Bb3	58	60	
1504	264.834375	Eb4	63	41	1555	250.809104	Eb4	63	60	
1505	264.841667	Eb3	51	37	1557	250.809104	Eb3	51	60	
1506	264.879167	Eb2	39	29	1558	250.809104	Eb2	39	60	
1507	266.154167	G#2	44	43	1560	251.434104	G#2	44	50	
1508	266.157292	G#1	32	30	1561	251.434104	G#1	32	50	
1509	266.983333	C#3	49	36	1562	252.059104	C#3	49	50	
1510	267.006250	C#2	37	28	1563	252.059104	C#2	37	50	
1511	267.782292	C#3	49	35	1564	252.684104	C#3	49	60	
1512	267.795833	C#2	37	28	1565	252.684104	C#2	37	60	
1513	269.307292	B2	47	42	1566	253.934104	B2	47	50	
1514	269.315625	B1	35	34	1567	253.934104	B1	35	50	
1515	269.692708	A2	45	39	1568	254.246604	A2	45	50	
1516	269.698958	A1	33	36	1569	254.246604	A1	33	50	
1517	270.144792	G#2	44	45	1571	254.559104	G#2	44	50	
1518	270.148958	G#1	32	32	1570	254.559104	G#1	32	50	
1519	271.145833	C#4	61	50	1572	255.184104	C#4	61	60	
1520	271.171875	B3	59	44	1573	255.184104	B3	59	60	
1521	271.193750	F#3	54	29	1574	255.184104	F#3	54	60	
1522	271.201042	C#3	49	27	1575	255.184104	C#3	49	60	
1523	271.202083	G#2	44	37	1576	255.184104	G#2	44	50	
1524	272.333333	C#2	37	39	1577	256.684104	C#1	25	50	
1525	272.558333	C#1	25	54	1578	256.809104	C#2	37	50	
1526	273.854167	E4	64	67	1579	258.184104	E4	64	60	
1527	273.865625	D4	62	59	1580	258.184104	D4	62	60	
1528	273.873958	A3	57	54	1581	258.184104	A3	57	60	
1529	273.880208	E3	52	54	1582	258.184104	E3	52	60	
1530	273.886458	B2	47	52	1583	258.184104	B2	47	50	
1531	274.885417	E2	40	57	1584	259.684104	E1	28	50	
1532	275.113542	E1	28	56	1585	259.809104	E2	40	50	
1533	276.284375	G#4	68	81	1586	261.184104	G#4	68	60	
1534	276.292708	F#4	66	75	1587	261.184104	F#4	66	60	
1535	276.294792	C#4	61	71	1588	261.184104	C#4	61	60	
1536	276.295833	G#3	56	66	1589	261.184104	G#3	56	60	
1537	276.296875	Eb3	51	55	1590	261.184104	Eb3	51	50	
1538	276.305208	G#2	44	55	*	-1	*	-1	-1	
1539	277.336458	G#2	44	62	*	-1	*	-1	-1	
1540	277.576042	G#1	32	53	1591	262.684104	G#1	32	50	
1541	278.797917	F#2	42	52	1592	262.809104	G#2	44	50	
1542	279.062500	B4	71	59	1596	264.184104	B4	71	40	
1543	279.073958	B3	59	56	1593	264.184104	B3	59	40	
1544	279.087500	A4	69	51	1595	264.184104	A4	69	40	
1545	279.098958	E4	64	42	1594	264.184104	E4	64	40	
1546	279.107292	F#2	42	38	1597	264.184104	F#2	42	40	
1547	280.115625	B2	47	52	1599	265.684104	B2	47	40	
1548	280.346875	B3	59	52	1600	265.809104	B3	59	40	
1549	281.363542	F#3	54	48	1601	267.184104	F#3	54	40	
1550	281.600000	F#4	66	45	1602	267.309104	F#4	66	40	
1551	282.643750	B3	59	49	1603	268.684104	B3	59	40	
1552	282.911458	B4	71	44	1604	268.809104	B4	71	40	
1553	284.026042	F#4	66	29	1609	270.184104	F#4	66	40	
1554	284.280208	B5	83	45	1605	270.184104	B5	83	40	
1555	284.301042	F#5	78	50	1610	270.309104	F#5	78	40	
1556	285.666667	B4	71	35	1611	271.684104	B4	71	40	
1557	286.065625	B5	83	44	1612	271.809104	B5	83	40	
1558	288.458333	C#6	85	46	1613	273.184104	C#6	85	40	
1559	288.464583	G#5	80	38	1614	273.184104	G#5	80	30	
1560	288.473958	C#4	61	29	1619	273.184104	C#4	61	30	
1561	288.488542	E4	64	29	1618	273.184104	E4	64	30	
1562	288.514583	G#4	68	10	1617	273.184104	G#4	68	30	
1563	288.526042	E5	76	22	1615	273.184104	E5	76	30	
1564	290.376042	C#2	37	18	1621	274.684104	C#2	37	30	
1565	290.383333	C#1	25	26	1620	274.684104	C#1	25	30	
1566	291.971875	C#1	25	23	1622	276.184104	C#1	25	30	
1567	291.971875	C#2	37	17	1623	276.184104	C#2	37	30	
1568	294.578125	C#3	49	32	1624	277.684104	C#3	49	30	
*	-1	*	-1	-1	41	4.583333	B3	59	60	
*	-1	*	-1	-1	46	5.000000	Eb4	63	60	
*	-1	*	-1	-1	88	11.875000	G#4	68	60	
*	-1	*	-1	-1	92	12.083333	B3	59	60	
*	-1	*	-1	-1	94	12.500000	B4	71	60	
*	-1	*	-1	-1	97	12.500000	Eb4	63	60	
*	-1	*	-1	-1	117	20.454544	C#3	49	60	
*	-1	*	-1	-1	118	20.454544	E3	52	60	
*	-1	*	-1	-1	123	21.204544	Eb3	51	60	
*	-1	*	-1	-1	180	29.454544	F#3	54	70	
*	-1	*	-1	-1	181	29.454544	B3	59	70	
*	-1	*	-1	-1	194	33.976074	C#4	61	80	
*	-1	*	-1	-1	199	35.339710	Eb4	63	80	
*	-1	*	-1	-1	208	38.066982	F#4	66	80	
*	-1	*	-1	-1	214	39.430618	F#4	66	80	
*	-1	*	-1	-1	215	39.430618	Bb4	70	80	
*	-1	*	-1	-1	218	39.430618	Eb4	63	80	
*	-1	*	-1	-1	224	40.794254	E3	52	60	
*	-1	*	-1	-1	228	41.476072	E2	40	60	
*	-1	*	-1	-1	298	53.816978	Bb3	58	40	
*	-1	*	-1	-1	304	54.566978	Bb3	58	40	
*	-1	*	-1	-1	308	56.066978	Eb1	27	50	
*	-1	*	-1	-1	309	59.066978	F#4	66	60	
*	-1	*	-1	-1	310	59.066978	C#5	73	60	
*	-1	*	-1	-1	350	63.650311	B3	59	60	
*	-1	*	-1	-1	355	64.066978	Eb4	63	60	
*	-1	*	-1	-1	369	67.816978	E4	64	60	
*	-1	*	-1	-1	396	70.941978	Eb5	75	60	
*	-1	*	-1	-1	397	70.941978	G#4	68	60	
*	-1	*	-1	-1	398	70.941978	G#5	80	70	
*	-1	*	-1	-1	401	71.150311	B3	59	60	
*	-1	*	-1	-1	406	71.566978	Eb4	63	60	
*	-1	*	-1	-1	411	74.066978	C#5	73	80	
*	-1	*	-1	-1	419	75.316978	B4	71	88	
*	-1	*	-1	-1	420	75.316978	Eb5	75	88	
*	-1	*	-1	-1	421	75.316978	F#5	78	88	
*	-1	*	-1	-1	422	75.316978	B5	83	98	
*	-1	*	-1	-1	434	76.879478	B4	71	99	
*	-1	*	-1	-1	461	86.180614	C#1	25	40	
*	-1	*	-1	-1	463	90.680614	F#3	54	40	
*	-1	*	-1	-1	503	100.680614	D4	62	40	
*	-1	*	-1	-1	511	101.930614	F#3	54	40	
*	-1	*	-1	-1	554	112.763947	A4	69	79	
*	-1	*	-1	-1	580	116.930614	Eb4	63	80	
*	-1	*	-1	-1	581	116.930614	G#4	68	80	
*	-1	*	-1	-1	589	118.180614	F#4	66	88	
*	-1	*	-1	-1	590	118.180614	Bb4	70	88	
*	-1	*	-1	-1	614	122.044250	E3	52	60	
*	-1	*	-1	-1	616	123.407886	B3	59	60	
*	-1	*	-1	-1	617	123.407886	Eb4	63	60	
*	-1	*	-1	-1	621	123.407886	G#3	56	60	
*	-1	*	-1	-1	624	124.771522	G#3	56	50	
*	-1	*	-1	-1	628	124.771522	E2	40	40	
*	-1	*	-1	-1	630	124.771522	E3	52	40	
*	-1	*	-1	-1	635	128.862430	F#4	66	80	
*	-1	*	-1	-1	636	128.862430	B1	35	70	
*	-1	*	-1	-1	639	128.862430	F#3	54	80	
*	-1	*	-1	-1	643	130.112430	D3	50	70	
*	-1	*	-1	-1	646	130.112430	A3	57	80	
*	-1	*	-1	-1	653	131.362430	F#3	54	70	
*	-1	*	-1	-1	659	132.612430	B3	59	70	
*	-1	*	-1	-1	662	132.612430	B1	35	70	
*	-1	*	-1	-1	685	136.362430	A4	69	60	
*	-1	*	-1	-1	686	136.362430	C#5	73	60	
*	-1	*	-1	-1	688	136.362430	F#3	54	60	
*	-1	*	-1	-1	693	136.939353	B4	71	60	
*	-1	*	-1	-1	699	136.939353	E4	64	60	
*	-1	*	-1	-1	707	137.516276	E4	64	60	
*	-1	*	-1	-1	709	138.670122	F#4	66	60	
*	-1	*	-1	-1	718	139.823968	F#4	66	60	
*	-1	*	-1	-1	724	140.400891	Eb5	75	60	
*	-1	*	-1	-1	731	140.977814	A4	69	60	
*	-1	*	-1	-1	732	140.977814	C#5	73	60	
*	-1	*	-1	-1	735	140.977814	A3	57	60	
*	-1	*	-1	-1	739	141.266276	G#4	68	60	
*	-1	*	-1	-1	747	141.554737	F#4	66	60	
*	-1	*	-1	-1	748	141.554737	A4	69	60	
*	-1	*	-1	-1	765	143.285506	Eb5	75	60	
*	-1	*	-1	-1	772	143.862429	Eb5	75	60	
*	-1	*	-1	-1	777	143.862429	Eb4	63	60	
*	-1	*	-1	-1	784	144.439352	Eb4	63	60	
*	-1	*	-1	-1	816	147.900890	F#4	66	60	
*	-1	*	-1	-1	824	148.189352	E4	64	60	
*	-1	*	-1	-1	827	148.477813	C#5	73	60	
*	-1	*	-1	-1	847	149.631659	A4	69	70	
*	-1	*	-1	-1	911	154.247043	E4	64	60	
*	-1	*	-1	-1	923	155.400889	C#5	73	60	
*	-1	*	-1	-1	938	156.554735	G#4	68	70	
*	-1	*	-1	-1	942	156.554735	G#3	56	70	
*	-1	*	-1	-1	946	157.131658	F#4	66	60	
*	-1	*	-1	-1	955	157.708581	F#4	66	60	
*	-1	*	-1	-1	967	158.285504	E3	52	60	
*	-1	*	-1	-1	975	159.439350	C#3	49	60	
*	-1	*	-1	-1	989	164.343196	E3	52	100	
*	-1	*	-1	-1	996	165.593196	G#3	56	100	
*	-1	*	-1	-1	997	165.593196	B3	59	100	
*	-1	*	-1	-1	998	165.593196	Eb4	63	100	
*	-1	*	-1	-1	999	165.593196	G#4	68	110	
*	-1	*	-1	-1	1015	171.843196	E3	52	100	
*	-1	*	-1	-1	1023	173.093196	B3	59	100	
*	-1	*	-1	-1	1024	173.093196	Eb4	63	100	
*	-1	*	-1	-1	1025	173.093196	G#4	68	110	
*	-1	*	-1	-1	1041	178.093196	B4	71	60	
*	-1	*	-1	-1	1042	178.093196	E5	76	60	
*	-1	*	-1	-1	1051	179.343196	A4	69	60	
*	-1	*	-1	-1	1099	187.070468	B1	35	60	
*	-1	*	-1	-1	1103	188.434104	F#5	78	70	
*	-1	*	-1	-1	1107	188.434104	Eb4	63	70	
*	-1	*	-1	-1	1114	191.434104	F#4	66	50	
*	-1	*	-1	-1	1120	192.684104	F#4	66	50	
*	-1	*	-1	-1	1174	203.934104	G#5	80	80	
*	-1	*	-1	-1	1175	203.934104	E5	76	80	
*	-1	*	-1	-1	1176	203.934104	B4	71	80	
*	-1	*	-1	-1	1177	203.934104	G#4	68	80	
*	-1	*	-1	-1	1184	205.809104	F#5	78	80	
*	-1	*	-1	-1	1185	205.809104	D5	74	80	
*	-1	*	-1	-1	1187	205.809104	F#4	66	80	
*	-1	*	-1	-1	1188	205.809104	B2	47	80	
*	-1	*	-1	-1	1193	206.382021	G#3	56	80	
*	-1	*	-1	-1	1196	206.434104	B4	71	80	
*	-1	*	-1	-1	1197	206.434104	G#4	68	80	
*	-1	*	-1	-1	1199	206.434104	B3	59	80	
*	-1	*	-1	-1	1212	207.371604	E4	64	85	
*	-1	*	-1	-1	1246	210.132021	Bb3	58	100	
*	-1	*	-1	-1	1259	213.934104	G#5	80	110	
*	-1	*	-1	-1	1279	216.434104	E5	76	110	
*	-1	*	-1	-1	1285	217.684104	G#5	80	110	
*	-1	*	-1	-1	1305	220.184104	E5	76	110	
*	-1	*	-1	-1	1347	224.559104	C#5	73	115	
*	-1	*	-1	-1	1351	224.559104	Bb4	70	115	
*	-1	*	-1	-1	1356	225.132021	Bb3	58	116	
*	-1	*	-1	-1	1372	228.934104	C#5	73	60	
*	-1	*	-1	-1	1395	232.684104	C#5	73	60	
*	-1	*	-1	-1	1399	232.684104	C#4	61	60	
*	-1	*	-1	-1	1405	233.934104	F#4	66	60	
*	-1	*	-1	-1	1407	233.934104	C#5	73	70	
*	-1	*	-1	-1	1412	235.184104	E4	64	60	
*	-1	*	-1	-1	1413	235.184104	C#4	61	60	
*	-1	*	-1	-1	1422	236.434104	C#3	49	50	
*	-1	*	-1	-1	1425	237.059104	Eb4	63	50	
*	-1	*	-1	-1	1426	237.059104	G4	67	50	
*	-1	*	-1	-1	1433	237.684104	F#4	66	50	
*	-1	*	-1	-1	1437	238.309104	Eb4	63	50	
*	-1	*	-1	-1	1449	238.934104	C#4	61	50	
*	-1	*	-1	-1	1450	239.559104	F#4	66	50	
*	-1	*	-1	-1	1458	240.132021	Eb3	51	50	
*	-1	*	-1	-1	1463	240.184104	Eb4	63	50	
*	-1	*	-1	-1	1486	242.684104	Eb4	63	50	
*	-1	*	-1	-1	1492	243.309104	F#3	54	50	
*	-1	*	-1	-1	1495	243.882021	Eb3	51	50	
*	-1	*	-1	-1	1500	243.934104	Eb4	63	50	
*	-1	*	-1	-1	1529	247.059104	F#3	54	50	
*	-1	*	-1	-1	1545	248.934104	Eb4	63	50	
*	-1	*	-1	-1	1550	249.559104	Bb3	58	60	
*	-1	*	-1	-1	1559	250.809104	Bb2	46	60	
*	-1	*	-1	-1	1598	264.309104	F#3	54	40	
*	-1	*	-1	-1	1606	270.184104	A5	81	40	
*	-1	*	-1	-1	1607	270.184104	E5	76	40	
*	-1	*	-1	-1	1608	270.184104	B4	71	40	
*	-1	*	-1	-1	1616	273.184104	C#5	73	30	
*	-1	*	-1	-1	1625	277.684104	C#1	25	30	
*	-1	*	-1	-1	1626	277.684104	C#2	37	30	
*	-1	*	-1	-1	552	112.347281	F4	65	74	
*	-1	*	-1	-1	664	132.612430	D3	50	70	
*	-1	*	-1	-1	1141	196.434104	C#3	49	50	
*	-1	*	-1	-1	1180	204.038271	E3	52	80	
*	-1	*	-1	-1	1181	204.090354	G#3	56	80	
*	-1	*	-1	-1	1182	204.142437	B3	59	80	
*	-1	*	-1	-1	1192	206.329937	E3	52	80	
*	-1	*	-1	-1	1226	208.309104	D5	74	91	
*	-1	*	-1	-1	1225	208.309104	B4	71	91	
*	-1	*	-1	-1	1227	208.309104	F#5	78	91	
*	-1	*	-1	-1	1462	240.184104	G#3	56	50	
*	-1	*	-1	-1	1488	243.309104	Eb4	63	50	
*	-1	*	-1	-1	1491	243.309104	Bb3	58	50	
*	-1	*	-1	-1	1499	243.934104	G#3	56	50	
