// alignID alignOntime alignSitch alignPitch alignOnvel refID refOntime refSitch refPitch refOnvel
0	3.350000	G#4	68	60	1	1.071428	G#4	68	45	
1	3.358333	F4	65	47	0	1.071428	F4	65	45	
2	4.358333	G#5	80	63	2	2.142857	G#5	80	45	
3	4.372917	F5	77	54	3	2.142857	F5	77	45	
4	6.919792	F5	77	48	5	4.591835	F5	77	45	
5	6.927083	C#5	73	47	4	4.591835	C#5	73	45	
6	8.895833	F#4	66	57	7	7.024266	F#4	66	45	
7	8.896875	A4	69	64	6	7.024266	A4	69	45	
8	9.390625	Eb5	75	60	8	8.178112	Eb5	75	45	
9	9.398958	C5	72	50	9	8.178112	C5	72	45	
10	9.904167	C#5	73	58	10	8.578112	C#5	73	45	
11	9.906250	F5	77	59	11	8.578112	F5	77	45	
12	10.560417	C5	72	50	12	9.032657	C5	72	45	
13	10.562500	Eb5	75	65	13	9.032657	Eb5	75	45	
14	14.386458	G#4	68	55	14	11.010677	G#4	68	45	
15	14.419792	F4	65	36	15	11.010677	F4	65	45	
16	14.784375	C#5	73	59	17	11.779908	C#5	73	45	
17	14.789583	Bb4	70	50	16	11.779908	Bb4	70	45	
18	15.294792	C5	72	54	19	12.196575	C5	72	45	
19	15.296875	Eb5	75	61	18	12.196575	Eb5	75	45	
20	15.780208	C#5	73	55	20	12.651120	C#5	73	45	
21	15.781250	Bb4	70	57	21	12.651120	Bb4	70	45	
22	16.516667	F5	77	63	22	13.500176	F5	77	45	
23	17.869792	C#5	73	56	23	14.843459	C#5	73	45	
24	18.594792	F#4	66	44	24	16.166988	F#4	66	45	
25	18.648958	Eb4	63	43	*	-1	*	-1	-1	
26	18.738542	Eb4	63	20	25	16.166988	Eb4	63	45	
27	18.977083	G#4	68	47	*	-1	*	-1	-1	
28	18.993750	C5	72	48	27	16.583654	C5	72	45	
29	19.082292	G#4	68	25	26	16.583654	G#4	68	45	
30	19.440625	C#5	73	48	29	16.963401	C#5	73	45	
31	19.441667	Bb4	70	47	28	16.963401	Bb4	70	45	
32	20.040625	G#4	68	45	30	17.391972	G#4	68	45	
33	20.040625	C5	72	46	31	17.391972	C5	72	45	
34	22.988542	F#4	66	45	32	19.534827	F#4	66	45	
35	22.998958	Eb4	63	37	34	19.534827	Eb4	63	45	
36	23.025000	C#4	61	39	33	19.534827	C#4	61	45	
37	23.364583	Bb4	70	60	35	19.982588	Bb4	70	45	
38	23.734375	C5	72	44	36	20.335529	C5	72	45	
39	24.109375	Bb4	70	68	37	20.658109	Bb4	70	45	
40	24.520833	Eb5	75	58	38	20.964231	Eb5	75	45	
41	24.962500	Bb4	70	66	39	21.270353	Bb4	70	45	
42	25.442708	Eb4	63	46	40	21.592934	Eb4	63	45	
43	25.446875	F#4	66	46	41	21.592934	F#4	66	45	
44	25.451042	G#4	68	53	43	21.592934	G#4	68	45	
45	25.500000	C4	60	37	42	21.592934	C4	60	45	
46	26.010417	Bb4	70	59	44	21.908723	Bb4	70	45	
47	26.493750	G#4	68	54	45	22.242056	G#4	68	45	
48	27.126042	Eb4	63	49	46	22.631666	Eb4	63	45	
49	27.138542	Bb3	58	41	48	22.631666	Bb3	58	45	
50	27.140625	C#4	61	44	47	22.631666	C#4	61	45	
51	27.600000	F#4	66	55	49	22.928695	F#4	66	45	
52	28.023958	G#4	68	62	50	23.234817	G#4	68	45	
53	28.493750	F#4	66	65	51	23.640222	F#4	66	45	
54	29.865625	F4	65	59	53	24.983505	F4	65	45	
55	29.906250	Eb4	63	42	55	24.983505	Eb4	63	45	
56	29.941667	C4	60	28	54	24.983505	C4	60	45	
57	29.942708	A3	57	33	52	24.983505	A3	57	45	
58	31.734375	Bb3	58	40	57	26.650172	Bb3	58	45	
59	31.738542	G#3	56	34	56	26.650172	G#3	56	45	
60	31.770833	C#4	61	39	58	26.650172	C#4	61	45	
61	32.192708	F4	65	35	59	27.185886	F4	65	45	
62	32.608333	F#4	66	56	60	27.492008	F#4	66	45	
63	32.990625	F4	65	52	61	27.798130	F4	65	45	
64	32.998958	G#3	56	28	*	-1	*	-1	-1	
65	33.414583	Bb4	70	56	62	28.104252	Bb4	70	45	
66	33.841667	F4	65	41	63	28.437585	F4	65	45	
67	34.370833	Eb4	63	50	64	28.734614	Eb4	63	45	
68	34.467708	F#3	54	30	65	28.734614	F#3	54	45	
69	34.827083	Bb3	58	23	*	-1	*	-1	-1	
70	34.827083	F4	65	41	66	29.050403	F4	65	45	
71	35.386458	Eb4	63	53	67	29.395231	Eb4	63	45	
72	36.078125	F3	53	42	68	29.774977	F3	53	45	
73	36.089583	Bb3	58	47	70	29.774977	Bb3	58	45	
74	36.097917	G#3	56	38	69	29.774977	G#3	56	45	
75	36.628125	C#4	61	47	71	30.090766	C#4	61	45	
76	37.068750	Eb4	63	48	72	30.443707	Eb4	63	45	
77	37.727083	C#4	61	36	73	30.849112	C#4	61	45	
78	39.617708	G#3	56	39	77	32.349112	G#3	56	45	
79	39.617708	C4	60	43	74	32.349112	C4	60	45	
80	39.619792	Eb3	51	39	76	32.349112	Eb3	51	45	
81	39.650000	F#3	54	30	75	32.349112	F#3	54	45	
82	40.648958	G#2	44	46	78	33.198168	G#2	44	45	
83	42.459375	C#2	37	56	79	35.154690	C#2	37	45	
84	43.104167	G#3	56	52	80	35.710245	G#3	56	45	
85	43.122917	F3	53	40	81	35.710245	F3	53	45	
86	43.612500	G#4	68	73	82	36.158006	G#4	68	45	
87	43.659375	F4	65	63	83	36.158006	F4	65	45	
88	44.264583	G#5	80	78	85	36.796304	G#5	80	45	
89	44.269792	F5	77	65	84	36.796304	F5	77	45	
90	45.872917	F5	77	54	87	38.561008	F5	77	45	
91	45.884375	C#5	73	45	86	38.561008	C#5	73	45	
92	47.506250	F#2	42	52	89	40.139955	F#2	42	45	
93	47.508333	C#3	49	51	88	40.139955	C#3	49	45	
94	48.310417	Bb3	58	53	93	41.077455	Bb3	58	45	
95	48.310417	Eb5	75	66	94	41.077455	Eb5	75	45	
96	48.313542	C#4	61	53	91	41.077455	C#4	61	45	
97	48.318750	Bb4	70	59	96	41.077455	Bb4	70	45	
98	48.327083	F#4	66	50	90	41.077455	F#4	66	45	
99	48.339583	C#3	49	44	92	41.077455	C#3	49	45	
100	48.765625	F5	77	74	97	41.447825	F5	77	45	
101	49.202083	Eb5	75	70	98	41.909363	Eb5	75	45	
102	52.177083	C#3	49	44	99	44.247023	C#3	49	45	
103	52.180208	F2	41	46	100	44.247023	F2	41	45	
104	52.863542	C#5	73	67	103	45.080356	C#5	73	45	
105	52.880208	C#4	61	51	102	45.080356	C#4	61	45	
106	52.886458	G#3	56	47	105	45.080356	G#3	56	45	
107	52.890625	F3	53	39	101	45.080356	F3	53	45	
108	53.331250	Eb4	63	81	106	45.534901	Eb4	63	45	
109	53.332292	Eb5	75	77	107	45.534901	Eb5	75	45	
110	54.023958	G#5	80	74	111	46.159901	G#5	80	45	
111	54.040625	G#3	56	42	*	-1	*	-1	-1	
112	54.041667	G#4	68	62	110	46.159901	G#4	68	45	
113	54.047917	C#5	73	48	112	46.159901	C#5	73	45	
114	54.050000	C#4	61	52	108	46.159901	C#4	61	45	
115	54.051042	F4	65	46	109	46.159901	F4	65	45	
116	55.448958	C#4	61	47	117	47.392777	C#4	61	45	
117	55.448958	F4	65	42	113	47.392777	F4	65	45	
118	55.451042	G#3	56	39	116	47.392777	G#3	56	45	
119	55.451042	F5	77	56	115	47.392777	F5	77	45	
120	55.452083	C#5	73	50	114	47.392777	C#5	73	45	
121	57.207292	C#3	49	52	119	48.716305	C#3	49	45	
122	57.211458	F#2	42	48	118	48.716305	F#2	42	45	
123	57.928125	F#4	66	56	120	49.653805	F#4	66	45	
124	57.928125	Eb5	75	67	125	49.653805	Eb5	75	45	
125	57.931250	F#3	54	48	121	49.653805	F#3	54	45	
126	57.941667	Bb3	58	46	126	49.653805	Bb3	58	45	
127	57.967708	C#4	61	49	123	49.653805	C#4	61	45	
128	57.989583	C#3	49	45	124	49.653805	C#3	49	45	
129	58.428125	F5	77	66	127	50.024175	F5	77	45	
130	58.977083	Eb5	75	67	128	50.485713	Eb5	75	45	
131	60.781250	C#5	73	59	129	52.360713	C#5	73	45	
132	62.488542	G#2	44	55	130	53.251801	G#2	44	45	
133	63.097917	C#5	73	60	131	54.160892	C#5	73	45	
134	63.098958	C#4	61	60	135	54.160892	C#4	61	45	
135	63.129167	B3	59	58	133	54.160892	B3	59	45	
136	63.138542	G#4	68	52	134	54.160892	G#4	68	45	
137	63.150000	F3	53	42	132	54.160892	F3	53	45	
138	63.622917	Eb5	75	73	136	54.622430	Eb5	75	52	
139	63.623958	Eb4	63	74	137	54.622430	Eb4	63	52	
140	64.320833	Bb5	82	76	139	55.304248	Bb5	82	60	
141	64.334375	Bb4	70	64	143	55.304248	Bb4	70	60	
142	64.338542	F5	77	65	140	55.304248	F5	77	60	
143	64.368750	F4	65	53	138	55.304248	F4	65	45	
144	64.375000	B3	59	58	141	55.304248	B3	59	45	
145	64.379167	C#4	61	50	142	55.304248	C#4	61	45	
146	65.376042	G#5	80	73	144	56.326975	G#5	80	60	
147	65.379167	G#4	68	74	145	56.326975	G#4	68	60	
148	66.789583	G#4	68	42	*	-1	*	-1	-1	
149	66.789583	F5	77	51	147	57.905921	F5	77	60	
150	66.791667	F4	65	49	146	57.905921	F4	65	60	
151	67.442708	Bb2	46	62	148	58.863367	Bb2	46	45	
152	68.155208	Eb5	75	61	150	59.831109	Eb5	75	60	
153	68.192708	F4	65	45	153	59.831109	F4	65	60	
154	68.209375	Bb3	58	51	152	59.831109	Bb3	58	45	
155	68.225000	F3	53	39	151	59.831109	F3	53	45	
156	68.229167	Bb4	70	45	149	59.831109	Bb4	70	60	
157	68.239583	Eb4	63	52	154	59.831109	Eb4	63	45	
158	68.669792	F5	77	74	155	60.339583	F5	77	60	
159	69.187500	Eb5	75	59	156	60.875297	Eb5	75	60	
160	70.068750	C#5	73	58	158	62.091513	C#5	73	53	
161	70.077083	Bb4	70	48	*	-1	*	-1	-1	
162	70.079167	C#4	61	56	157	62.091513	C#4	61	45	
163	71.917708	Bb4	70	51	159	63.891513	Bb4	70	38	
164	73.547917	Eb1	27	45	161	66.891513	Eb1	27	45	
165	73.547917	Eb2	39	37	160	66.891513	Eb2	39	45	
166	75.055208	F6	89	54	166	68.848034	F6	89	45	
167	75.057292	Bb5	82	56	162	68.848034	Bb5	82	45	
168	75.058333	F5	77	55	164	68.848034	F5	77	45	
169	75.067708	Bb4	70	56	167	68.848034	Bb4	70	30	
170	75.104167	F#4	66	50	163	68.848034	F#4	66	30	
171	76.541667	Eb6	87	55	168	71.526606	Eb6	87	45	
172	76.579167	Eb5	75	32	172	71.526606	Eb5	75	45	
173	76.588542	Eb4	63	39	169	71.526606	Eb4	63	30	
174	76.588542	F#4	66	35	173	71.526606	F#4	66	30	
175	76.589583	Bb5	82	41	171	71.526606	Bb5	82	45	
176	76.591667	Bb4	70	39	170	71.526606	Bb4	70	30	
177	77.234375	Eb6	87	56	177	71.932011	Eb6	87	45	
178	77.244792	Eb4	63	38	176	71.932011	Eb4	63	30	
179	77.247917	F#4	66	41	175	71.932011	F#4	66	30	
180	77.258333	Bb4	70	43	174	71.932011	Bb4	70	30	
181	77.276042	C#4	61	24	*	-1	*	-1	-1	
182	77.286458	Eb5	75	33	179	71.932011	Eb5	75	45	
183	77.708333	Eb6	87	69	183	72.302380	Eb6	87	45	
184	77.718750	Bb4	70	52	181	72.302380	Bb4	70	30	
185	77.718750	Eb5	75	52	184	72.302380	Eb5	75	45	
186	77.727083	F#4	66	48	182	72.302380	F#4	66	30	
187	77.728125	Eb4	63	52	180	72.302380	Eb4	63	30	
188	78.139583	C#6	85	54	188	72.624961	C#6	85	45	
189	78.148958	F#4	66	45	191	72.624961	F#4	66	30	
190	78.148958	Bb4	70	49	186	72.624961	Bb4	70	30	
191	78.148958	C#5	73	46	190	72.624961	C#5	73	45	
192	78.159375	Bb5	82	50	189	72.624961	Bb5	82	45	
193	78.188542	C#4	61	40	187	72.624961	C#4	61	30	
194	78.462500	C#5	73	45	192	72.921990	C#5	73	45	
195	78.484375	Bb5	82	54	196	72.921990	Bb5	82	45	
196	78.505208	F#4	66	38	197	72.921990	F#4	66	30	
197	78.510417	Bb4	70	51	195	72.921990	Bb4	70	30	
198	78.513542	C#4	61	49	193	72.921990	C#4	61	30	
199	78.797917	C#6	85	55	202	73.219020	C#6	85	45	
200	78.807292	C#5	73	41	198	73.219020	C#5	73	45	
201	78.811458	Bb5	82	44	200	73.219020	Bb5	82	45	
202	78.818750	F#4	66	38	203	73.219020	F#4	66	30	
203	78.859375	C#4	61	52	199	73.219020	C#4	61	30	
204	78.859375	Bb4	70	48	201	73.219020	Bb4	70	30	
205	79.213542	C6	84	50	206	73.486877	C6	84	45	
206	79.228125	Bb4	70	51	208	73.486877	Bb4	70	30	
207	79.229167	C5	72	43	205	73.486877	C5	72	45	
208	79.232292	C#4	61	44	*	-1	*	-1	-1	
209	79.233333	F#4	66	40	209	73.486877	F#4	66	30	
210	79.235417	C4	60	48	210	73.486877	C4	60	30	
211	79.652083	C#4	61	41	211	73.820210	C4	60	30	
212	79.660417	Bb4	70	50	215	73.820210	Bb4	70	30	
213	79.667708	Bb5	82	44	212	73.820210	Bb5	82	45	
214	79.687500	F#4	66	44	214	73.820210	F#4	66	30	
215	79.687500	F#5	78	38	213	73.820210	F#5	78	45	
216	80.204167	C6	84	49	223	74.190580	C6	84	45	
217	80.209375	C5	72	41	224	74.190580	C5	72	45	
218	80.230208	Bb4	70	42	221	74.190580	Bb4	70	30	
219	80.240625	F#4	66	40	219	74.190580	F#4	66	30	
220	80.247917	C4	60	36	222	74.190580	C4	60	30	
221	81.098958	C#6	85	63	225	74.679710	C#6	85	45	
222	81.105208	Bb5	82	55	229	74.679710	Bb5	82	45	
223	81.110417	C#4	61	53	228	74.679710	C#4	61	30	
224	81.110417	C#5	73	45	227	74.679710	C#5	73	45	
225	81.134375	Bb4	70	50	226	74.679710	Bb4	70	30	
226	81.144792	F#4	66	48	230	74.679710	F#4	66	30	
227	81.900000	Bb5	82	54	233	75.322566	Bb5	82	45	
228	81.917708	Bb4	70	54	235	75.322566	Bb4	70	45	
229	81.920833	F#4	66	54	236	75.322566	F#4	66	30	
230	81.954167	F#5	78	46	234	75.322566	F#5	78	45	
231	81.959375	C#4	61	47	231	75.322566	C#4	61	30	
232	81.968750	Bb3	58	44	232	75.322566	Bb3	58	30	
233	84.120833	Eb1	27	49	238	76.751136	Eb1	27	45	
234	84.120833	Bb2	46	47	239	76.751136	Bb2	46	45	
235	84.129167	Eb2	39	43	237	76.751136	Eb2	39	45	
236	85.117708	F6	89	66	242	77.967352	F6	89	45	
237	85.125000	F5	77	55	243	77.967352	F5	77	45	
238	85.144792	Bb5	82	56	244	77.967352	Bb5	82	45	
239	85.186458	Bb4	70	51	245	77.967352	Bb4	70	30	
240	85.190625	F4	65	50	241	77.967352	F4	65	30	
241	85.190625	F#4	66	52	240	77.967352	F#4	66	30	
242	86.370833	F#6	90	68	250	79.842352	F#6	90	45	
243	86.380208	Bb5	82	59	247	79.842352	Bb5	82	45	
244	86.404167	F#5	78	61	248	79.842352	F#5	78	45	
245	86.409375	F#4	66	58	246	79.842352	F#4	66	30	
246	86.411458	Bb4	70	55	251	79.842352	Bb4	70	30	
247	86.411458	Eb5	75	56	249	79.842352	Eb5	75	30	
248	86.947917	F6	89	64	252	80.368667	F6	89	45	
249	86.990625	F5	77	46	254	80.368667	F5	77	45	
250	86.992708	Bb5	82	56	253	80.368667	Bb5	82	45	
251	87.001042	F4	65	48	256	80.368667	F4	65	30	
252	87.001042	Bb4	70	55	255	80.368667	Bb4	70	30	
253	87.005208	F#5	78	43	*	-1	*	-1	-1	
254	87.008333	F#4	66	52	257	80.368667	F#4	66	30	
255	87.389583	Eb6	87	71	260	80.774072	Eb6	87	45	
256	87.426042	Eb5	75	53	262	80.774072	Eb5	75	45	
257	87.427083	F#4	66	61	261	80.774072	F#4	66	30	
258	87.427083	Bb4	70	52	263	80.774072	Bb4	70	30	
259	87.427083	F#5	78	52	*	-1	*	-1	-1	
260	87.436458	Eb4	63	53	258	80.774072	Eb4	63	30	
261	87.691667	Bb4	70	48	*	-1	*	-1	-1	
262	87.780208	F6	89	72	265	81.163682	F6	89	45	
263	87.820833	Bb4	70	53	268	81.163682	Bb4	70	30	
264	87.820833	F5	77	46	267	81.163682	F5	77	45	
265	87.828125	Bb5	82	55	264	81.163682	Bb5	82	45	
266	87.829167	F#4	66	53	266	81.163682	F#4	66	30	
267	87.834375	F#5	78	42	*	-1	*	-1	-1	
268	88.143750	Bb4	70	63	271	81.497015	Bb4	70	30	
269	88.148958	Eb6	87	72	273	81.497015	Eb6	87	45	
270	88.151042	F#4	66	50	272	81.497015	F#4	66	30	
271	88.152083	Eb4	63	53	274	81.497015	Eb4	63	30	
272	88.180208	Eb5	75	49	275	81.497015	Eb5	75	45	
273	88.488542	C#6	85	64	281	81.830348	C#6	85	45	
274	88.489583	C#5	73	58	277	81.830348	C#5	73	45	
275	88.497917	Bb4	70	56	279	81.830348	Bb4	70	30	
276	88.500000	Bb5	82	49	276	81.830348	Bb5	82	45	
277	88.519792	F#4	66	42	280	81.830348	F#4	66	30	
278	88.540625	C#4	61	45	278	81.830348	C#4	61	30	
279	88.860417	Eb6	87	67	285	82.146137	Eb6	87	45	
280	88.869792	Bb5	82	58	286	82.146137	Bb5	82	45	
281	88.878125	Eb4	63	63	283	82.146137	Eb4	63	30	
282	88.880208	F#4	66	46	282	82.146137	F#4	66	30	
283	88.880208	Bb4	70	56	287	82.146137	Bb4	70	30	
284	88.880208	Eb5	75	50	284	82.146137	Eb5	75	45	
285	89.254167	C#6	85	54	292	82.516507	C#6	85	45	
286	89.258333	C#5	73	53	291	82.516507	C#5	73	45	
287	89.268750	Bb5	82	54	290	82.516507	Bb5	82	45	
288	89.277083	Bb4	70	53	289	82.516507	Bb4	70	30	
289	89.310417	F#4	66	43	288	82.516507	F#4	66	30	
290	89.317708	C#4	61	43	293	82.516507	C#4	61	30	
291	89.760417	C6	84	68	296	82.906117	C6	84	45	
292	89.768750	C5	72	62	295	82.906117	C5	72	45	
293	89.776042	F#5	78	46	*	-1	*	-1	-1	
294	89.789583	Bb4	70	56	294	82.906117	Bb4	70	30	
295	89.796875	Bb5	82	57	297	82.906117	Bb5	82	45	
296	89.800000	C4	60	49	298	82.906117	C4	60	30	
297	89.800000	F#4	66	47	299	82.906117	F#4	66	30	
298	90.488542	Bb4	70	56	301	83.389988	Bb4	70	30	
299	90.489583	F#4	66	47	300	83.389988	F#4	66	30	
300	90.490625	C#4	61	56	302	83.389988	C#4	61	30	
301	90.558333	Eb6	87	81	303	83.389988	Eb6	87	45	
302	90.566667	Bb5	82	59	*	-1	*	-1	-1	
303	90.800000	C#6	85	75	304	83.528877	C#6	85	45	
304	91.787500	Bb5	82	58	312	84.223321	Bb5	82	45	
305	91.790625	Bb4	70	58	310	84.223321	Bb4	70	45	
306	91.794792	Eb4	63	54	309	84.223321	Eb4	63	30	
307	91.795833	F#5	78	54	311	84.223321	F#5	78	45	
308	91.800000	F#4	66	54	307	84.223321	F#4	66	30	
309	91.858333	Bb3	58	44	308	84.223321	Bb3	58	30	
310	93.600000	G#2	44	47	313	85.212331	G#2	44	45	
311	93.629167	G#1	32	42	314	85.212331	G#1	32	45	
312	94.740625	F#5	78	41	317	86.258842	F#5	78	46	
313	94.776042	F#3	54	41	315	86.258842	F#3	54	31	
314	94.777083	F#4	66	34	316	86.258842	F#4	66	46	
315	95.505208	G#5	80	58	319	86.814397	G#5	80	47	
316	95.529167	C4	60	43	322	86.814397	C4	60	32	
317	95.532292	G#3	56	43	321	86.814397	G#3	56	32	
318	95.539583	F#4	66	33	320	86.814397	Eb4	63	32	
319	95.551042	Eb5	75	36	318	86.814397	Eb5	75	47	
320	95.560417	G#4	68	38	323	86.814397	G#4	68	47	
321	96.357292	C6	84	51	326	87.242968	C6	84	48	
322	96.376042	C4	60	30	324	87.242968	C4	60	33	
323	96.380208	C5	72	40	325	87.242968	C5	72	48	
324	96.384375	F#4	66	22	*	-1	*	-1	-1	
325	96.391667	G#3	56	16	*	-1	*	-1	-1	
326	96.917708	Bb5	82	71	331	87.778682	Bb5	82	49	
327	96.936458	Bb3	58	53	330	87.778682	Bb3	58	34	
328	96.938542	Bb4	70	57	329	87.778682	Bb4	70	49	
329	96.942708	Eb4	63	51	328	87.778682	Eb4	63	34	
330	96.946875	F#5	78	53	332	87.778682	F#5	78	49	
331	96.951042	F#4	66	49	327	87.778682	F#4	66	34	
332	97.454167	F#3	54	42	334	88.421539	F#3	54	35	
333	97.488542	F#5	78	60	333	88.421539	F#5	78	50	
334	97.505208	Bb4	70	42	*	-1	*	-1	-1	
335	97.511458	F#4	66	55	335	88.421539	F#4	66	50	
336	98.177083	A2	45	57	337	89.270595	A2	45	45	
337	98.204167	A1	33	50	336	89.270595	A1	33	45	
338	98.786458	F#5	78	54	341	90.270595	F#5	78	52	
339	98.813542	F#4	66	53	344	90.270595	F#4	66	52	
340	98.843750	Eb5	75	48	343	90.270595	Eb5	75	52	
341	98.847917	F#3	54	51	339	90.270595	F#3	54	37	
342	98.865625	Eb4	63	46	338	90.270595	Eb4	63	37	
343	98.872917	A3	57	33	*	-1	*	-1	-1	
344	98.872917	C4	60	37	342	90.270595	C4	60	37	
345	99.206250	F#5	78	54	347	90.561857	F#5	78	53	
346	99.218750	C4	60	42	350	90.561857	C4	60	38	
347	99.221875	F#4	66	49	348	90.561857	F#4	66	53	
348	99.229167	F#3	54	44	351	90.561857	F#3	54	38	
349	99.238542	Eb4	63	46	345	90.561857	Eb4	63	38	
350	99.269792	Eb5	75	44	346	90.561857	Eb5	75	53	
351	99.530208	F#5	78	63	355	90.853119	F#5	78	54	
352	99.551042	F#3	54	48	353	90.853119	F#3	54	39	
353	99.552083	C4	60	42	357	90.853119	C4	60	39	
354	99.555208	F#4	66	55	358	90.853119	F#4	66	54	
355	99.560417	Eb4	63	50	356	90.853119	Eb4	63	39	
356	99.562500	Eb5	75	51	352	90.853119	Eb5	75	54	
357	99.852083	F#5	78	65	364	91.144381	F#5	78	55	
358	99.853125	F#4	66	55	363	91.144381	F#4	66	55	
359	99.855208	F#3	54	43	362	91.144381	F#3	54	40	
360	99.864583	C4	60	40	360	91.144381	C4	60	40	
361	99.868750	Eb5	75	53	365	91.144381	Eb5	75	55	
362	99.869792	Eb4	63	56	359	91.144381	Eb4	63	40	
363	100.186458	G#5	80	70	371	91.435643	G#5	80	56	
364	100.211458	G#4	68	63	368	91.435643	G#4	68	56	
365	100.217708	Eb5	75	45	372	91.435643	Eb5	75	56	
366	100.238542	Eb4	63	53	370	91.435643	Eb4	63	41	
367	100.244792	G#3	56	52	366	91.435643	G#3	56	41	
368	100.704167	F#5	78	65	377	91.726905	F#5	78	57	
369	100.711458	C4	60	48	378	91.726905	C4	60	42	
370	100.722917	Eb5	75	55	374	91.726905	Eb5	75	57	
371	100.728125	G#4	68	54	*	-1	*	-1	-1	
372	100.729167	G#3	56	53	*	-1	*	-1	-1	
373	100.730208	F#4	66	54	379	91.726905	F#4	66	57	
374	100.732292	F#3	54	51	373	91.726905	F#3	54	42	
375	100.732292	Eb4	63	48	376	91.726905	Eb4	63	42	
376	101.828125	Bb1	34	62	380	93.070188	Bb1	34	45	
377	101.828125	Bb2	46	68	381	93.070188	Bb2	46	45	
378	102.900000	F#5	78	69	385	94.116699	F#5	78	62	
379	102.902083	F#4	66	64	382	94.116699	F#4	66	62	
380	102.922917	Bb3	58	56	386	94.116699	Bb3	58	46	
381	102.930208	F#3	54	51	383	94.116699	F#3	54	46	
382	102.930208	C#4	61	56	387	94.116699	C#4	61	46	
383	103.521875	G#4	68	79	389	94.672254	G#4	68	64	
384	103.526042	G#3	56	67	388	94.672254	G#3	56	48	
385	104.019792	C#6	85	81	393	95.100825	C#6	85	66	
386	104.029167	C#5	73	67	391	95.100825	C#5	73	66	
387	104.034375	C#4	61	73	392	95.100825	C#4	61	50	
388	104.730208	Bb5	82	74	394	95.636539	Bb5	82	68	
389	104.735417	F#4	66	67	397	95.636539	F#4	66	52	
390	104.735417	Bb4	70	69	396	95.636539	Bb4	70	68	
391	104.737500	C#4	61	64	395	95.636539	C#4	61	52	
392	104.740625	Bb3	58	59	399	95.636539	Bb3	58	52	
393	104.743750	C#5	73	53	*	-1	*	-1	-1	
394	104.743750	F#5	78	62	398	95.636539	F#5	78	60	
395	105.435417	F#3	54	56	401	96.279395	F#3	54	54	
396	105.487500	F#5	78	65	400	96.279395	F#5	78	70	
397	105.498958	F#4	66	70	402	96.279395	F#4	66	70	
398	105.979167	C3	48	63	404	97.128451	C3	48	60	
399	106.006250	C2	36	56	403	97.128451	C2	36	60	
400	106.509375	F#4	66	63	411	98.128451	F#4	66	73	
401	106.531250	Eb5	75	56	410	98.128451	Eb5	75	73	
402	106.546875	Bb4	70	52	409	98.128451	Bb4	70	73	
403	106.614583	F#3	54	49	407	98.128451	F#3	54	57	
404	106.650000	Bb3	58	49	406	98.128451	Bb3	58	57	
405	106.650000	Eb4	63	44	408	98.128451	Eb4	63	57	
406	106.943750	F#5	78	66	416	98.419713	F#5	78	74	
407	106.959375	Eb4	63	62	414	98.419713	Eb4	63	58	
408	106.963542	Eb5	75	49	417	98.419713	Eb5	75	74	
409	106.967708	Bb3	58	65	413	98.419713	Bb3	58	58	
410	106.968750	F#3	54	50	412	98.419713	F#3	54	58	
411	106.968750	F#4	66	61	418	98.419713	F#4	66	74	
412	106.968750	Bb4	70	58	415	98.419713	Bb4	70	74	
413	107.260417	F#3	54	60	422	98.710975	F#3	54	59	
414	107.260417	F#5	78	69	420	98.710975	F#5	78	75	
415	107.268750	Eb4	63	63	421	98.710975	Eb4	63	59	
416	107.268750	F#4	66	67	419	98.710975	F#4	66	75	
417	107.268750	Eb5	75	60	425	98.710975	Eb5	75	75	
418	107.269792	Bb4	70	63	424	98.710975	Bb4	70	75	
419	107.297917	Bb3	58	66	423	98.710975	Bb3	58	59	
420	107.579167	F#3	54	68	430	99.002237	F#3	54	60	
421	107.582292	F#4	66	71	431	99.002237	F#4	66	76	
422	107.586458	Eb5	75	65	427	99.002237	Eb5	75	76	
423	107.587500	Bb3	58	66	432	99.002237	Bb3	58	60	
424	107.588542	Eb4	63	73	426	99.002237	Eb4	63	60	
425	107.589583	Bb4	70	62	429	99.002237	Bb4	70	76	
426	107.919792	G#5	80	70	437	99.293499	G#5	80	77	
427	107.920833	Bb3	58	57	*	-1	*	-1	-1	
428	107.938542	G#4	68	60	438	99.293499	G#4	68	77	
429	107.958333	C4	60	56	433	99.293499	C4	60	61	
430	107.958333	F4	65	55	439	99.293499	F4	65	61	
431	107.964583	F#3	54	60	*	-1	*	-1	-1	
432	107.968750	G#3	56	62	435	99.293499	G#3	56	61	
433	108.348958	F#5	78	72	446	99.584761	F#5	78	78	
434	108.355208	F#3	54	62	442	99.584761	F#3	54	62	
435	108.355208	Eb4	63	69	440	99.584761	Eb4	63	62	
436	108.359375	Bb3	58	67	443	99.584761	Bb3	58	62	
437	108.359375	F#4	66	69	444	99.584761	F#4	66	78	
438	108.359375	Bb4	70	63	445	99.584761	Bb4	70	78	
439	108.359375	Eb5	75	69	441	99.584761	Eb5	75	78	
440	109.579167	C#3	49	69	448	100.928044	C#3	49	75	
441	109.582292	C#2	37	65	447	100.928044	C#2	37	75	
442	110.300000	F#5	78	73	453	101.974555	F#5	78	84	
443	110.307292	C#5	73	63	450	101.974555	C#5	73	60	
444	110.308333	C#4	61	67	455	101.974555	C#4	61	68	
445	110.310417	Bb4	70	59	449	101.974555	Bb4	70	60	
446	110.316667	F#4	66	66	452	101.974555	F#4	66	84	
447	110.317708	Bb3	58	59	451	101.974555	Bb3	58	68	
448	110.322917	F#3	54	58	454	101.974555	F#3	54	68	
449	110.810417	G#5	80	77	458	102.530110	G#5	80	86	
450	110.812500	G#4	68	77	457	102.530110	G#4	68	86	
451	110.838542	G#3	56	67	456	102.530110	G#3	56	70	
452	111.388542	Eb6	87	87	460	102.958681	Eb6	87	88	
453	111.393750	Eb4	63	75	461	102.958681	Eb4	63	72	
454	111.395833	Eb5	75	70	459	102.958681	Eb5	75	88	
455	112.146875	C#6	85	79	465	103.494395	C#6	85	90	
456	112.148958	C#4	61	72	468	103.494395	C#4	61	74	
457	112.150000	Bb5	82	75	463	103.494395	Bb5	82	60	
458	112.157292	F#5	78	70	464	103.494395	F#5	78	60	
459	112.159375	C#5	73	67	467	103.494395	C#5	73	90	
460	112.166667	Bb4	70	68	462	103.494395	Bb4	70	74	
461	112.172917	F#4	66	74	466	103.494395	F#4	66	74	
462	112.712500	Bb3	58	83	469	104.137252	Bb3	58	76	
463	112.719792	Bb5	82	80	471	104.137252	Bb5	82	92	
464	112.721875	Bb4	70	78	470	104.137252	Bb4	70	92	
465	113.471875	Eb2	39	64	473	104.986308	Eb2	39	92	
466	113.471875	Eb3	51	72	472	104.986308	Eb3	51	92	
467	114.208333	Bb5	82	71	476	105.986308	Bb5	82	95	
468	114.228125	F#5	78	61	475	105.986308	F#5	78	95	
469	114.230208	Bb4	70	57	474	105.986308	Bb4	70	95	
470	114.238542	Bb3	58	60	478	105.986308	Bb3	58	79	
471	114.238542	F#4	66	59	479	105.986308	F#4	66	79	
472	114.239583	C#4	61	53	477	105.986308	C#4	61	79	
473	114.690625	F#4	66	62	480	106.361308	F#4	66	80	
474	114.696875	Bb4	70	66	482	106.361308	Bb4	70	96	
475	114.698958	Bb3	58	60	481	106.361308	Bb3	58	80	
476	114.698958	C#4	61	50	485	106.361308	C#4	61	80	
477	114.698958	Bb5	82	68	484	106.361308	Bb5	82	96	
478	114.703125	F#5	78	64	483	106.361308	F#5	78	96	
479	115.062500	Bb5	82	70	487	106.714249	Bb5	82	97	
480	115.068750	Bb4	70	71	491	106.714249	Bb4	70	97	
481	115.072917	F#4	66	63	489	106.714249	F#4	66	81	
482	115.091667	F#5	78	61	488	106.714249	F#5	78	97	
483	115.092708	Bb3	58	57	486	106.714249	Bb3	58	81	
484	115.103125	C#4	61	59	490	106.714249	C#4	61	81	
485	115.380208	Bb5	82	66	493	107.047582	Bb5	82	98	
486	115.391667	Bb3	58	65	492	107.047582	Bb3	58	82	
487	115.394792	Bb4	70	66	495	107.047582	Bb4	70	98	
488	115.400000	C#4	61	49	494	107.047582	C#4	61	82	
489	115.401042	F#5	78	59	497	107.047582	F#5	78	98	
490	115.410417	F#4	66	64	496	107.047582	F#4	66	82	
491	115.800000	C6	84	64	500	107.363371	C6	84	100	
492	115.822917	C4	60	58	501	107.363371	C4	60	84	
493	115.827083	G#5	80	59	498	107.363371	G#5	80	100	
494	115.829167	C5	72	55	499	107.363371	C5	72	100	
495	115.837500	Eb4	63	53	503	107.363371	Eb4	63	84	
496	115.837500	G#4	68	58	502	107.363371	G#4	68	84	
497	115.846875	B4	71	48	*	-1	*	-1	-1	
498	116.265625	Bb5	82	77	508	107.663371	Bb5	82	102	
499	116.269792	C#4	61	58	504	107.663371	C#4	61	86	
500	116.269792	F#4	66	59	509	107.663371	F#4	66	86	
501	116.281250	Bb3	58	57	505	107.663371	Bb3	58	86	
502	116.287500	Bb4	70	65	506	107.663371	Bb4	70	102	
503	116.290625	F#5	78	57	507	107.663371	F#5	78	102	
504	116.730208	C#6	85	68	512	107.963371	C#6	85	104	
505	116.738542	Bb5	82	67	514	107.963371	Bb5	82	104	
506	116.739583	F#4	66	59	510	107.963371	F#4	66	88	
507	116.740625	Bb4	70	62	513	107.963371	Bb4	70	88	
508	116.742708	C#5	73	52	511	107.963371	C#5	73	104	
509	116.745833	C#4	61	57	515	107.963371	C#4	61	88	
510	116.751042	Bb3	58	47	*	-1	*	-1	-1	
511	117.303125	Eb6	87	71	518	108.296704	Eb6	87	106	
512	117.339583	Eb5	75	46	519	108.296704	Eb5	75	106	
513	117.342708	Bb4	70	55	521	108.296704	Bb4	70	90	
514	117.359375	Eb4	63	49	517	108.296704	Eb4	63	90	
515	117.370833	F#4	66	53	520	108.296704	F#4	66	90	
516	118.780208	F4	65	55	523	108.671704	F4	65	92	
517	119.040625	G#4	68	52	525	108.755037	G#4	68	92	
518	119.212500	C#5	73	63	526	108.838371	C#5	73	92	
519	119.360417	F5	77	66	528	108.921704	F5	77	92	
520	119.483333	G#5	80	75	522	108.671704	G#5	80	92	
521	119.598958	C#6	85	76	524	108.755037	C#6	85	92	
522	119.728125	G#6	92	86	527	108.838371	G#6	92	92	
523	121.680208	E4	64	49	*	-1	*	-1	-1	
524	121.753125	G#4	68	44	531	110.546704	G#4	68	60	
525	121.889583	G#5	80	70	*	-1	*	-1	-1	
526	121.891667	Bb4	70	61	533	110.671704	Bb4	70	60	
527	121.980208	C#6	85	55	532	110.588371	C#6	85	60	
528	122.036458	E5	76	53	536	110.921704	E5	76	60	
529	122.107292	G#6	92	71	534	110.755037	G#6	92	60	
530	123.607292	Eb4	63	48	537	112.046704	Eb4	63	45	
531	123.754167	F#4	66	48	539	112.140454	F#4	66	45	
532	123.800000	G#5	80	52	538	112.046704	G#5	80	45	
533	123.881250	G#4	68	48	541	112.234204	G#4	68	45	
534	123.959375	C#6	85	55	540	112.171704	C#6	85	45	
535	124.009375	C#5	73	54	543	112.327954	C#5	73	45	
536	124.170833	G#6	92	64	542	112.296704	G#6	92	45	
537	124.247917	Eb5	75	55	544	112.421704	Eb5	75	45	
538	126.818750	G#3	56	42	546	114.171704	G#3	56	45	
539	126.990625	G#4	68	54	545	114.171704	G#4	68	45	
540	127.110417	Eb4	63	49	548	114.338371	Eb4	63	45	
541	127.185417	F#4	66	37	549	114.505037	F#4	66	45	
542	127.218750	Eb5	75	42	547	114.338371	Eb5	75	45	
543	127.431250	G#5	80	53	550	114.505037	G#5	80	45	
544	127.511458	C5	72	35	551	114.671704	C5	72	45	
545	130.181250	G#4	68	58	554	117.671704	G#4	68	60	
546	130.187500	F4	65	37	553	117.671704	F4	65	60	
547	130.217708	C#2	37	45	552	117.671704	C#2	37	60	
548	130.697917	G#2	44	50	555	117.838370	G#2	44	45	
549	130.990625	C#3	49	38	556	118.005037	C#3	49	45	
550	131.260417	F3	53	46	557	118.171703	F3	53	45	
551	131.547917	G#3	56	51	558	118.338370	G#3	56	45	
552	131.876042	C#4	61	48	559	118.505036	C#4	61	45	
553	132.115625	F2	41	52	560	118.671703	F2	41	60	
554	132.381250	C3	48	56	561	118.838369	C3	48	45	
555	132.639583	F3	53	51	562	119.005036	F3	53	45	
556	132.917708	G#3	56	55	563	119.171702	G#3	56	45	
557	133.180208	C4	60	57	564	119.338369	C4	60	45	
558	133.492708	F4	65	48	565	119.505035	F4	65	45	
559	133.806250	G#2	44	61	567	119.671702	G#2	44	60	
560	133.881250	B4	71	72	568	119.671702	B4	71	60	
561	133.910417	G#4	68	64	566	119.671702	G#4	68	60	
562	134.161458	E3	52	53	569	119.838368	E3	52	45	
563	134.447917	G#3	56	57	570	120.005035	G#3	56	45	
564	134.711458	B3	59	67	571	120.171701	B3	59	45	
565	135.061458	C#5	73	66	573	120.338368	C#5	73	60	
566	135.078125	E4	64	49	572	120.338368	E4	64	45	
567	135.430208	G#4	68	60	574	120.505034	G#4	68	45	
568	135.962500	C#2	37	52	576	120.671701	C#2	37	60	
569	135.962500	C#5	73	52	*	-1	*	-1	-1	
570	136.001042	G#4	68	57	577	120.671701	G#4	68	60	
571	136.005208	F4	65	54	575	120.671701	F4	65	60	
572	136.328125	G#2	44	52	578	120.838367	G#2	44	45	
573	136.568750	C#3	49	44	579	121.005034	C#3	49	45	
574	136.898958	F3	53	45	580	121.171700	F3	53	45	
575	137.156250	G#3	56	45	581	121.338367	G#3	56	45	
576	137.459375	C#4	61	54	582	121.505033	C#4	61	45	
577	137.688542	F2	41	60	583	121.671700	F2	41	60	
578	137.994792	C3	48	56	584	121.838366	C3	48	45	
579	138.275000	F3	53	52	585	122.005033	F3	53	45	
580	138.493750	G#3	56	58	586	122.171699	G#3	56	45	
581	138.837500	C4	60	66	587	122.338366	C4	60	45	
582	139.181250	F4	65	60	588	122.505032	F4	65	45	
583	139.494792	G#2	44	59	589	122.671699	G#2	44	60	
584	139.578125	B4	71	77	591	122.671699	B4	71	60	
585	139.609375	G#4	68	62	590	122.671699	G#4	68	60	
586	139.848958	E3	52	51	592	122.838365	E3	52	45	
587	140.162500	G#3	56	57	593	123.005032	G#3	56	45	
588	140.390625	B3	59	55	594	123.171698	B3	59	45	
589	140.702083	G#4	68	66	595	123.338365	G#4	68	60	
590	141.089583	E4	64	45	597	123.505031	E4	64	45	
591	141.571875	C#2	37	53	598	123.671698	C#2	37	45	
592	141.636458	C#5	73	62	600	123.671698	C#5	73	60	
593	141.639583	G#4	68	52	*	-1	*	-1	-1	
594	141.660417	F4	65	50	599	123.671698	F4	65	60	
595	141.990625	G#2	44	56	601	123.838364	G#2	44	45	
596	142.259375	C#3	49	52	602	124.005031	C#3	49	45	
597	142.530208	F3	53	51	603	124.171697	F3	53	45	
598	142.758333	Eb5	75	71	606	124.338364	Eb5	75	63	
599	142.802083	G#4	68	51	605	124.338364	G#4	68	63	
600	142.805208	G#3	56	57	604	124.338364	G#3	56	46	
601	143.078125	C#4	61	66	607	124.505030	C#4	61	47	
602	143.369792	F4	65	59	609	124.671697	F4	65	48	
603	143.427083	F5	77	80	608	124.671697	F5	77	64	
604	143.466667	C#5	73	52	610	124.671697	C#5	73	64	
605	143.703125	G#4	68	70	611	124.838363	G#4	68	49	
606	143.961458	F4	65	61	612	125.005030	F4	65	50	
607	143.966667	G#4	68	52	*	-1	*	-1	-1	
608	144.000000	G#2	44	32	*	-1	*	-1	-1	
609	144.216667	C#4	61	64	613	125.171696	C#4	61	51	
610	144.560417	G#3	56	54	614	125.338363	G#3	56	52	
611	144.800000	F3	53	60	615	125.505029	F3	53	53	
612	145.130208	G#3	56	61	616	125.671696	G#3	56	54	
613	145.141667	C#5	73	72	617	125.671696	C#5	73	69	
614	145.170833	F4	65	63	618	125.671696	F4	65	69	
615	145.457292	F3	53	53	619	125.838362	F3	53	55	
616	145.754167	C#3	49	44	620	126.005029	C#3	49	56	
617	146.072917	G#2	44	57	621	126.171695	G#2	44	57	
618	146.390625	F5	77	70	624	126.338362	F5	77	73	
619	146.393750	C#5	73	67	623	126.338362	C#5	73	73	
620	146.445833	C#3	49	51	622	126.338362	C#3	49	58	
621	146.445833	G#3	56	38	*	-1	*	-1	-1	
622	146.807292	G#2	44	61	625	126.505028	G#2	44	59	
623	147.285417	Eb2	39	54	627	126.671695	Eb2	39	45	
624	147.359375	G5	79	75	626	126.671695	G5	79	75	
625	147.365625	Eb5	75	64	628	126.671695	Eb5	75	75	
626	147.787500	Bb2	46	69	629	126.838361	Bb2	46	45	
627	148.096875	Eb3	51	60	632	127.005028	Eb3	51	45	
628	148.108333	F5	77	68	630	127.005028	F5	77	75	
629	148.119792	C#5	73	54	631	127.005028	C#5	73	75	
630	148.400000	G3	55	61	633	127.171694	G3	55	45	
631	148.656250	C#5	73	79	635	127.338361	C#5	73	75	
632	148.698958	Bb3	58	66	634	127.338361	Bb3	58	45	
633	148.938542	Eb4	63	68	637	127.505027	Eb4	63	45	
634	149.181250	C#5	73	86	639	127.671694	C#5	73	75	
635	149.198958	Bb4	70	66	638	127.671694	Bb4	70	75	
636	149.212500	G4	67	67	640	127.671694	G4	67	60	
637	149.471875	Eb4	63	67	641	127.838360	Eb4	63	45	
638	149.729167	Bb3	58	62	643	128.005027	Bb3	58	45	
639	149.739583	F4	65	70	642	128.005027	F4	65	60	
640	149.968750	G4	67	46	*	-1	*	-1	-1	
641	150.040625	G3	55	49	644	128.171693	G3	55	45	
642	150.358333	C#4	61	70	646	128.338360	C#4	61	60	
643	150.359375	Eb3	51	41	645	128.338360	Eb3	51	45	
644	150.612500	Bb2	46	63	647	128.505026	Bb2	46	45	
645	150.987500	Eb2	39	52	649	128.671693	Eb2	39	45	
646	151.029167	C#4	61	61	648	128.671693	C#4	61	60	
647	151.389583	Bb2	46	60	650	128.838359	Bb2	46	45	
648	151.677083	Eb3	51	47	651	129.005026	Eb3	51	45	
649	152.008333	Bb3	58	62	652	129.171692	Bb3	58	60	
650	152.031250	G3	55	54	653	129.171692	G3	55	45	
651	152.401042	Eb3	51	43	654	129.338359	Eb3	51	45	
652	152.959375	Bb2	46	51	655	129.505025	Bb2	46	45	
653	154.071875	G#2	44	50	657	129.671692	G#2	44	45	
654	154.109375	Bb4	70	72	656	129.671692	Bb4	70	75	
655	154.579167	Eb3	51	47	658	129.838358	Eb3	51	45	
656	154.860417	F#3	54	39	659	130.005025	F#3	54	45	
657	155.187500	Bb3	58	54	660	130.171691	Bb3	58	45	
658	155.437500	C4	60	50	661	130.338358	C4	60	45	
659	155.745833	F#4	66	53	662	130.505024	F#4	66	45	
660	156.011458	F#2	42	61	663	130.671691	F#2	42	45	
661	156.339583	C#3	49	55	664	130.838357	C#3	49	45	
662	156.614583	F#3	54	36	665	131.005024	F#3	54	45	
663	156.889583	Bb3	58	57	666	131.171690	Bb3	58	45	
664	157.162500	C#4	61	63	667	131.338357	C#4	61	45	
665	157.458333	F#4	66	58	668	131.505023	F#4	66	45	
666	157.633333	F2	41	63	670	131.671690	F2	41	45	
667	157.751042	C5	72	80	669	131.671690	C5	72	75	
668	158.023958	C3	48	62	671	131.838356	C3	48	45	
669	158.291667	F3	53	51	672	132.005023	F3	53	45	
670	158.542708	G#3	56	59	673	132.171689	G#3	56	45	
671	158.821875	F5	77	73	675	132.338356	F5	77	75	
672	158.854167	G#4	68	51	676	132.338356	G#4	68	45	
673	158.857292	C4	60	58	674	132.338356	C4	60	45	
674	159.198958	F4	65	56	677	132.505022	F4	65	45	
675	159.836458	Bb4	70	66	678	132.671689	Bb4	70	75	
676	159.886458	G#2	44	54	679	132.671689	G#2	44	45	
677	160.208333	Eb3	51	42	680	132.838355	Eb3	51	45	
678	160.493750	F#3	54	51	681	133.005022	F#3	54	45	
679	160.773958	Bb3	58	53	682	133.171688	Bb3	58	45	
680	161.000000	C4	60	48	683	133.338355	C4	60	45	
681	161.290625	F#4	66	51	684	133.505021	F#4	66	45	
682	161.557292	F#2	42	62	685	133.671688	F#2	42	45	
683	161.848958	C#3	49	56	686	133.838354	C#3	49	45	
684	162.110417	F#3	54	57	687	134.005021	F#3	54	45	
685	162.388542	Bb3	58	62	688	134.171687	Bb3	58	45	
686	162.643750	C#4	61	64	689	134.338354	C#4	61	45	
687	162.921875	F#4	66	67	690	134.505020	F#4	66	45	
688	163.139583	F2	41	65	692	134.671687	F2	41	45	
689	163.239583	C5	72	73	691	134.671687	C5	72	75	
690	163.493750	C3	48	54	693	134.838353	C3	48	45	
691	163.769792	F3	53	54	694	135.005020	F3	53	45	
692	164.061458	G#3	56	68	695	135.171686	G#3	56	45	
693	164.350000	F5	77	79	696	135.338353	F5	77	75	
694	164.355208	G#4	68	72	698	135.338353	G#4	68	45	
695	164.360417	C4	60	66	697	135.338353	C4	60	45	
696	164.789583	F4	65	67	699	135.505019	F4	65	45	
697	165.248958	Eb2	39	73	700	135.671686	Eb2	39	45	
698	165.370833	F#5	78	88	701	135.671686	F#5	78	75	
699	165.713542	Bb2	46	70	702	135.838352	Bb2	46	45	
700	166.011458	Eb3	51	56	703	136.005019	Eb3	51	45	
701	166.263542	F#3	54	64	704	136.171685	F#3	54	45	
702	166.531250	Bb3	58	73	705	136.338352	Bb3	58	45	
703	166.760417	Eb4	63	63	706	136.505018	Eb4	63	45	
704	167.091667	F#4	66	63	707	136.671685	F#4	66	60	
705	167.092708	F#3	54	51	*	-1	*	-1	-1	
706	167.329167	F#4	66	59	708	136.838351	F#4	66	45	
707	167.602083	Bb4	70	71	709	137.005018	Bb4	70	45	
708	167.857292	F5	77	79	710	137.171684	F5	77	75	
709	167.889583	F4	65	61	711	137.171684	F4	65	60	
710	168.167708	F#4	66	72	712	137.338351	F#4	66	45	
711	168.391667	Bb4	70	74	713	137.505017	Bb4	70	45	
712	168.666667	D4	62	79	714	137.671684	D4	62	60	
713	168.672917	D5	74	74	715	137.671684	D5	74	75	
714	168.967708	F#4	66	76	716	137.838350	F#4	66	45	
715	169.238542	Bb4	70	69	717	138.005017	Bb4	70	45	
716	169.518750	Eb4	63	80	719	138.171683	Eb4	63	60	
717	169.519792	Eb5	75	79	718	138.171683	Eb5	75	75	
718	169.900000	F#4	66	72	720	138.338350	F#4	66	45	
719	170.134375	Bb4	70	64	721	138.505016	Bb4	70	45	
720	170.600000	D4	62	79	722	138.671683	D4	62	45	
721	170.612500	Bb5	82	92	723	138.671683	Bb5	82	75	
722	171.046875	F#4	66	67	724	138.838349	F#4	66	45	
723	171.270833	Bb4	70	69	*	-1	*	-1	-1	
724	171.516667	Bb4	70	67	725	139.005016	Bb4	70	45	
725	171.776042	Bb4	70	43	726	139.171682	Bb4	70	45	
726	171.813542	F#5	78	68	727	139.338349	F#5	78	45	
727	172.060417	Bb5	82	88	728	139.505015	Bb5	82	45	
728	172.303125	Eb4	63	75	729	139.671682	Eb4	63	45	
729	172.619792	F#4	66	66	730	139.838348	F#4	66	45	
730	172.900000	Bb4	70	65	731	140.005015	Bb4	70	45	
731	173.169792	Bb4	70	64	732	140.171681	Bb4	70	45	
732	173.446875	F#5	78	47	733	140.338348	F#5	78	45	
733	173.796875	Bb5	82	63	734	140.505014	Bb5	82	45	
734	174.255208	G#3	56	47	737	140.671681	G#3	56	45	
735	174.296875	C4	60	52	736	140.671681	C4	60	45	
736	174.297917	G#5	80	68	735	140.671681	G#5	80	75	
737	174.702083	E4	64	35	738	140.838347	E4	64	45	
738	175.045833	G#4	68	47	739	141.005014	G#4	68	45	
739	175.347917	C5	72	49	740	141.171680	C5	72	45	
740	175.683333	E5	76	47	741	141.338347	E5	76	45	
741	176.098958	G#5	80	54	742	141.505013	G#5	80	45	
742	176.822917	C#3	49	50	744	141.671680	C#3	49	45	
743	176.838542	G#5	80	63	745	141.671680	G#5	80	75	
744	176.868750	F5	77	51	743	141.671680	F5	77	75	
745	177.245833	G#3	56	54	746	141.838346	G#3	56	45	
746	177.480208	C#4	61	57	747	142.005013	C#4	61	45	
747	177.789583	F4	65	52	748	142.171679	F4	65	45	
748	178.052083	G#4	68	58	749	142.338346	G#4	68	45	
749	178.369792	C#5	73	54	750	142.505012	C#5	73	45	
750	178.634375	F3	53	58	751	142.671679	F3	53	45	
751	178.634375	G#3	56	62	752	142.671679	G#3	56	45	
752	178.932292	C4	60	70	753	142.838345	C4	60	45	
753	179.217708	F4	65	55	754	143.005012	F4	65	45	
754	179.462500	G#4	68	69	755	143.171678	G#4	68	45	
755	179.711458	C5	72	66	756	143.338345	C5	72	45	
756	179.997917	F5	77	70	757	143.505011	F5	77	45	
757	180.277083	G#3	56	61	761	143.671678	G#3	56	45	
758	180.307292	B3	59	66	760	143.671678	B3	59	45	
759	180.338542	B5	83	84	758	143.671678	B5	83	75	
760	180.359375	G#5	80	64	759	143.671678	G#5	80	75	
761	180.714583	E4	64	58	762	143.838344	E4	64	45	
762	181.019792	G#4	68	61	763	144.005011	G#4	68	45	
763	181.294792	B4	71	55	764	144.171677	B4	71	45	
764	181.619792	C#6	85	78	766	144.338344	C#6	85	75	
765	181.662500	E5	76	43	765	144.338344	E5	76	45	
766	182.019792	G#5	80	52	767	144.505010	G#5	80	45	
767	182.600000	G#5	80	68	768	144.671677	G#5	80	75	
768	182.625000	F5	77	50	770	144.671677	F5	77	75	
769	182.655208	C#3	49	58	769	144.671677	C#3	49	45	
770	183.014583	G#3	56	53	771	144.838343	G#3	56	45	
771	183.245833	C#4	61	60	772	145.005010	C#4	61	45	
772	183.516667	F4	65	49	773	145.171676	F4	65	45	
773	183.777083	G#4	68	54	774	145.338343	G#4	68	45	
774	184.050000	C#5	73	53	775	145.505009	C#5	73	45	
775	184.320833	F3	53	51	776	145.671676	F3	53	45	
776	184.329167	G#3	56	56	777	145.671676	G#3	56	45	
777	184.598958	C4	60	66	778	145.838342	C4	60	45	
778	184.854167	F4	65	57	779	146.005009	F4	65	45	
779	185.135417	G#4	68	64	780	146.171675	G#4	68	45	
780	185.402083	C5	72	60	781	146.338342	C5	72	45	
781	185.707292	F5	77	64	782	146.505008	F5	77	45	
782	186.044792	B5	83	90	786	146.671675	B5	83	75	
783	186.060417	G#5	80	74	784	146.671675	G#5	80	75	
784	186.091667	G#3	56	61	783	146.671675	G#3	56	45	
785	186.098958	B3	59	62	785	146.671675	B3	59	45	
786	186.360417	E4	64	58	787	146.838341	E4	64	45	
787	186.687500	G#4	68	64	788	147.005008	G#4	68	45	
788	186.940625	B4	71	56	789	147.171674	B4	71	45	
789	187.240625	G#5	80	66	790	147.338341	G#5	80	75	
790	187.545833	E5	76	56	792	147.505007	E5	76	45	
791	187.801042	C#6	85	93	795	147.671674	C#6	85	75	
792	187.838542	B3	59	68	794	147.671674	B3	59	45	
793	187.839583	C#4	61	70	793	147.671674	C#4	61	45	
794	188.138542	E4	64	66	796	147.838340	E4	64	45	
795	188.373958	G#4	68	71	797	148.003786	G#4	68	45	
796	188.630208	C#5	73	72	798	148.168061	C#5	73	46	
797	188.677083	B4	71	51	799	148.168061	B4	71	45	
798	188.888542	G#5	80	84	800	148.331104	G#5	80	77	
799	189.159375	E5	76	72	801	148.492468	E5	76	46	
800	189.398958	C#4	61	76	804	148.652721	C#4	61	48	
801	189.398958	E6	88	94	803	148.652721	E6	88	78	
802	189.401042	E4	64	77	802	148.652721	E4	64	46	
803	189.646875	G#4	68	81	805	148.811875	G#4	68	46	
804	189.919792	B4	71	66	806	148.969770	B4	71	46	
805	190.143750	C#5	73	73	808	149.126157	C#5	73	46	
806	190.177083	E5	76	77	807	149.126157	E5	76	47	
807	190.409375	C#6	85	91	809	149.281501	C#6	85	80	
808	190.692708	G#5	80	85	810	149.435811	G#5	80	47	
809	191.025000	G#4	68	87	812	149.588872	G#4	68	47	
810	191.025000	G#6	92	99	813	149.588872	G#6	92	81	
811	191.029167	E4	64	75	811	149.588872	E4	64	51	
812	191.354167	B4	71	70	814	149.740612	B4	71	47	
813	191.558333	C#5	73	78	815	149.891370	C#5	73	47	
814	191.881250	G#5	80	83	816	150.041122	G#5	80	49	
815	191.919792	E5	76	65	817	150.041122	E5	76	47	
816	192.209375	E6	88	89	818	150.189637	E6	88	83	
817	192.534375	B5	83	90	819	150.336969	B5	83	49	
818	192.990625	G#4	68	91	820	150.483373	G#4	68	54	
819	193.031250	G#6	92	99	821	150.483373	G#6	92	84	
820	193.369792	A4	69	69	822	150.628858	A4	69	49	
821	193.648958	C#5	73	72	823	150.773089	C#5	73	49	
822	193.864583	G#5	80	71	824	150.916290	G#5	80	51	
823	194.125000	C#6	85	88	825	151.058585	C#6	85	51	
824	194.380208	A5	81	79	826	151.200012	A5	81	51	
825	194.639583	F#6	90	99	827	151.340198	F#6	90	88	
826	194.646875	F#4	66	90	828	151.340198	F#4	66	57	
827	194.912500	A4	69	64	829	151.479466	A4	69	51	
828	195.180208	C#5	73	64	830	151.617903	C#5	73	51	
829	195.352083	F#5	78	77	831	151.755518	F#5	78	53	
830	195.620833	C#6	85	83	832	151.891881	C#6	85	53	
831	195.891667	A5	81	75	833	152.027426	A5	81	53	
832	196.160417	F#4	66	81	834	152.162184	F#4	66	53	
833	196.166667	F4	65	70	835	152.162184	F4	65	60	
834	196.436458	A4	69	65	836	152.296112	A4	69	53	
835	196.723958	C#5	73	69	837	152.428905	C#5	73	53	
836	196.928125	F#5	78	71	838	152.560945	F#5	78	55	
837	197.198958	C#6	85	75	839	152.692237	C#6	85	55	
838	197.471875	A5	81	52	840	152.822672	A5	81	56	
839	197.853125	F#6	90	101	841	152.952076	F#6	90	96	
840	197.900000	F#4	66	87	842	152.952076	F#4	66	57	
841	197.901042	E4	64	80	843	152.952076	E4	64	63	
842	198.192708	A4	69	69	844	153.080765	A4	69	58	
843	198.458333	C#5	73	67	845	153.208743	C#5	73	59	
844	198.671875	F#5	78	81	846	153.335862	F#5	78	60	
845	198.956250	C#6	85	74	847	153.462068	C#6	85	61	
846	199.261458	A5	81	71	848	153.587593	A5	81	62	
847	199.521875	Eb4	63	78	849	153.712421	Eb4	63	67	
848	199.540625	F#4	66	73	850	153.712421	F#4	66	63	
849	199.796875	A4	69	78	851	153.836387	A4	69	64	
850	200.041667	C#5	73	80	852	153.959529	C#5	73	65	
851	200.281250	F#5	78	81	853	154.082021	F#5	78	66	
852	200.545833	C#6	85	91	854	154.203870	C#6	85	67	
853	200.812500	A5	81	79	855	154.324837	A5	81	68	
854	201.045833	C#4	61	80	856	154.445079	C#4	61	71	
855	201.071875	E4	64	78	857	154.445079	E4	64	69	
856	201.162500	A6	93	104	858	154.445079	A6	93	104	
857	201.445833	A4	69	63	859	154.564682	A4	69	70	
858	201.760417	C#5	73	73	860	154.683671	C#5	73	71	
859	202.067708	E5	76	72	861	154.801781	E5	76	72	
860	202.390625	C#7	97	104	862	154.919238	C#7	97	106	
861	202.781250	C#6	85	83	863	155.036103	A5	81	74	
862	203.541667	B3	59	61	865	155.152382	B3	59	75	
863	203.623958	F#5	78	90	864	155.152382	F#5	78	108	
864	204.051042	Eb4	63	60	866	155.268140	Eb4	63	75	
865	204.365625	F#4	66	71	867	155.385349	F#4	66	75	
866	204.737500	F#4	66	63	868	155.504045	F#4	66	75	
867	205.083333	C#5	73	73	869	155.624448	C#5	73	75	
868	205.422917	A4	69	65	870	155.746423	A4	69	75	
869	205.680208	A3	57	65	871	155.870009	A3	57	75	
870	206.009375	C#4	61	61	872	155.995447	C#4	61	75	
871	206.259375	E4	64	53	873	156.122591	E4	64	75	
872	206.480208	F#4	66	64	874	156.251488	F#4	66	75	
873	206.801042	C#5	73	70	875	156.382399	C#5	73	75	
874	207.089583	A4	69	71	876	156.515171	A4	69	75	
875	207.395833	G#3	56	67	877	156.649854	G#3	56	75	
876	207.497917	A5	81	92	878	156.649854	A5	81	108	
877	207.910417	C#4	61	65	879	156.786739	C#4	61	75	
878	208.311458	E4	64	62	880	156.925659	E4	64	75	
879	208.690625	A4	69	66	881	157.066673	A4	69	75	
880	209.138542	A4	69	50	*	-1	*	-1	-1	
881	209.139583	C#6	85	92	883	157.210102	C#6	85	108	
882	209.176042	E5	76	55	882	157.210102	E5	76	75	
883	209.557292	A5	81	72	884	157.355768	A5	81	75	
884	210.031250	F#3	54	83	885	157.503706	F#3	54	75	
885	210.037500	E6	88	92	886	157.503706	E6	88	108	
886	210.039583	C#6	85	92	887	157.503706	C#6	85	108	
887	210.498958	C#4	61	78	888	157.653706	C#4	61	75	
888	210.733333	Eb6	87	95	889	157.803706	Eb6	87	108	
889	210.748958	B5	83	80	890	157.803706	B5	83	108	
890	210.756250	E4	64	78	891	157.803706	E4	64	75	
891	210.964583	F#4	66	82	892	157.953706	F#4	66	75	
892	211.218750	C#6	85	92	893	158.103706	C#6	85	108	
893	211.219792	A5	81	82	894	158.103706	A5	81	108	
894	211.239583	A4	69	83	895	158.103706	A4	69	75	
895	211.472917	C#5	73	87	896	158.253706	C#5	73	75	
896	211.725000	B5	83	94	898	158.403706	B5	83	108	
897	211.730208	G#5	80	83	899	158.403706	G#5	80	108	
898	211.791667	E5	76	63	897	158.403706	E5	76	75	
899	212.051042	F#5	78	74	900	158.553706	F#5	78	75	
900	212.301042	E5	76	71	901	158.703706	E5	76	75	
901	212.511458	A5	81	86	904	158.853706	A5	81	108	
902	212.529167	F#5	78	81	902	158.853706	F#5	78	108	
903	212.532292	C#5	73	77	903	158.853706	C#5	73	75	
904	212.761458	A4	69	71	905	159.003706	A4	69	75	
905	213.019792	F#4	66	73	906	159.153706	F#4	66	75	
906	213.312500	E4	64	69	907	159.303706	E4	64	75	
907	213.600000	F#4	66	73	908	159.453706	F#4	66	75	
908	213.810417	G#5	80	78	911	159.603706	G#5	80	108	
909	213.811458	E5	76	62	910	159.603706	E5	76	108	
910	213.862500	E4	64	57	909	159.603706	E4	64	75	
911	214.100000	C#4	61	67	912	159.753706	C#4	61	75	
912	214.326042	F#5	78	82	913	159.903706	F#5	78	108	
913	214.328125	Eb5	75	74	914	159.903706	Eb5	75	108	
914	214.353125	A3	57	67	915	159.903706	A3	57	75	
915	214.608333	F#3	54	58	916	160.053706	F#3	54	75	
916	214.967708	E5	76	75	919	160.203706	E5	76	108	
917	214.971875	C#5	73	71	918	160.203706	C#5	73	108	
918	214.972917	F#2	42	73	917	160.203706	F#2	42	75	
919	214.982292	Bb4	70	57	*	-1	*	-1	-1	
920	215.268750	C#3	49	66	920	160.353706	C#3	49	74	
921	215.518750	Eb5	75	84	922	160.503706	Eb5	75	101	
922	215.540625	B4	71	58	921	160.503706	B4	71	101	
923	215.542708	E3	52	52	923	160.503706	E3	52	72	
924	215.785417	F#3	54	58	924	160.653706	F#3	54	70	
925	216.000000	C#5	73	78	925	160.803706	C#5	73	94	
926	216.009375	A4	69	62	927	160.803706	A4	69	94	
927	216.082292	A3	57	63	926	160.803706	A3	57	68	
928	216.311458	C#4	61	66	928	160.953706	C#4	61	66	
929	216.534375	G#4	68	71	930	161.103706	G#4	68	87	
930	216.535417	B4	71	64	929	161.103706	B4	71	87	
931	216.550000	E4	64	60	931	161.103706	E4	64	64	
932	216.827083	C#4	61	61	932	161.253706	C#4	61	62	
933	217.055208	A4	69	67	934	161.403706	A4	69	80	
934	217.067708	F#4	66	64	933	161.403706	F#4	66	80	
935	217.098958	A3	57	62	935	161.403706	A3	57	60	
936	217.359375	F#3	54	56	936	161.553706	F#3	54	58	
937	217.650000	G#4	68	71	937	161.703706	G#4	68	73	
938	217.655208	E4	64	60	939	161.703706	E4	64	73	
939	217.709375	E3	52	59	938	161.703706	E3	52	56	
940	218.009375	C#3	49	59	940	161.853706	C#3	49	54	
941	218.363542	F#2	42	58	941	162.003706	F#2	42	52	
942	218.367708	C#3	49	50	*	-1	*	-1	-1	
943	218.401042	A3	57	75	942	162.003706	A3	57	75	
944	218.765625	C#3	49	52	943	162.153706	C#3	49	50	
945	219.020833	F#4	66	72	946	162.303706	F#4	66	59	
946	219.029167	Eb4	63	65	944	162.303706	Eb4	63	59	
947	219.078125	F#2	42	59	945	162.303706	F#2	42	48	
948	219.405208	C#3	49	53	947	162.453706	C#3	49	46	
949	219.750000	F#2	42	51	949	162.603706	F#2	42	44	
950	219.780208	E4	64	57	950	162.603706	E4	64	52	
951	219.787500	C#4	61	47	948	162.603706	C#4	61	52	
952	220.239583	C#3	49	43	951	162.753706	C#3	49	42	
953	221.047917	G#2	44	48	952	162.903706	G#2	44	40	
954	221.091667	Eb4	63	57	953	162.903706	Eb4	63	45	
955	221.096875	F#3	54	48	955	162.903706	F#3	54	57	
956	221.128125	C#4	61	54	954	162.903706	C#4	61	45	
957	221.578125	Eb3	51	41	956	163.070373	Eb3	51	40	
958	221.863542	G#2	44	55	957	163.237039	G#2	44	40	
959	222.164583	Eb3	51	50	958	163.403706	Eb3	51	40	
960	222.458333	G#2	44	55	960	163.570372	G#2	44	40	
961	222.458333	G#3	56	54	959	163.570372	G#3	56	57	
962	222.750000	Eb3	51	41	961	163.737039	Eb3	51	40	
963	222.754167	G#2	44	42	*	-1	*	-1	-1	
964	223.060417	Bb3	58	67	963	163.903705	Bb3	58	57	
965	223.061458	G#2	44	54	962	163.903705	G#2	44	40	
966	223.363542	Eb3	51	47	964	164.070372	Eb3	51	40	
967	223.619792	G#2	44	56	965	164.237038	G#2	44	40	
968	223.869792	G#2	44	49	*	-1	*	-1	-1	
969	223.870833	Eb3	51	54	966	164.403705	Eb3	51	40	
970	224.157292	C#4	61	81	968	164.570371	C#4	61	57	
971	224.169792	G#2	44	58	967	164.570371	G#2	44	40	
972	224.402083	Eb3	51	54	969	164.737038	Eb3	51	40	
973	224.771875	F#4	66	81	971	164.903704	F#4	66	45	
974	224.777083	Eb4	63	73	972	164.903704	Eb4	63	45	
975	224.779167	G#2	44	70	970	164.903704	G#2	44	40	
976	224.784375	C4	60	75	973	164.903704	C4	60	57	
977	225.060417	Eb3	51	50	974	165.070371	Eb3	51	40	
978	225.360417	G#2	44	63	975	165.237037	G#2	44	40	
979	225.605208	Eb3	51	52	976	165.403704	Eb3	51	40	
980	225.912500	Bb4	70	78	979	165.570370	Bb4	70	60	
981	225.948958	G#2	44	57	980	165.570370	G#2	44	40	
982	225.948958	Eb4	63	60	978	165.570370	Eb4	63	60	
983	225.948958	F#4	66	61	977	165.570370	F#4	66	60	
984	226.303125	Eb3	51	46	981	165.737037	Eb3	51	40	
985	226.831250	Eb4	63	62	983	165.903703	Eb4	63	45	
986	226.869792	C#4	61	57	985	165.903703	C#4	61	45	
987	226.879167	G#2	44	57	984	165.903703	G#2	44	40	
988	226.884375	F#3	54	44	982	165.903703	F#3	54	57	
989	227.422917	G#2	44	45	987	166.237036	G#2	44	40	
990	227.713542	Eb3	51	46	988	166.403703	Eb3	51	40	
991	227.985417	G#3	56	55	989	166.570369	G#3	56	57	
992	228.019792	G#2	44	50	990	166.570369	G#2	44	40	
993	228.273958	Eb3	51	40	991	166.737036	Eb3	51	40	
994	228.578125	Bb3	58	64	992	166.903702	Bb3	58	57	
995	228.589583	G#2	44	53	993	166.903702	G#2	44	40	
996	228.894792	Eb3	51	49	994	167.070369	Eb3	51	40	
997	229.141667	G#2	44	52	995	167.237035	G#2	44	40	
998	229.378125	Eb3	51	46	996	167.403702	Eb3	51	40	
999	229.660417	C#4	61	62	998	167.570368	C#4	61	57	
1000	229.687500	G#2	44	50	997	167.570368	G#2	44	40	
1001	229.941667	Eb3	51	43	999	167.737035	Eb3	51	40	
1002	230.291667	Eb4	63	67	1002	167.903701	Eb4	63	45	
1003	230.292708	F#4	66	69	1003	167.903701	F#4	66	45	
1004	230.313542	G#2	44	59	1001	167.903701	G#2	44	40	
1005	230.318750	C4	60	61	1000	167.903701	C4	60	57	
1006	230.591667	Eb3	51	45	1004	168.070368	Eb3	51	40	
1007	230.919792	G#2	44	59	1005	168.237034	G#2	44	40	
1008	231.540625	Bb4	70	71	1010	168.570367	Bb4	70	60	
1009	231.558333	G#2	44	57	1008	168.570367	G#2	44	40	
1010	231.588542	F#4	66	54	1009	168.570367	F#4	66	60	
1011	231.589583	Eb4	63	50	1007	168.570367	Eb4	63	60	
1012	232.026042	Eb3	51	51	1011	168.737034	Eb3	51	40	
1013	232.598958	Bb4	70	73	*	-1	*	-1	-1	
1014	232.630208	F#4	66	64	*	-1	*	-1	-1	
1015	232.654167	C#4	61	45	1013	168.903700	C#4	61	60	
1016	232.680208	G#2	44	51	1012	168.903700	G#2	44	40	
1017	233.120833	Eb2	39	51	1014	169.070367	Eb2	39	40	
1018	233.430208	C5	72	63	1017	169.237033	C5	72	60	
1019	233.430208	F5	77	67	1016	169.237033	F5	77	60	
1020	233.441667	G#4	68	59	1018	169.237033	G#4	68	60	
1021	233.442708	G#2	44	59	1015	169.237033	G#2	44	40	
1022	233.763542	Eb3	51	56	1019	169.403700	Eb3	51	40	
1023	234.020833	Eb5	75	70	1021	169.570366	Eb5	75	60	
1024	234.027083	Bb4	70	64	1020	169.570366	Bb4	70	60	
1025	234.029167	G#2	44	67	1023	169.570366	G#2	44	40	
1026	234.029167	F#4	66	65	1022	169.570366	F#4	66	60	
1027	234.031250	C5	72	56	*	-1	*	-1	-1	
1028	234.337500	Eb3	51	57	1024	169.737033	Eb3	51	40	
1029	234.751042	Bb4	70	74	1025	169.903699	Bb4	70	60	
1030	234.760417	F#4	66	72	1028	169.903699	F#4	66	60	
1031	234.761458	C#4	61	67	1026	169.903699	C#4	61	57	
1032	234.828125	G#2	44	55	1027	169.903699	G#3	56	40	
1033	234.995833	Bb4	70	48	*	-1	*	-1	-1	
1034	235.157292	Eb3	51	61	1029	170.070366	Eb3	51	40	
1035	235.412500	Bb3	58	72	1030	170.237032	Bb3	58	57	
1036	235.489583	G#3	56	53	1031	170.237032	G#3	56	40	
1037	235.808333	Eb4	63	59	1032	170.403699	Eb4	63	40	
1038	236.035417	C#4	61	74	1034	170.570365	C#4	61	57	
1039	236.320833	Eb3	51	43	1035	170.737032	Eb3	51	40	
1040	236.636458	G#4	68	74	1037	170.903698	G#4	68	60	
1041	236.641667	Bb3	58	61	1036	170.903698	Bb3	58	57	
1042	236.648958	F#4	66	68	1038	170.903698	F#4	66	60	
1043	236.671875	G#2	44	48	*	-1	*	-1	-1	
1044	236.680208	G#3	56	49	1039	170.903698	G#3	56	40	
1045	237.251042	C4	60	62	1042	171.237031	C4	60	57	
1046	237.290625	G#2	44	50	1041	171.237031	G#2	44	40	
1047	237.650000	Eb3	51	52	1043	171.403698	Eb3	51	40	
1048	237.848958	G#2	44	51	1044	171.570364	G#2	44	40	
1049	237.910417	Eb4	63	64	1045	171.570364	Eb4	63	57	
1050	238.242708	Eb2	39	51	1046	171.737031	Eb2	39	40	
1051	238.791667	Bb4	70	69	1048	171.903697	Bb4	70	60	
1052	238.810417	C#4	61	60	1047	171.903697	C#4	61	60	
1053	238.827083	F#4	66	60	1049	171.903697	F#4	66	60	
1054	238.859375	G#2	44	52	1050	171.903697	G#2	44	40	
1055	239.183333	Eb2	39	47	1051	172.070364	Eb2	39	40	
1056	239.546875	G#2	44	51	1055	172.237030	G#2	44	40	
1057	239.558333	G#4	68	64	1052	172.237030	G#4	68	60	
1058	239.577083	F5	77	58	1053	172.237030	F5	77	60	
1059	239.591667	C5	72	55	1054	172.237030	C5	72	60	
1060	239.881250	Eb3	51	50	1056	172.403697	Eb3	51	40	
1061	240.119792	Eb5	75	61	1060	172.570363	Eb5	75	60	
1062	240.136458	F#4	66	62	1057	172.570363	F#4	66	60	
1063	240.140625	C5	72	51	*	-1	*	-1	-1	
1064	240.146875	G#2	44	60	1059	172.570363	G#2	44	40	
1065	240.154167	Bb4	70	46	1058	172.570363	Bb4	70	60	
1066	240.458333	Eb3	51	52	1061	172.737030	Eb3	51	40	
1067	240.740625	Bb4	70	70	1065	172.903696	Bb4	70	60	
1068	240.771875	F#4	66	59	1063	172.903696	F#4	66	60	
1069	240.796875	C#4	61	54	1064	172.903696	C#4	61	57	
1070	240.817708	G#3	56	46	1062	172.903696	G#3	56	40	
1071	241.061458	Eb4	63	49	*	-1	*	-1	-1	
1072	241.065625	Eb3	51	49	1066	173.070363	Eb3	51	40	
1073	241.317708	Bb3	58	63	1067	173.237029	Bb3	58	57	
1074	241.402083	G#3	56	44	1068	173.237029	G#3	56	40	
1075	241.690625	Eb4	63	62	1069	173.403696	Eb4	63	40	
1076	241.896875	C#4	61	62	1071	173.570362	C#4	61	57	
1077	241.909375	G#3	56	46	1070	173.570362	G#3	56	40	
1078	242.229167	Eb3	51	48	1072	173.737029	Eb3	51	40	
1079	242.570833	G#4	68	74	1075	173.903695	G#4	68	60	
1080	242.584375	Bb3	58	58	1073	173.903695	Bb3	58	57	
1081	242.597917	F#4	66	68	1074	173.903695	F#4	66	60	
1082	242.651042	G#3	56	48	1076	173.903695	G#3	56	40	
1083	242.933333	Eb3	51	41	1077	174.070362	Eb3	51	40	
1084	243.264583	C4	60	52	1079	174.237028	C4	60	57	
1085	243.266667	G#3	56	45	1078	174.237028	G#3	56	40	
1086	243.631250	Eb3	51	43	1080	174.403695	Eb3	51	40	
1087	244.061458	Eb4	63	51	1082	174.570361	Eb4	63	57	
1088	244.067708	G#3	56	39	1081	174.570361	G#3	56	40	
1089	244.630208	Eb3	51	46	1083	174.737028	Eb3	51	40	
1090	244.633333	C#4	61	34	*	-1	*	-1	-1	
1091	245.796875	F#3	54	53	1085	174.903694	F#3	54	60	
1092	245.797917	Eb5	75	71	1086	174.903694	Eb5	75	75	
1093	245.800000	C#4	61	54	1084	174.903694	C#4	61	45	
1094	246.180208	Eb4	63	55	1087	175.070361	Eb4	63	45	
1095	246.452083	F#4	66	62	1088	175.237027	F#4	66	45	
1096	246.758333	Bb4	70	67	1089	175.403694	Bb4	70	45	
1097	247.000000	G#3	56	61	1090	175.570360	G#3	56	60	
1098	247.032292	F#4	66	61	1091	175.570360	F#4	66	45	
1099	247.289583	Eb4	63	67	1092	175.737027	Eb4	63	45	
1100	247.596875	Bb3	58	79	1093	175.903693	Bb3	58	60	
1101	247.865625	Eb4	63	67	1094	176.070360	Eb4	63	45	
1102	248.145833	F#4	66	66	1095	176.237026	F#4	66	45	
1103	248.400000	Bb4	70	75	1096	176.403693	Bb4	70	45	
1104	248.688542	F#4	66	69	1097	176.570359	F#4	66	45	
1105	248.719792	C#4	61	78	1098	176.570359	C#4	61	60	
1106	248.938542	Eb4	63	72	1099	176.737026	Eb4	63	45	
1107	249.281250	F#4	66	62	*	-1	*	-1	-1	
1108	249.284375	C4	60	77	1101	176.903692	C4	60	60	
1109	249.289583	F#5	78	89	1100	176.903692	F#5	78	75	
1110	249.593750	Eb4	63	78	1102	177.070359	Eb4	63	45	
1111	249.890625	F#4	66	73	1103	177.237025	F#4	66	45	
1112	250.195833	Bb4	70	71	1104	177.403692	Bb4	70	45	
1113	250.516667	Bb5	82	80	1105	177.570358	Bb5	82	75	
1114	250.521875	C5	72	62	1106	177.570358	C5	72	45	
1115	250.952083	Eb5	75	58	1107	177.737025	Eb5	75	45	
1116	251.402083	F#3	54	48	1108	177.903691	F#3	54	60	
1117	251.412500	C#4	61	50	1109	177.903691	C#4	61	45	
1118	251.461458	Eb5	75	73	1110	177.903691	Eb5	75	75	
1119	251.763542	Eb4	63	57	1111	178.070358	Eb4	63	45	
1120	252.032292	F#4	66	61	1112	178.237024	F#4	66	45	
1121	252.302083	Bb4	70	70	1113	178.403691	Bb4	70	45	
1122	252.563542	G#3	56	60	1114	178.570357	G#3	56	60	
1123	252.571875	F#4	66	56	1115	178.570357	F#4	66	45	
1124	252.829167	Eb4	63	64	1116	178.737024	Eb4	63	45	
1125	253.097917	Bb3	58	81	1117	178.903690	Bb3	58	60	
1126	253.363542	Eb4	63	69	1118	179.070357	Eb4	63	45	
1127	253.613542	F#4	66	64	1119	179.237023	F#4	66	45	
1128	253.888542	Bb4	70	65	1120	179.403690	Bb4	70	45	
1129	254.177083	F#4	66	57	1122	179.570356	F#4	66	45	
1130	254.218750	C#4	61	58	1121	179.570356	C#4	61	60	
1131	254.430208	Eb4	63	58	1123	179.737023	Eb4	63	45	
1132	254.815625	C4	60	69	1124	179.903689	C4	60	60	
1133	254.858333	F#5	78	89	1125	179.903689	F#5	78	75	
1134	255.169792	Eb4	63	66	1126	180.070356	Eb4	63	45	
1135	255.440625	F#4	66	70	1127	180.237022	F#4	66	45	
1136	255.743750	Bb4	70	72	1128	180.403689	Bb4	70	45	
1137	255.998958	Bb5	82	89	1130	180.570355	Bb5	82	75	
1138	256.008333	C5	72	68	1129	180.570355	C5	72	45	
1139	256.390625	Eb5	75	70	1131	180.737022	Eb5	75	45	
1140	256.870833	F#4	66	81	1132	180.903688	F#4	66	60	
1141	256.966667	Eb6	87	100	1133	180.903688	Eb6	87	75	
1142	257.239583	Bb4	70	66	1134	181.070355	Bb4	70	45	
1143	257.518750	C#5	73	66	1135	181.237021	C#5	73	45	
1144	257.750000	Eb5	75	79	1136	181.403688	Eb5	75	45	
1145	258.019792	F#5	78	79	1137	181.570354	F#5	78	45	
1146	258.280208	Bb5	82	89	1138	181.737021	Bb5	82	45	
1147	258.530208	F#4	66	82	1139	181.903687	F#4	66	45	
1148	258.760417	Bb4	70	73	1140	182.070354	Bb4	70	45	
1149	259.042708	C#5	73	69	1141	182.237020	C#5	73	45	
1150	259.286458	Eb5	75	84	1142	182.403687	Eb5	75	45	
1151	259.584375	F#5	78	83	1143	182.570353	F#5	78	45	
1152	259.860417	C6	84	84	1144	182.737020	C6	84	45	
1153	260.143750	F#4	66	72	1145	182.903686	F#4	66	45	
1154	260.425000	Bb4	70	64	1146	183.070353	Bb4	70	45	
1155	260.712500	C#5	73	59	1147	183.237019	C#5	73	45	
1156	260.978125	Eb5	75	64	1148	183.403686	Eb5	75	45	
1157	261.256250	F#5	78	67	1149	183.570352	F#5	78	45	
1158	261.514583	Bb5	82	80	1150	183.737019	Bb5	82	45	
1159	261.796875	F#4	66	77	1151	183.903685	F#4	66	60	
1160	262.056250	A4	69	70	1152	184.070352	A4	69	45	
1161	262.331250	C#5	73	67	1153	184.237018	C#5	73	45	
1162	262.600000	Eb5	75	49	1154	184.403685	Eb5	75	45	
1163	262.879167	F#5	78	59	1155	184.570351	F#5	78	45	
1164	263.128125	A5	81	71	1156	184.737018	A5	81	45	
1165	263.456250	C#6	85	88	1158	184.903684	C#6	85	75	
1166	263.458333	F#4	66	64	1157	184.903684	F#4	66	45	
1167	263.753125	A4	69	56	1159	185.070351	A4	69	45	
1168	264.057292	C#5	73	54	1160	185.237017	C#5	73	45	
1169	264.362500	Eb5	75	56	1161	185.403684	Eb5	75	45	
1170	264.685417	F#5	78	62	1162	185.570350	F#5	78	45	
1171	265.078125	B5	83	79	1163	185.737017	B5	83	45	
1172	265.081250	F#4	66	40	*	-1	*	-1	-1	
1173	265.454167	F#4	66	58	1164	185.903683	F#4	66	60	
1174	265.487500	Eb6	87	84	1165	185.903683	Eb6	87	75	
1175	265.800000	A4	69	53	1166	186.070350	A4	69	45	
1176	266.154167	C#5	73	43	1167	186.237016	C#5	73	45	
1177	266.468750	Eb5	75	42	1168	186.403683	Eb5	75	45	
1178	266.890625	F#5	78	50	1169	186.570349	F#5	78	45	
1179	267.459375	A5	81	38	1170	186.737016	A5	81	45	
1180	268.651042	F4	65	52	1171	186.903682	F4	65	30	
1181	269.197917	G#4	68	61	1172	187.070349	G#4	68	30	
1182	269.519792	C5	72	58	1173	187.237015	C5	72	30	
1183	269.818750	F5	77	50	1174	187.403682	F5	77	30	
1184	270.135417	G#5	80	61	1175	187.570348	G#5	80	30	
1185	270.407292	C6	84	57	1176	187.737015	C6	84	30	
1186	270.713542	G#6	92	82	1178	187.903681	G#6	92	45	
1187	270.722917	F6	89	72	1177	187.903681	F6	89	45	
1188	272.581250	F6	89	88	1180	189.429105	F6	89	45	
1189	272.613542	F5	77	44	*	-1	*	-1	-1	
1190	272.614583	F4	65	52	1179	189.429105	F4	65	30	
1191	274.428125	F4	65	67	1181	191.193810	F4	65	30	
1192	274.745833	A4	69	68	1182	191.381310	A4	69	30	
1193	274.971875	C5	72	71	1185	191.568810	C5	72	30	
1194	275.019792	Eb6	87	86	1183	191.568810	Eb6	87	45	
1195	275.023958	C6	84	65	1184	191.568810	C6	84	45	
1196	275.207292	Eb5	75	72	1186	191.756310	Eb5	75	30	
1197	275.544792	F5	77	69	1187	191.943810	F5	77	30	
1198	275.544792	F6	89	87	1189	191.943810	F6	89	45	
1199	275.553125	C#6	85	78	1188	191.943810	C#6	85	45	
1200	275.821875	A5	81	66	1190	192.131310	A5	81	30	
1201	276.192708	Eb6	87	89	1191	192.318810	Eb6	87	45	
1202	276.207292	C6	84	62	1192	192.318810	C6	84	45	
1203	277.863542	F4	65	42	1193	193.443810	F4	65	30	
1204	279.808333	F4	65	41	1194	194.568810	F4	65	30	
1205	280.105208	G#4	68	57	1195	194.756310	G#4	68	30	
1206	280.394792	C#6	85	62	1196	194.943810	C#6	85	45	
1207	280.416667	Bb4	70	53	1197	194.943810	Bb4	70	30	
1208	280.421875	Bb5	82	44	1198	194.943810	Bb5	82	45	
1209	280.441667	F4	65	22	*	-1	*	-1	-1	
1210	280.680208	C#5	73	47	1199	195.131310	C#5	73	30	
1211	280.681250	Bb4	70	45	*	-1	*	-1	-1	
1212	280.909375	C6	84	67	1201	195.318810	C6	84	45	
1213	280.919792	Eb6	87	76	1202	195.318810	Eb6	87	45	
1214	280.926042	F5	77	50	1200	195.318810	F5	77	30	
1215	281.181250	G#5	80	58	1203	195.506310	G#5	80	30	
1216	281.198958	Bb3	58	29	*	-1	*	-1	-1	
1217	281.426042	C#6	85	84	1205	195.693810	C#6	85	45	
1218	281.457292	Bb5	82	57	1204	195.693810	Bb5	82	45	
1219	282.206250	C#6	85	81	1207	196.256310	C#6	85	45	
1220	282.207292	F6	89	83	1206	196.256310	F6	89	45	
1221	282.829167	F4	65	60	1208	196.818810	F4	65	30	
1222	283.573958	C#6	85	81	1209	197.381310	C#6	85	45	
1223	283.579167	Bb5	82	71	1210	197.381310	Bb5	82	45	
1224	284.514583	Eb4	63	61	1211	197.943810	Eb4	63	30	
1225	284.895833	F#4	66	53	1212	198.131310	F#4	66	30	
1226	285.133333	C6	84	70	1215	198.318810	C6	84	45	
1227	285.150000	G#4	68	57	1214	198.318810	G#4	68	30	
1228	285.180208	G#5	80	45	1213	198.318810	G#5	80	45	
1229	285.448958	C5	72	40	1216	198.506310	C5	72	30	
1230	285.670833	C#6	85	72	1217	198.693810	C#6	85	45	
1231	285.680208	Bb5	82	58	1219	198.693810	Bb5	82	45	
1232	285.709375	Eb5	75	46	1218	198.693810	Eb5	75	30	
1233	285.982292	F#5	78	49	1220	198.881310	F#5	78	30	
1234	286.322917	C6	84	71	1221	199.068810	C6	84	45	
1235	286.329167	G#5	80	65	1222	199.068810	G#5	80	45	
1236	287.938542	Eb4	63	48	1223	200.193810	Eb4	63	30	
1237	289.922917	C#4	61	55	1224	201.318810	C#4	61	30	
1238	290.337500	Eb4	63	54	1225	201.506310	Eb4	63	30	
1239	290.613542	Bb5	82	66	1228	201.693810	Bb5	82	45	
1240	290.623958	F#4	66	52	1226	201.693810	F#4	66	30	
1241	290.650000	F#5	78	50	1227	201.693810	F#5	78	45	
1242	290.891667	Bb4	70	58	1229	201.881310	Bb4	70	30	
1243	291.148958	C6	84	74	1231	202.068810	C6	84	45	
1244	291.154167	G#5	80	66	1230	202.068810	G#5	80	45	
1245	291.180208	Bb4	70	44	*	-1	*	-1	-1	
1246	291.188542	C#5	73	45	1232	202.068810	C#5	73	30	
1247	291.456250	Eb5	75	60	1233	202.256310	Eb5	75	30	
1248	291.681250	Bb5	82	83	1234	202.443810	Bb5	82	45	
1249	291.719792	F#5	78	58	1235	202.443810	F#5	78	30	
1250	292.219792	Eb6	87	86	1236	202.818810	Eb6	87	45	
1251	293.081250	Bb5	82	83	1237	203.193810	Bb5	82	45	
1252	293.631250	C4	60	59	1238	203.568810	C4	60	30	
1253	293.750000	Eb4	63	64	1241	203.662560	Eb4	63	30	
1254	293.896875	F4	65	49	1242	203.756310	F4	65	30	
1255	294.030208	G#4	68	72	1243	203.850060	G#4	68	30	
1256	294.160417	G#5	80	64	1240	203.568810	G#5	80	45	
1257	294.178125	F5	77	58	1239	203.568810	F5	77	30	
1258	294.180208	C5	72	51	1245	203.943810	C5	72	30	
1259	294.771875	Bb5	82	68	1244	203.943810	Bb5	82	45	
1260	295.685417	G#5	80	67	1246	204.318810	G#5	80	45	
1261	296.532292	C3	48	51	1247	204.693810	C3	48	30	
1262	297.055208	F#3	54	52	1248	204.881310	F#3	54	30	
1263	297.368750	F#5	78	66	1249	205.068810	F#5	78	45	
1264	297.370833	Bb3	58	59	1251	205.068810	Bb3	58	30	
1265	297.379167	Eb5	75	51	1250	205.068810	Eb5	75	30	
1266	297.683333	C4	60	51	1252	205.256310	C4	60	30	
1267	297.966667	G#5	80	64	1253	205.443810	G#5	80	45	
1268	297.969792	Bb3	58	45	*	-1	*	-1	-1	
1269	297.971875	Eb4	63	58	1254	205.443810	Eb4	63	30	
1270	297.971875	F5	77	51	1255	205.443810	F5	77	30	
1271	298.287500	F#4	66	51	1256	205.631310	F#4	66	30	
1272	298.688542	F#5	78	65	1259	205.818810	F#5	78	45	
1273	298.690625	C4	60	38	*	-1	*	-1	-1	
1274	298.691667	Eb5	75	52	1257	205.818810	Eb5	75	45	
1275	298.751042	Bb4	70	61	1258	205.818810	Bb4	70	30	
1276	300.988542	F5	77	52	1262	206.943810	F5	77	45	
1277	300.989583	C4	60	44	1260	206.943810	C4	60	30	
1278	300.989583	Eb4	63	41	1263	206.943810	Eb4	63	30	
1279	300.989583	A4	69	40	1264	206.943810	A4	69	45	
1280	301.010417	F3	53	38	1261	206.943810	F3	53	30	
1281	302.890625	G#3	56	51	1265	208.068810	G#3	56	30	
1282	303.239583	Bb3	58	51	1266	208.256310	Bb3	58	30	
1283	303.525000	F5	77	62	1268	208.443810	F5	77	45	
1284	303.529167	C#5	73	53	1267	208.443810	C#5	73	45	
1285	303.531250	C#4	61	52	1269	208.443810	C#4	61	30	
1286	303.838542	F4	65	36	1270	208.631310	F4	65	30	
1287	304.067708	F#5	78	75	1272	208.818810	F#5	78	45	
1288	304.070833	Eb5	75	59	1271	208.818810	Eb5	75	45	
1289	304.108333	G#4	68	54	1273	208.818810	G#4	68	30	
1290	304.370833	Bb4	70	58	1274	209.006310	Bb4	70	30	
1291	304.603125	F5	77	78	1275	209.193810	F5	77	45	
1292	304.630208	C#5	73	53	1276	209.193810	C#5	73	30	
1293	304.636458	Bb4	70	46	*	-1	*	-1	-1	
1294	305.072917	Bb5	82	80	1277	209.568810	Bb5	82	45	
1295	305.558333	F5	77	78	1278	209.943810	F5	77	45	
1296	305.890625	F#3	54	57	1281	210.318810	F#3	54	30	
1297	306.019792	Bb3	58	59	1282	210.412560	Bb3	58	30	
1298	306.105208	C#4	61	59	1283	210.506310	C#4	61	30	
1299	306.159375	C#5	73	52	1280	210.318810	C#5	73	30	
1300	306.159375	Eb5	75	62	1279	210.318810	Eb5	75	45	
1301	306.162500	Bb4	70	53	*	-1	*	-1	-1	
1302	306.269792	Eb4	63	64	1284	210.600060	Eb4	63	30	
1303	306.750000	F5	77	73	1285	210.693810	F5	77	45	
1304	307.469792	Eb5	75	61	1286	211.068810	Eb5	75	45	
1305	308.061458	F3	53	53	1287	211.443810	F3	53	30	
1306	308.428125	G#3	56	57	1288	211.631310	G#3	56	30	
1307	308.682292	C#5	73	61	1290	211.818810	C#5	73	45	
1308	308.701042	Bb3	58	61	1289	211.818810	Bb3	58	30	
1309	308.703125	Bb4	70	49	1291	211.818810	Bb4	70	45	
1310	308.980208	C#4	61	54	1292	212.006310	C#4	61	30	
1311	309.256250	Eb5	75	58	1294	212.193810	Eb5	75	45	
1312	309.268750	C5	72	52	1293	212.193810	C5	72	45	
1313	309.282292	F4	65	37	1295	212.193810	F4	65	30	
1314	309.620833	G#4	68	59	1296	212.381310	G#4	68	30	
1315	310.010417	C#5	73	59	1297	212.568810	C#5	73	45	
1316	310.014583	Bb4	70	58	1298	212.568810	Bb4	70	45	
1317	312.051042	C5	72	51	1299	214.175952	C5	72	45	
1318	312.058333	G#2	44	33	*	-1	*	-1	-1	
1319	312.061458	Eb3	51	35	1301	214.175952	Eb3	51	30	
1320	312.067708	G#4	68	52	1302	214.175952	G#4	68	45	
1321	312.077083	F#3	54	30	1303	214.175952	F#3	54	30	
1322	312.087500	C4	60	45	1300	214.175952	C4	60	30	
1323	313.180208	G#2	44	47	1304	214.979523	G#2	44	30	
1324	314.946875	C#2	37	53	1306	216.646189	C#2	37	30	
1325	315.567708	F3	53	47	1308	217.122379	F3	53	30	
1326	315.567708	G#3	56	49	1307	217.122379	G#3	56	30	
1327	316.133333	F4	65	50	1310	217.598569	F4	65	30	
1328	316.133333	G#4	68	62	1309	217.598569	G#4	68	30	
1329	316.969792	G#5	80	75	1312	218.566311	G#5	80	45	
1330	317.008333	F5	77	59	1311	218.566311	F5	77	45	
1331	317.010417	B3	59	61	1313	218.566311	B3	59	30	
1332	318.690625	C#5	73	51	1314	220.481203	C#5	73	45	
1333	318.691667	F5	77	58	1315	220.481203	F5	77	45	
1334	320.640625	C#3	49	51	1316	222.060150	C#3	49	30	
1335	320.656250	F#2	42	57	1317	222.060150	F#2	42	30	
1336	321.489583	Eb5	75	64	1323	222.774435	Eb5	75	45	
1337	321.516667	F#4	66	61	1320	222.774435	F#4	66	30	
1338	321.518750	Bb4	70	59	1322	222.774435	Bb4	70	30	
1339	321.523958	C#4	61	59	1319	222.774435	C#4	61	30	
1340	321.525000	Bb3	58	49	1324	222.774435	Bb3	58	30	
1341	321.537500	C#3	49	43	1318	222.774435	C#3	49	30	
1342	322.067708	F5	77	68	1325	223.282910	F5	77	45	
1343	322.789583	Eb5	75	65	1326	223.791384	Eb5	75	45	
1344	326.128125	G#2	44	53	1327	225.836838	G#2	44	30	
1345	326.617708	C#5	73	66	1331	226.745929	C#5	73	45	
1346	326.650000	F3	53	44	1329	226.745929	F3	53	30	
1347	326.650000	G#4	68	54	1330	226.745929	G#4	68	30	
1348	326.657292	G#3	56	52	1332	226.745929	G#3	56	30	
1349	326.661458	C#4	61	51	1328	226.745929	C#4	61	45	
1350	327.232292	Eb5	75	69	1334	227.237732	Eb5	75	45	
1351	327.233333	Eb4	63	68	1333	227.237732	Eb4	63	45	
1352	328.023958	G#5	80	73	1339	228.048542	G#5	80	45	
1353	328.037500	G#4	68	72	1340	228.048542	G#4	68	45	
1354	328.037500	F5	77	64	1338	228.048542	C#5	73	45	
1355	328.081250	B3	59	63	1337	228.048542	B3	59	30	
1356	328.082292	C#4	61	58	1335	228.048542	C#4	61	30	
1357	328.084375	F4	65	53	1336	228.048542	F4	65	30	
1358	330.011458	F4	65	66	1342	229.746655	F4	65	45	
1359	330.011458	F5	77	61	1343	229.746655	F5	77	45	
1360	330.018750	C#4	61	64	1344	229.746655	C#4	61	30	
1361	330.018750	C#5	73	60	1341	229.746655	C#5	73	45	
1362	331.896875	Bb2	46	73	1345	231.298378	Bb2	46	30	
1363	332.579167	Eb5	75	69	1349	232.109188	Eb5	75	45	
1364	332.588542	F4	65	57	1348	232.109188	F4	65	30	
1365	332.598958	Bb4	70	59	1350	232.109188	Bb4	70	30	
1366	332.650000	F3	53	46	1346	232.109188	F3	53	30	
1367	332.659375	Eb4	63	56	1347	232.109188	Eb4	63	30	
1368	332.660417	Bb3	58	54	1351	232.109188	Bb3	58	30	
1369	333.077083	F5	77	78	1352	232.626429	F5	77	45	
1370	333.719792	Eb5	75	73	1353	233.278603	Eb5	75	45	
1371	335.719792	C#5	73	52	*	-1	*	-1	-1	
1372	335.721875	C#4	61	41	1355	235.115336	C#4	61	30	
1373	335.811458	C#5	73	25	1354	235.115336	C#5	73	45	
1374	338.005208	F2	41	48	1356	236.952070	F2	41	30	
1375	338.561458	G#3	56	55	1357	237.785403	G#3	56	30	
1376	338.568750	C#4	61	56	1358	237.785403	C#4	61	45	
1377	339.201042	Eb4	63	60	1359	238.293877	Eb4	63	45	
1378	340.006250	Bb4	70	79	1361	239.261619	Bb4	70	45	
1379	340.037500	F4	65	58	1360	239.261619	F4	65	45	
1380	340.039583	C#4	61	57	1362	239.261619	C#4	61	45	
1381	341.802083	F4	65	42	1363	241.908676	F4	65	45	
1382	341.808333	G#3	56	45	1364	241.908676	G#3	56	45	
1383	341.808333	C#4	61	38	1365	241.908676	C#4	61	45	
1384	343.777083	Eb2	39	47	1366	243.460399	Eb2	39	30	
1385	344.300000	F#4	66	63	1367	244.015955	F#4	66	45	
1386	344.318750	C#4	61	52	1369	244.015955	C#4	61	30	
1387	344.321875	Bb3	58	41	1368	244.015955	Bb3	58	30	
1388	344.964583	G#4	68	70	1370	244.507758	G#4	68	45	
1389	345.850000	C#5	73	65	1371	245.189576	C#5	73	45	
1390	345.852083	Bb4	70	60	1372	245.189576	Bb4	70	30	
1391	345.881250	Eb3	51	44	1374	245.189576	Eb3	51	30	
1392	345.884375	F#4	66	52	1373	245.189576	F#4	66	30	
1393	347.829167	Bb4	70	57	1377	247.235030	Bb4	70	45	
1394	347.880208	C#4	61	46	1378	247.235030	C#4	61	30	
1395	347.881250	Bb3	58	34	*	-1	*	-1	-1	
1396	347.883333	F#4	66	45	1376	247.235030	F#4	66	30	
1397	347.888542	Eb4	63	53	1375	247.235030	Eb4	63	30	
1398	350.268750	G#2	44	51	1379	248.760453	G#2	44	30	
1399	350.888542	Bb4	70	63	1381	249.268928	Bb4	70	45	
1400	350.910417	C4	60	42	1380	249.268928	C4	60	30	
1401	350.919792	F#4	66	53	1382	249.268928	F#4	66	30	
1402	351.269792	Eb3	51	45	1383	249.489516	Eb3	51	30	
1403	351.628125	C5	72	66	1384	249.710104	C5	72	45	
1404	352.626042	G#5	80	74	1385	250.348401	G#5	80	30	
1405	352.629167	G#4	68	65	1386	250.348401	G#4	68	30	
1406	352.634375	C5	72	53	1388	250.348401	C5	72	30	
1407	352.634375	F5	77	60	1387	250.348401	F5	77	45	
1408	355.157292	F#4	66	53	1389	252.919829	F#4	66	45	
1409	355.157292	G#4	68	56	1390	252.919829	G#4	68	45	
1410	355.182292	C4	60	41	1391	252.919829	C4	60	45	
1411	355.190625	G#3	56	53	1392	252.919829	G#3	56	30	
1412	358.078125	C#2	37	45	1393	255.647100	C#2	37	30	
1413	358.883333	G#2	44	43	1394	255.861386	G#2	44	30	
1414	359.306250	C#3	49	48	1395	256.075671	C#3	49	30	
1415	359.707292	F3	53	48	1396	256.289957	F3	53	30	
1416	360.029167	G#3	56	53	1397	256.504242	G#3	56	30	
1417	360.419792	C#4	61	52	1398	256.718528	C#4	61	30	
1418	360.723958	F2	41	56	1399	256.932813	F2	41	30	
1419	361.062500	C3	48	53	1400	257.147099	C3	48	30	
1420	361.379167	F3	53	44	1401	257.361384	F3	53	30	
1421	361.661458	G#3	56	53	1402	257.575670	G#3	56	30	
1422	361.989583	C4	60	49	1403	257.789955	C4	60	30	
1423	362.320833	F4	65	38	1404	258.004241	F4	65	30	
1424	362.589583	C#2	37	53	1405	258.218526	C#2	37	30	
1425	362.982292	G#2	44	48	1406	258.432812	G#2	44	30	
1426	363.279167	C#3	49	49	1407	258.647097	C#3	49	30	
1427	363.576042	F3	53	45	1408	258.861383	F3	53	30	
1428	363.883333	G#3	56	41	1409	259.075668	G#3	56	30	
1429	364.244792	C#4	61	49	1410	259.289954	C#4	61	30	
1430	364.589583	F2	41	52	1411	259.504239	F2	41	30	
1431	364.946875	C3	48	56	1412	259.718525	C3	48	30	
1432	365.294792	F3	53	46	1413	259.932810	F3	53	30	
1433	365.598958	G#3	56	49	1414	260.147096	G#3	56	30	
1434	365.977083	C4	60	44	1415	260.361381	C4	60	30	
1435	366.404167	F4	65	40	1416	260.575667	F4	65	30	
1436	366.428125	G#3	56	25	*	-1	*	-1	-1	
1437	366.964583	G#2	44	51	1419	260.789952	G#2	44	30	
1438	367.067708	B4	71	72	1417	260.789952	B4	71	45	
1439	367.079167	G#4	68	68	1418	260.789952	G#4	68	30	
1440	367.567708	E3	52	51	1420	261.004238	E3	52	30	
1441	367.995833	G#3	56	52	1421	261.218523	G#3	56	30	
1442	368.462500	B3	59	57	1422	261.432809	B3	59	30	
1443	368.850000	E4	64	45	1423	261.647094	E4	64	30	
1444	369.308333	F#4	66	37	1424	261.861380	F#4	66	30	
1445	370.083333	G#4	68	60	1425	262.075665	G#4	68	30	
1446	370.087500	C#5	73	55	1426	262.075665	C#5	73	45	
1447	372.912500	C#3	49	50	1428	263.361378	C#3	49	30	
1448	373.398958	G#3	56	50	1429	263.575664	G#3	56	30	
1449	373.737500	C#4	61	55	1430	263.789949	C#4	61	30	
1450	374.041667	F4	65	51	1431	264.004235	F4	65	30	
1451	374.338542	G#4	68	60	1432	264.218520	G#4	68	30	
1452	374.645833	C#5	73	63	1433	264.432806	C#5	73	30	
1453	374.962500	F3	53	59	1434	264.647091	F3	53	30	
1454	375.263542	C4	60	60	1435	264.861377	C4	60	30	
1455	375.566667	F4	65	48	1436	265.075662	F4	65	30	
1456	375.815625	G#4	68	54	1437	265.289948	G#4	68	30	
1457	376.133333	C5	72	59	1438	265.504233	C5	72	30	
1458	376.440625	F5	77	61	1439	265.718519	F5	77	30	
1459	376.791667	C#3	49	55	1440	265.932804	C#3	49	30	
1460	377.123958	G#3	56	51	1441	266.147090	G#3	56	30	
1461	377.419792	C#4	61	48	1442	266.361375	C#4	61	30	
1462	377.730208	F4	65	45	1443	266.575661	F4	65	30	
1463	377.983333	G#4	68	55	1444	266.789946	G#4	68	30	
1464	378.282292	C#5	73	54	1445	267.004232	C#5	73	30	
1465	378.613542	F3	53	50	1446	267.218517	F3	53	30	
1466	378.931250	C4	60	48	1447	267.432803	C4	60	30	
1467	379.251042	F4	65	46	1448	267.647088	F4	65	30	
1468	379.552083	G#4	68	58	1449	267.861374	G#4	68	30	
1469	379.937500	C5	72	53	1450	268.075659	C5	72	30	
1470	380.334375	F5	77	58	1451	268.289945	F5	77	30	
1471	380.957292	G#3	56	48	1453	268.504230	G#3	56	30	
1472	381.046875	B5	83	86	1454	268.504230	B5	83	45	
1473	381.468750	B3	59	57	1455	268.718516	B3	59	30	
1474	381.789583	E4	64	53	1456	268.932801	E4	64	30	
1475	382.098958	G#4	68	67	1457	269.147087	G#4	68	30	
1476	382.518750	B4	71	54	1458	269.361372	B4	71	30	
1477	382.880208	E5	76	50	1459	269.575658	E5	76	30	
1478	383.383333	C#6	85	82	1460	269.789943	C#6	85	45	
1479	385.816667	B5	83	90	1462	271.075656	B5	83	45	
1480	385.848958	G#5	80	60	1461	271.075656	G#5	80	30	
1481	385.869792	G#3	56	61	1463	271.075656	G#3	56	30	
1482	386.255208	B3	59	68	1464	271.289942	B3	59	30	
1483	386.556250	E4	64	60	1465	271.504227	E4	64	30	
1484	386.857292	G#4	68	66	1466	271.718513	G#4	68	30	
1485	387.181250	B4	71	55	1467	271.932798	B4	71	30	
1486	387.478125	E5	76	60	1468	272.147084	E5	76	30	
1487	387.822917	C#6	85	86	1469	272.361369	C#6	85	45	
1488	389.555208	E6	88	91	1470	273.647082	E6	88	45	
1489	389.592708	G#2	44	58	1471	273.647082	G#2	44	30	
1490	389.594792	G#5	80	53	*	-1	*	-1	-1	
1491	392.334375	G#6	92	78	1473	274.932795	G#6	92	45	
1492	392.336458	F6	89	80	1474	274.932795	F6	89	45	
1493	392.341667	C#2	37	59	1472	274.932795	C#2	37	30	
1494	393.078125	G#2	44	50	1475	275.147081	G#2	44	30	
1495	393.521875	C#3	49	50	1476	275.361366	C#3	49	30	
1496	393.921875	F3	53	50	1477	275.575652	F3	53	30	
1497	394.301042	G#3	56	49	1478	275.789937	G#3	56	30	
1498	394.667708	C#4	61	50	1479	276.004223	C#4	61	30	
1499	395.040625	F4	65	49	1480	276.218508	F4	65	30	
1500	395.706250	G#4	68	53	1481	276.647079	G#4	68	30	
1501	396.410417	C#5	73	53	1482	277.075650	C#5	73	30	
1502	397.088542	F5	77	54	1483	277.504221	F5	77	30	
1503	397.869792	G#3	56	24	*	-1	*	-1	-1	
1504	397.869792	G#5	80	55	1484	277.932792	G#5	80	30	
1505	398.810417	C#6	85	63	1485	278.361363	C#6	85	30	
1506	400.270833	C#4	61	48	1486	278.789934	C#4	61	30	
1507	400.271875	C#5	73	33	*	-1	*	-1	-1	
1508	400.514583	G#5	80	53	1487	278.789934	G#5	80	45	
1509	400.687500	C#6	85	56	1489	278.897077	C#6	85	45	
1510	400.690625	G#4	68	62	1488	278.897077	G#4	68	30	
1511	400.844792	F6	89	60	1491	279.004220	F6	89	45	
1512	400.917708	C#5	73	45	1490	279.004220	C#5	73	30	
1513	401.083333	G#6	92	68	1493	279.111363	G#6	92	45	
1514	401.157292	F5	77	57	1492	279.111363	F5	77	30	
*	-1	*	-1	-1	95	41.077455	F#3	54	45	
*	-1	*	-1	-1	104	45.080356	G#4	68	45	
*	-1	*	-1	-1	122	49.653805	Bb4	70	45	
*	-1	*	-1	-1	165	68.848034	F4	65	30	
*	-1	*	-1	-1	178	71.932011	Bb5	82	45	
*	-1	*	-1	-1	185	72.302380	Bb5	82	45	
*	-1	*	-1	-1	194	72.921990	C#6	85	45	
*	-1	*	-1	-1	204	73.486877	F#5	78	45	
*	-1	*	-1	-1	207	73.486877	Bb5	82	45	
*	-1	*	-1	-1	216	73.820210	C6	84	45	
*	-1	*	-1	-1	217	73.820210	C5	72	45	
*	-1	*	-1	-1	218	74.190580	F#5	78	45	
*	-1	*	-1	-1	220	74.190580	Bb5	82	45	
*	-1	*	-1	-1	269	81.163682	F4	65	30	
*	-1	*	-1	-1	270	81.497015	Bb5	82	45	
*	-1	*	-1	-1	305	83.528877	Bb5	82	45	
*	-1	*	-1	-1	306	83.528877	C#5	73	45	
*	-1	*	-1	-1	340	90.270595	C5	72	52	
*	-1	*	-1	-1	349	90.561857	C5	72	53	
*	-1	*	-1	-1	354	90.853119	C5	72	54	
*	-1	*	-1	-1	361	91.144381	C5	72	55	
*	-1	*	-1	-1	367	91.435643	C5	72	56	
*	-1	*	-1	-1	369	91.435643	C4	60	41	
*	-1	*	-1	-1	384	94.116699	C#5	73	60	
*	-1	*	-1	-1	390	94.672254	G#5	80	64	
*	-1	*	-1	-1	405	98.128451	F#5	78	73	
*	-1	*	-1	-1	428	99.002237	F#5	78	76	
*	-1	*	-1	-1	434	99.293499	C5	72	77	
*	-1	*	-1	-1	436	99.293499	F5	77	77	
*	-1	*	-1	-1	516	108.296704	Bb5	82	106	
*	-1	*	-1	-1	529	110.421704	E4	64	60	
*	-1	*	-1	-1	596	123.338365	G#4	68	45	
*	-1	*	-1	-1	636	127.338361	Bb4	70	75	
*	-1	*	-1	-1	791	147.338341	G#5	80	45	
*	-1	*	-1	-1	986	166.070370	Eb3	51	40	
*	-1	*	-1	-1	1006	168.403701	Eb3	51	40	
*	-1	*	-1	-1	1033	170.570365	G#3	56	40	
*	-1	*	-1	-1	1040	171.070365	Eb3	51	40	
*	-1	*	-1	-1	1305	216.646189	G#2	44	30	
*	-1	*	-1	-1	1321	222.774435	F#3	54	30	
*	-1	*	-1	-1	1427	262.075665	E4	64	30	
*	-1	*	-1	-1	1452	268.504230	G#5	80	30	
*	-1	*	-1	-1	259	80.774072	Bb5	82	45	
*	-1	*	-1	-1	375	91.726905	C5	72	57	
*	-1	*	-1	-1	530	110.421704	G#5	80	60	
*	-1	*	-1	-1	535	110.796704	C#5	73	60	
