// alignID alignOntime alignSitch alignPitch alignOnvel refID refOntime refSitch refPitch refOnvel
0	5.123958	F1	29	92	0	0.000000	F1	29	108	
1	5.540625	F2	41	93	1	0.333333	F2	41	108	
2	5.541667	F1	29	81	*	-1	*	-1	-1	
3	5.912500	C3	48	89	2	0.666666	C3	48	108	
4	6.357292	C3	48	89	3	0.999999	C3	48	108	
5	6.859375	G5	79	91	4	1.333332	G5	79	108	
6	6.875000	D5	74	79	7	1.333332	D5	74	92	
7	6.881250	Bb3	58	85	10	1.333332	Bb3	58	92	
8	6.885417	G3	55	77	6	1.333332	G3	55	92	
9	6.885417	Bb4	70	81	8	1.333332	Bb4	70	92	
10	6.894792	D4	62	85	9	1.333332	D4	62	92	
11	8.389583	A5	81	90	11	2.833330	A5	81	75	
12	8.571875	Bb5	82	96	12	3.020830	Bb5	82	75	
13	8.744792	A5	81	93	13	3.208330	A5	81	75	
14	8.936458	G5	79	90	14	3.395830	G5	79	75	
15	9.104167	A5	81	91	15	3.518781	A5	81	75	
16	9.284375	G5	79	88	16	3.641732	G5	79	75	
17	9.475000	F5	77	82	17	3.764683	F5	77	75	
18	9.666667	D5	74	75	18	3.887633	D5	74	75	
19	9.841667	F5	77	92	19	3.994776	F5	77	74	
20	10.030208	D5	74	87	20	4.101919	D5	74	72	
21	10.197917	C5	72	81	21	4.209062	C5	72	70	
22	10.417708	Bb4	70	77	22	4.316204	Bb4	70	68	
23	10.620833	G4	67	71	23	4.466204	G4	67	66	
24	10.850000	D4	62	76	24	4.616204	D4	62	64	
25	11.091667	E4	64	65	25	4.766204	E4	64	62	
26	11.419792	F2	41	49	27	4.916204	F2	41	45	
27	11.422917	C3	48	46	29	4.916204	C3	48	45	
28	11.563542	C4	60	65	26	4.916204	C4	60	45	
29	11.570833	G4	67	73	28	4.916204	G4	67	60	
30	11.583333	A3	57	60	30	4.916204	A3	57	45	
31	11.838542	F4	65	76	31	5.046639	F4	65	60	
32	11.844792	G4	67	57	*	-1	*	-1	-1	
33	12.020833	G4	67	87	32	5.177074	G4	67	60	
34	12.216667	A4	69	78	33	5.307509	A4	69	60	
35	12.433333	G4	67	87	34	5.437943	G4	67	60	
36	13.253125	D4	62	73	37	6.259860	D4	62	45	
37	13.292708	Bb2	46	59	35	6.259860	Bb2	46	45	
38	13.295833	F3	53	61	36	6.259860	F3	53	45	
39	13.451042	F4	65	66	38	6.487133	F4	65	60	
40	13.644792	G4	67	77	39	6.605243	G4	67	60	
41	13.802083	A4	69	73	40	6.723353	A4	69	60	
42	13.985417	C5	72	81	41	6.841463	C5	72	60	
43	14.180208	A4	69	73	42	6.964414	A4	69	60	
44	14.355208	G4	67	79	43	7.087364	G4	67	60	
45	14.525000	F4	65	71	44	7.210315	F4	65	60	
46	14.751042	G4	67	86	45	7.333266	G4	67	60	
47	14.759375	E4	64	76	46	7.333266	E4	64	45	
48	14.769792	A3	57	71	48	7.333266	A3	57	45	
49	14.790625	C3	48	67	47	7.333266	C3	48	45	
50	14.959375	F4	65	68	49	7.463701	F4	65	60	
51	15.151042	G4	67	79	50	7.594135	G4	67	60	
52	15.350000	A4	69	72	51	7.724570	A4	69	60	
53	15.552083	G4	67	73	52	7.855005	G4	67	60	
54	16.430208	A3	57	47	*	-1	*	-1	-1	
55	16.435417	D4	62	57	53	8.676922	D4	62	45	
56	16.483333	D3	50	55	54	8.676922	D3	50	45	
57	16.665625	F4	65	53	55	8.904194	F4	65	60	
58	16.816667	G4	67	60	56	9.022304	G4	67	60	
59	17.013542	A4	69	68	57	9.140414	A4	69	60	
60	17.264583	D5	74	67	58	9.258525	D5	74	60	
61	17.461458	A4	69	59	59	9.381475	A4	69	60	
62	17.719792	G4	67	65	60	9.504426	G4	67	60	
63	17.977083	F4	65	53	61	9.627377	F4	65	60	
64	18.333333	Bb3	58	56	63	9.750328	Bb3	58	60	
65	18.338542	Bb2	46	58	62	9.750328	Bb2	46	60	
66	18.339583	F3	53	50	64	9.750328	F3	53	60	
67	18.641667	Bb4	70	61	65	9.865712	Bb4	70	63	
68	18.890625	D5	74	71	66	9.981097	D5	74	67	
69	19.130208	F5	77	78	67	10.096481	F5	77	71	
70	19.487500	A5	81	83	71	10.211866	A5	81	75	
71	19.514583	F4	65	67	69	10.211866	F4	65	60	
72	19.529167	Bb3	58	63	70	10.211866	Bb3	58	60	
73	19.532292	D5	74	57	68	10.211866	D5	74	60	
74	20.462500	E4	64	72	73	10.934757	E4	64	60	
75	20.462500	C5	72	77	72	10.934757	C5	72	60	
76	20.853125	G5	79	87	74	11.220471	G5	79	75	
77	21.251042	F5	77	85	76	11.506185	F5	77	75	
78	21.275000	D4	62	76	75	11.506185	D4	62	60	
79	21.719792	G5	79	86	78	11.756185	G5	79	75	
80	21.751042	E4	64	75	77	11.756185	E4	64	60	
81	21.754167	E5	76	62	*	-1	*	-1	-1	
82	22.276042	A3	57	70	79	12.006185	A3	57	60	
83	22.514583	F4	65	65	80	12.131185	F4	65	60	
84	22.518750	F5	77	72	81	12.131185	F5	77	75	
85	22.723958	G4	67	64	82	12.256185	G4	67	60	
86	22.776042	E5	76	75	83	12.256185	E5	76	75	
87	22.964583	A4	69	66	85	12.381185	A4	69	60	
88	22.975000	G5	79	87	84	12.381185	G5	79	75	
89	23.178125	F5	77	79	87	12.506185	F5	77	75	
90	23.237500	D4	62	77	86	12.506185	D4	62	60	
91	23.622917	Bb4	70	76	88	12.756185	Bb4	70	60	
92	23.838542	A4	69	78	89	12.881185	A4	69	60	
93	24.046875	Bb4	70	79	90	13.006185	Bb4	70	60	
94	24.093750	G3	55	65	91	13.006185	G3	55	60	
95	24.540625	E5	76	71	93	13.332271	E5	76	68	
96	24.541667	E4	64	59	92	13.332271	E4	64	60	
97	25.084375	D5	74	67	94	13.658358	D5	74	61	
98	25.105208	F4	65	54	95	13.658358	F4	65	61	
99	25.114583	C3	48	58	96	13.658358	C3	48	60	
100	25.114583	G4	67	47	*	-1	*	-1	-1	
101	25.885417	C5	72	60	97	14.194072	C5	72	53	
102	25.938542	E4	64	47	98	14.194072	E4	64	53	
103	26.895833	F1	29	92	99	14.578687	F1	29	108	
104	27.322917	F2	41	88	100	14.912020	F2	41	108	
105	27.685417	C3	48	93	101	15.245353	C3	48	108	
106	28.133333	C3	48	89	102	15.578686	C3	48	108	
107	28.678125	G5	79	86	107	15.912019	G5	79	108	
108	28.698958	D5	74	72	109	15.912019	D5	74	92	
109	28.707292	G4	67	76	106	15.912019	G4	67	92	
110	28.708333	Bb3	58	78	105	15.912019	Bb3	58	92	
111	28.714583	G3	55	71	103	15.912019	G3	55	92	
112	28.722917	D4	62	80	104	15.912019	D4	62	92	
113	30.331250	A5	81	93	110	17.412017	A5	81	75	
114	30.573958	Bb5	82	96	111	17.578684	Bb5	82	75	
115	30.789583	A5	81	91	112	17.745350	A5	81	75	
116	30.975000	G5	79	91	113	17.912017	G5	79	75	
117	31.155208	A5	81	91	114	18.034967	A5	81	75	
118	31.346875	G5	79	89	115	18.157918	G5	79	75	
119	31.536458	F5	77	87	116	18.280869	F5	77	75	
120	31.742708	D5	74	80	117	18.403820	D5	74	75	
121	31.920833	F5	77	86	118	18.510962	F5	77	74	
122	32.130208	D5	74	69	119	18.618105	D5	74	72	
123	32.327083	C5	72	73	120	18.725248	C5	72	70	
124	32.537500	Bb4	70	77	121	18.832391	Bb4	70	68	
125	32.785417	G4	67	68	122	18.982391	G4	67	66	
126	33.032292	D4	62	73	123	19.132391	D4	62	64	
127	33.336458	E4	64	77	124	19.282391	E4	64	62	
128	33.803125	G4	67	77	126	19.432391	G4	67	60	
129	33.823958	C4	60	66	125	19.432391	C4	60	60	
130	33.823958	Eb4	63	76	128	19.432391	Eb4	63	60	
131	33.827083	Bb3	58	75	127	19.432391	Bb3	58	60	
132	34.165625	F4	65	78	129	19.562825	F4	65	60	
133	34.383333	G4	67	88	130	19.693260	G4	67	60	
134	34.560417	A4	69	81	131	19.823695	A4	69	60	
135	34.777083	G4	67	82	132	19.954130	G4	67	60	
136	35.623958	A3	57	56	133	20.776047	A3	57	60	
137	35.841667	F4	65	50	134	21.003319	F4	65	60	
138	36.015625	G4	67	73	135	21.121429	G4	67	60	
139	36.212500	A4	69	72	136	21.239539	A4	69	60	
140	36.390625	C5	72	74	137	21.357649	C5	72	60	
141	36.587500	A4	69	67	138	21.480600	A4	69	60	
142	36.785417	G4	67	73	139	21.603551	G4	67	60	
143	36.956250	F4	65	61	140	21.726501	F4	65	60	
144	37.136458	G4	67	76	142	21.849452	G4	67	60	
145	37.154167	D4	62	68	144	21.849452	D4	62	60	
146	37.164583	Bb3	58	69	143	21.849452	Bb3	58	60	
147	37.170833	Eb3	51	67	141	21.849452	Eb3	51	60	
148	37.344792	F4	65	64	145	21.979887	F4	65	60	
149	37.506250	G4	67	75	146	22.110322	G4	67	60	
150	37.691667	A4	69	77	147	22.240756	A4	69	60	
151	37.881250	G4	67	82	148	22.371191	G4	67	60	
152	38.725000	Eb4	63	59	151	23.193108	Eb4	63	60	
153	38.728125	A3	57	53	152	23.193108	A3	57	60	
154	38.734375	F2	41	47	149	23.193108	F2	41	60	
155	38.755208	C3	48	52	150	23.193108	C3	48	60	
156	38.895833	F4	65	53	153	23.420381	F4	65	60	
157	39.078125	G4	67	70	154	23.538491	G4	67	60	
158	39.256250	A4	69	70	155	23.656601	A4	69	60	
159	39.536458	D5	74	73	156	23.774711	D5	74	60	
160	39.779167	A4	69	71	157	23.897661	A4	69	60	
161	40.009375	G4	67	67	158	24.020612	G4	67	60	
162	40.275000	F4	65	74	159	24.143563	F4	65	60	
163	40.645833	Bb2	46	95	160	24.266514	Bb2	46	75	
164	40.646875	Bb1	34	89	161	24.266514	Bb1	34	75	
165	41.104167	F3	53	92	162	24.549532	F3	53	75	
166	41.802083	F5	77	89	164	25.263818	F5	77	75	
167	41.805208	D4	62	89	166	25.263818	D4	62	75	
168	41.805208	D5	74	85	165	25.263818	D5	74	75	
169	41.822917	F4	65	89	163	25.263818	F4	65	75	
170	43.094792	C5	72	64	169	26.513817	C5	72	60	
171	43.096875	G4	67	69	167	26.513817	G4	67	60	
172	43.096875	E5	76	67	168	26.513817	E5	76	60	
173	43.102083	E4	64	63	170	26.513817	E4	64	60	
174	43.297917	F4	65	78	173	26.673391	F4	65	58	
175	43.302083	F5	77	82	171	26.673391	F5	77	58	
176	43.305208	A4	69	70	172	26.673391	A4	69	58	
177	43.305208	D5	74	68	174	26.673391	D5	74	58	
178	43.511458	G4	67	89	177	26.832966	G4	67	56	
179	43.511458	C5	72	72	*	-1	*	-1	-1	
180	43.513542	E4	64	72	175	26.832966	E4	64	56	
181	43.513542	E5	76	80	176	26.832966	E5	76	56	
182	43.922917	D4	62	73	180	27.152114	D4	62	51	
183	43.925000	F4	65	74	179	27.152114	F4	65	51	
184	43.937500	D5	74	67	178	27.152114	D5	74	51	
185	43.966667	Bb4	70	67	181	27.152114	Bb4	70	51	
186	44.087500	E4	64	69	183	27.260810	E4	64	48	
187	44.135417	E5	76	80	184	27.260810	E5	76	48	
188	44.141667	C5	72	68	182	27.260810	C5	72	48	
189	44.143750	G4	67	68	185	27.260810	G4	67	48	
190	44.321875	Bb4	70	70	186	27.369505	Bb4	70	45	
191	44.322917	D5	74	79	187	27.369505	D5	74	45	
192	44.329167	F4	65	70	188	27.369505	F4	65	45	
193	44.333333	D4	62	69	189	27.369505	D4	62	45	
194	44.725000	C5	72	76	192	27.714333	C5	72	48	
195	44.733333	G4	67	71	191	27.714333	G4	67	48	
196	44.763542	E4	64	70	190	27.714333	E4	64	48	
197	44.775000	C4	60	69	193	27.714333	C4	60	48	
198	45.093750	C5	72	73	194	28.030122	C5	72	51	
199	45.114583	C4	60	56	195	28.030122	C4	60	51	
200	45.114583	G4	67	77	196	28.030122	G4	67	51	
201	45.122917	E4	64	63	197	28.030122	E4	64	51	
202	45.494792	D5	74	79	200	28.310495	D5	74	55	
203	45.497917	F4	65	75	198	28.310495	F4	65	55	
204	45.501042	Bb3	58	78	199	28.310495	Bb3	58	55	
205	45.503125	Bb4	70	73	201	28.310495	Bb4	70	55	
206	45.900000	E5	76	83	203	28.571365	E5	76	59	
207	45.916667	C5	72	68	202	28.571365	C5	72	59	
208	45.927083	C4	60	78	207	28.571365	C4	60	59	
209	45.931250	A3	57	81	204	28.571365	A3	57	59	
210	45.943750	E4	64	63	206	28.571365	E4	64	59	
211	46.357292	D4	62	80	209	28.851738	D4	62	63	
212	46.364583	Bb3	58	78	208	28.851738	Bb3	58	63	
213	46.365625	G3	55	68	213	28.851738	G3	55	63	
214	46.373958	G5	79	81	212	28.851738	G5	79	63	
215	46.379167	D5	74	71	211	28.851738	D5	74	63	
216	46.381250	Bb4	70	73	210	28.851738	Bb4	70	63	
217	46.775000	D5	74	51	216	29.185071	D5	74	67	
218	46.815625	G5	79	82	218	29.185071	G5	79	67	
219	46.820833	Bb4	70	77	217	29.185071	Bb4	70	67	
220	46.834375	G3	55	74	219	29.185071	G3	55	67	
221	46.842708	Bb3	58	75	214	29.185071	Bb3	58	67	
222	46.847917	D4	62	76	215	29.185071	D4	62	67	
223	47.452083	A5	81	87	225	29.590476	A5	81	71	
224	47.457292	C#4	61	77	221	29.590476	C#4	61	71	
225	47.461458	A3	57	69	223	29.590476	A3	57	71	
226	47.463542	F3	53	66	220	29.590476	F3	53	71	
227	47.472917	C#5	73	71	222	29.590476	C#5	73	71	
228	47.478125	A4	69	60	224	29.590476	A4	69	71	
229	48.217708	Bb2	46	95	226	30.379950	Bb2	46	75	
230	48.219792	Bb1	34	86	227	30.379950	Bb1	34	75	
231	48.650000	F3	53	89	*	-1	*	-1	-1	
232	48.652083	Bb1	34	71	*	-1	*	-1	-1	
233	49.271875	F3	53	72	228	30.769560	F3	53	75	
234	49.273958	D4	62	85	231	31.483845	D4	62	75	
235	49.275000	Bb2	46	72	*	-1	*	-1	-1	
236	49.281250	F4	65	85	232	31.483845	F4	65	75	
237	49.284375	F5	77	81	230	31.483845	F5	77	75	
238	49.286458	D5	74	82	229	31.483845	D5	74	75	
239	50.552083	E5	76	69	234	32.518328	E5	76	60	
240	50.553125	C5	72	70	235	32.518328	C5	72	60	
241	50.555208	G4	67	72	236	32.518328	G4	67	60	
242	50.556250	C4	60	46	*	-1	*	-1	-1	
243	50.556250	E4	64	56	233	32.518328	E4	64	60	
244	50.744792	A4	69	71	240	32.690741	A4	69	58	
245	50.754167	F5	77	75	239	32.690741	F5	77	58	
246	50.764583	D5	74	67	237	32.690741	D5	74	58	
247	50.770833	D4	62	42	*	-1	*	-1	-1	
248	50.785417	F4	65	61	238	32.690741	F4	65	58	
249	50.945833	G4	67	84	243	32.863155	G4	67	56	
250	50.953125	E4	64	67	241	32.863155	E4	64	56	
251	50.954167	E5	76	72	242	32.863155	E5	76	56	
252	50.963542	C5	72	69	*	-1	*	-1	-1	
253	51.315625	D4	62	74	246	33.143529	D4	62	51	
254	51.329167	D5	74	66	245	33.143529	D5	74	51	
255	51.341667	F4	65	63	247	33.143529	F4	65	51	
256	51.342708	Bb4	70	76	244	33.143529	Bb4	70	51	
257	51.506250	E4	64	71	251	33.252224	E4	64	48	
258	51.514583	E5	76	82	250	33.252224	E5	76	48	
259	51.515625	G4	67	63	248	33.252224	G4	67	48	
260	51.523958	C5	72	75	249	33.252224	C5	72	48	
261	51.692708	Bb4	70	85	253	33.360920	Bb4	70	45	
262	51.697917	D5	74	74	252	33.360920	D5	74	45	
263	51.711458	F4	65	75	255	33.360920	F4	65	45	
264	51.712500	D4	62	74	254	33.360920	D4	62	45	
265	52.055208	C5	72	79	257	33.705747	C5	72	48	
266	52.056250	G4	67	72	256	33.705747	G4	67	48	
267	52.072917	E4	64	67	258	33.705747	E4	64	48	
268	52.091667	C4	60	63	259	33.705747	C4	60	48	
269	52.420833	C5	72	82	263	34.021536	C5	72	51	
270	52.425000	G4	67	68	260	34.021536	G4	67	51	
271	52.430208	E4	64	65	262	34.021536	E4	64	51	
272	52.794792	D5	74	80	266	34.301910	D5	74	55	
273	52.796875	F4	65	82	267	34.301910	F4	65	55	
274	52.797917	Bb3	58	83	265	34.301910	Bb3	58	55	
275	52.802083	Bb4	70	81	264	34.301910	Bb4	70	55	
276	53.197917	C5	72	73	268	34.562779	C5	72	59	
277	53.203125	E5	76	77	269	34.562779	E5	76	59	
278	53.209375	A3	57	77	272	34.562779	A3	57	59	
279	53.211458	A4	69	69	273	34.562779	A4	69	59	
280	53.213542	C4	60	75	270	34.562779	C4	60	59	
281	53.213542	E4	64	71	271	34.562779	E4	64	59	
282	53.623958	G5	79	86	274	34.843153	G5	79	63	
283	53.631250	Bb4	70	79	279	34.843153	Bb4	70	63	
284	53.631250	D5	74	76	278	34.843153	D5	74	63	
285	53.639583	G3	55	82	276	34.843153	G3	55	63	
286	53.643750	D4	62	80	275	34.843153	D4	62	63	
287	53.651042	Bb3	58	74	277	34.843153	Bb3	58	63	
288	54.097917	G5	79	85	282	35.176486	G5	79	67	
289	54.103125	G6	91	87	*	-1	*	-1	-1	
290	54.104167	Bb4	70	81	280	35.176486	Bb4	70	67	
291	54.113542	D4	62	81	285	35.176486	D4	62	67	
292	54.117708	Bb3	58	82	281	35.176486	Bb3	58	67	
293	54.118750	G3	55	79	284	35.176486	G3	55	67	
294	54.665625	A5	81	89	288	35.581891	A5	81	71	
295	54.682292	C#5	73	85	289	35.581891	C#5	73	71	
296	54.697917	C#4	61	88	291	35.581891	C#4	61	71	
297	54.698958	A3	57	78	287	35.581891	A3	57	71	
298	54.713542	F3	53	70	286	35.581891	F3	53	71	
299	55.826042	G2	43	61	292	36.371364	G2	43	60	
300	55.827083	G1	31	58	293	36.371364	G1	31	60	
301	56.613542	C6	84	84	296	37.280455	C6	84	60	
302	56.631250	D5	74	71	294	37.280455	D5	74	60	
303	56.636458	F5	77	62	295	37.280455	F5	77	60	
304	56.640625	F3	53	61	297	37.280455	F3	53	60	
305	57.187500	G3	55	69	299	37.780455	G3	55	60	
306	57.285417	Bb5	82	84	298	37.780455	Bb5	82	60	
307	57.493750	A5	81	75	300	37.928969	A5	81	60	
308	57.729167	Bb3	58	85	302	38.077484	Bb3	58	60	
309	57.733333	G5	79	82	301	38.077484	G5	79	60	
310	58.235417	D4	62	77	303	38.357858	D4	62	60	
311	58.447917	F5	77	80	304	38.482858	F5	77	60	
312	58.707292	G5	79	84	306	38.607858	G5	79	60	
313	58.709375	F4	65	73	305	38.607858	F4	65	60	
314	58.941667	A5	81	84	307	38.746746	A5	81	60	
315	59.216667	G4	67	86	310	38.885635	G4	67	60	
316	59.216667	E5	76	69	309	38.885635	E5	76	60	
317	59.217708	Bb4	70	76	308	38.885635	Bb4	70	60	
318	59.719792	D5	74	76	311	39.385635	D5	74	60	
319	59.723958	F4	65	80	312	39.385635	F4	65	60	
320	59.730208	Bb3	58	58	*	-1	*	-1	-1	
321	60.333333	F4	65	85	313	39.885635	F4	65	60	
322	61.066667	E4	64	75	314	40.473870	E4	64	45	
323	61.088542	C5	72	80	315	40.473870	C5	72	60	
324	61.557292	Bb4	70	83	316	40.844240	Bb4	70	60	
325	61.597917	D4	62	69	317	40.844240	D4	62	45	
326	61.826042	A4	69	75	318	41.005530	A4	69	60	
327	61.854167	C4	60	73	319	41.005530	C4	60	45	
328	62.093750	Bb3	58	77	322	41.166821	Bb3	58	45	
329	62.104167	G4	67	71	320	41.166821	G4	67	60	
330	62.131250	D4	62	67	321	41.166821	D4	62	60	
331	62.393750	F4	65	77	323	41.328111	F4	65	61	
332	62.692708	G4	67	81	324	41.489401	G4	67	62	
333	62.693750	A3	57	68	325	41.489401	A3	57	48	
334	62.959375	A4	69	71	326	41.628290	A4	69	63	
335	63.258333	G3	55	62	328	41.767179	G3	55	51	
336	63.265625	E4	64	74	327	41.767179	E4	64	64	
337	63.273958	Bb3	58	76	329	41.767179	Bb3	58	60	
338	63.891667	D4	62	76	330	42.183845	D4	62	67	
339	63.900000	F3	53	70	331	42.183845	F3	53	54	
340	64.643750	D3	50	73	333	42.808845	D3	50	57	
341	64.643750	F3	53	60	*	-1	*	-1	-1	
342	64.643750	F4	65	79	332	42.808845	F4	65	71	
343	64.646875	D4	62	70	*	-1	*	-1	-1	
344	65.850000	C4	60	82	338	44.619656	C4	60	60	
345	65.870833	E3	52	69	334	44.619656	E3	52	60	
346	65.873958	A3	57	75	337	44.619656	A3	57	60	
347	65.881250	A1	33	71	335	44.619656	A1	33	75	
348	65.883333	A2	45	74	336	44.619656	A2	45	75	
349	66.380208	A3	57	86	340	45.019656	A3	57	60	
350	66.394792	F3	53	74	339	45.019656	F3	53	60	
351	66.400000	Bb2	46	79	341	45.019656	Bb2	46	75	
352	66.405208	Bb1	34	70	343	45.019656	Bb1	34	75	
353	66.406250	D3	50	60	342	45.019656	D3	50	60	
354	66.943750	C4	60	87	346	45.436322	C4	60	60	
355	66.946875	E3	52	72	348	45.436322	E3	52	60	
356	66.964583	C3	48	71	347	45.436322	C3	48	75	
357	66.964583	G3	55	76	345	45.436322	G3	55	60	
358	66.973958	C2	36	72	344	45.436322	C2	36	75	
359	68.056250	C4	60	74	351	46.404063	C4	60	92	
360	68.088542	A3	57	60	350	46.404063	A3	57	92	
361	68.113542	A2	45	59	352	46.404063	A2	45	92	
362	68.120833	E3	52	51	349	46.404063	E3	52	92	
363	68.362500	D4	62	80	353	46.530645	D4	62	92	
364	68.541667	C4	60	87	354	46.657227	C4	60	92	
365	68.707292	A3	57	85	356	46.783810	A3	57	92	
366	68.753125	F3	53	70	357	46.783810	F3	53	92	
367	68.755208	D3	50	76	355	46.783810	D3	50	92	
368	68.756250	A2	45	58	*	-1	*	-1	-1	
369	69.532292	C4	60	94	361	47.106390	C4	60	92	
370	69.558333	C3	48	72	358	47.106390	C3	48	92	
371	69.558333	E3	52	73	359	47.106390	E3	52	92	
372	69.561458	G3	55	75	360	47.106390	G3	55	92	
373	70.104167	D4	62	91	362	47.422179	D4	62	108	
374	70.123958	Bb3	58	81	363	47.422179	Bb3	58	108	
375	70.135417	Bb2	46	80	365	47.422179	Bb2	46	92	
376	70.145833	F3	53	79	364	47.422179	F3	53	92	
377	70.671875	F4	65	90	367	47.737968	F4	65	108	
378	70.676042	C4	60	82	366	47.737968	C4	60	108	
379	70.696875	A2	45	80	368	47.737968	A2	45	92	
380	70.696875	A3	57	82	369	47.737968	A3	57	92	
381	71.222917	G2	43	83	373	48.229771	G2	43	92	
382	71.454167	D3	50	74	371	48.229771	D3	50	92	
383	71.573958	G4	67	97	372	48.229771	G4	67	108	
384	71.582292	D4	62	87	374	48.229771	D4	62	92	
385	71.586458	G3	55	78	*	-1	*	-1	-1	
386	71.635417	Bb3	58	93	370	48.229771	Bb3	58	92	
387	73.562500	G4	67	91	375	49.836913	G4	67	108	
388	73.821875	A4	69	78	376	49.960370	A4	69	108	
389	73.945833	G4	67	91	377	50.083826	G4	67	108	
390	74.092708	F4	65	98	380	50.207283	F4	65	108	
391	74.113542	D4	62	81	378	50.207283	D4	62	75	
392	74.123958	Bb3	58	84	379	50.207283	Bb3	58	92	
393	74.139583	C3	48	76	381	50.207283	C3	48	92	
394	74.594792	E4	64	102	382	50.612688	E4	64	108	
395	75.393750	F4	65	90	386	51.279355	F4	65	108	
396	75.406250	D4	62	71	387	51.279355	D4	62	75	
397	75.412500	Bb3	58	78	385	51.279355	Bb3	58	75	
398	75.436458	F2	41	69	384	51.279355	F2	41	75	
399	75.443750	F1	29	76	383	51.279355	F1	29	92	
400	76.275000	C3	48	76	388	52.313837	C3	48	72	
401	76.870833	A3	57	72	389	52.713837	A3	57	68	
402	76.870833	C4	60	83	390	52.713837	C4	60	68	
403	77.405208	Bb3	58	72	393	53.182587	Bb3	58	65	
404	77.406250	F2	41	61	*	-1	*	-1	-1	
405	77.407292	F3	53	74	392	53.182587	F3	53	65	
406	77.414583	G3	55	69	391	53.182587	G3	55	65	
407	77.940625	A3	57	78	395	53.849254	A3	57	61	
408	77.943750	C4	60	78	394	53.849254	C4	60	61	
409	78.556250	C4	60	87	396	54.960365	C4	60	57	
410	79.912500	F4	65	60	397	56.114211	F4	65	49	
411	80.931250	A3	57	53	398	56.864211	A3	57	45	
412	81.055208	E6	88	83	402	57.248826	E6	88	60	
413	81.070833	E5	76	63	401	57.248826	E5	76	45	
414	81.136458	E4	64	51	399	56.992416	E4	64	45	
415	81.338542	C5	72	55	*	-1	*	-1	-1	
416	81.578125	B5	83	83	403	57.677397	B5	83	60	
417	82.652083	A5	81	73	404	58.456617	A5	81	60	
418	83.579167	E5	76	64	405	59.197357	E5	76	60	
419	84.104167	D3	50	51	407	59.697357	D3	50	45	
420	84.119792	A3	57	49	408	59.697357	A3	57	45	
421	84.230208	B4	71	60	406	59.697357	B4	71	60	
422	84.233333	F4	65	54	409	59.697357	F4	65	45	
423	84.379167	A4	69	61	410	59.814544	A4	69	60	
424	84.480208	B4	71	68	411	59.931732	B4	71	60	
425	84.597917	D5	74	69	412	60.048919	D5	74	60	
426	84.719792	B5	83	92	413	60.166107	B5	83	45	
427	84.727083	F5	77	70	414	60.166107	F5	77	45	
428	85.405208	A3	57	61	416	60.721662	A3	57	45	
429	85.497917	E6	88	91	*	-1	*	-1	-1	
430	85.503125	E5	76	73	*	-1	*	-1	-1	
431	85.535417	E4	64	56	417	60.793091	E4	64	45	
432	85.584375	C5	72	63	418	60.864519	C5	72	45	
433	85.995833	B5	83	97	421	61.297393	B5	83	60	
434	86.937500	A5	81	84	422	61.852948	A5	81	60	
435	87.895833	E5	76	66	423	62.452948	E5	76	60	
436	88.638542	F4	65	64	426	62.988662	F4	65	45	
437	88.641667	C4	60	71	425	62.988662	C4	60	45	
438	88.643750	B4	71	72	427	62.988662	B4	71	60	
439	88.654167	D3	50	66	424	62.988662	D3	50	45	
440	89.216667	A4	69	88	428	63.757893	A4	69	60	
441	89.713542	G2	43	55	429	64.205654	G2	43	45	
442	89.803125	D3	50	40	431	64.205654	D3	50	45	
443	89.836458	B3	59	68	430	64.205654	B3	59	45	
444	90.086458	B4	71	61	432	64.483432	B4	71	61	
445	90.286458	A4	69	73	433	64.624941	A4	69	63	
446	90.432292	G4	67	74	434	64.766450	G4	67	65	
447	90.648958	E4	64	66	436	64.907960	E4	64	67	
448	90.676042	C4	60	66	435	64.907960	C4	60	45	
449	90.680208	G3	55	59	437	64.907960	G3	55	45	
450	90.712500	C3	48	54	438	64.907960	C3	48	45	
451	91.748958	D4	62	76	441	65.507960	D4	62	73	
452	91.758333	A3	57	76	440	65.507960	A3	57	45	
453	91.765625	C3	48	69	439	65.507960	C3	48	45	
454	91.773958	F2	41	62	442	65.507960	F2	41	45	
455	92.738542	E4	64	76	443	66.146257	E4	64	69	
456	92.739583	E2	40	60	444	66.146257	E2	40	45	
457	93.331250	F4	65	65	446	66.479590	F4	65	66	
458	93.338542	D2	38	57	445	66.479590	D2	38	45	
459	93.338542	D3	50	56	*	-1	*	-1	-1	
460	94.008333	A4	69	71	447	66.812923	A4	69	63	
461	94.922917	E4	64	65	448	67.304726	E4	64	45	
462	94.925000	B3	59	52	*	-1	*	-1	-1	
463	95.003125	F3	53	38	450	67.304726	G3	55	45	
464	95.005208	G2	43	55	451	67.304726	G2	43	45	
465	95.006250	B3	59	44	449	67.304726	B3	59	45	
466	95.010417	G1	31	46	*	-1	*	-1	-1	
467	95.676042	D4	62	52	452	67.675096	D4	62	45	
468	95.916667	E4	64	60	453	67.832990	E4	64	45	
469	96.182292	D4	62	58	454	67.990885	D4	62	45	
470	96.775000	E4	64	77	455	68.567808	E4	64	45	
471	97.532292	A3	57	66	456	69.206105	A3	57	45	
472	98.088542	D4	62	58	457	69.794340	D4	62	45	
473	98.411458	E4	64	46	458	70.002673	E4	64	45	
474	98.742708	D4	62	50	459	70.211007	D4	62	45	
475	99.716667	G3	55	37	461	71.178748	G3	55	45	
476	99.732292	E4	64	41	460	71.178748	E4	64	45	
477	99.770833	B3	59	43	465	71.178748	B3	59	45	
478	99.786458	E2	40	37	463	71.178748	E2	40	45	
479	101.092708	A3	57	41	466	71.928748	A3	57	45	
480	101.206250	E6	88	80	*	-1	*	-1	-1	
481	101.212500	E5	76	62	*	-1	*	-1	-1	
482	101.322917	E4	64	37	467	72.014955	E4	64	45	
483	101.375000	C5	72	47	468	72.101162	C5	72	45	
484	101.738542	B5	83	87	471	72.615940	B5	83	60	
485	102.730208	A5	81	82	472	73.395160	A5	81	60	
486	103.629167	E5	76	63	473	74.135900	E5	76	60	
487	104.084375	D3	50	54	476	74.635900	D3	50	45	
488	104.084375	A3	57	57	477	74.635900	A3	57	45	
489	104.145833	F4	65	51	474	74.635900	F4	65	45	
490	104.145833	B4	71	58	475	74.635900	B4	71	60	
491	104.296875	A4	69	67	478	74.753087	A4	69	60	
492	104.443750	B4	71	66	479	74.870275	B4	71	60	
493	104.514583	D5	74	70	480	74.987462	D5	74	60	
494	104.640625	A5	81	79	482	75.104650	A5	81	45	
495	104.641667	B5	83	83	483	75.104650	B5	83	45	
496	104.643750	F5	77	71	481	75.104650	F5	77	45	
497	105.237500	A3	57	71	484	75.660205	A3	57	45	
498	105.333333	E4	64	66	485	75.731634	E4	64	45	
499	105.339583	E6	88	92	488	75.874491	E6	88	60	
500	105.342708	E5	76	74	487	75.874491	E5	76	45	
501	105.407292	C5	72	60	486	75.803062	C5	72	45	
502	105.827083	B5	83	94	489	76.303062	B5	83	63	
503	106.686458	A5	81	85	490	77.082282	A5	81	71	
504	107.031250	D4	62	74	*	-1	*	-1	-1	
505	107.197917	A4	69	71	*	-1	*	-1	-1	
506	107.675000	D4	62	41	493	77.498948	D4	62	45	
507	107.676042	A6	93	86	491	77.498948	A6	93	60	
508	107.678125	A5	81	83	492	77.498948	A5	81	45	
509	107.680208	A4	69	53	494	77.498948	A4	69	45	
510	107.732292	F5	77	67	495	77.498948	F5	77	45	
511	108.381250	E6	88	98	496	78.111193	E6	88	63	
512	109.573958	D6	86	74	497	79.145675	D6	86	71	
513	110.685417	G3	55	45	501	79.827493	G3	55	45	
514	110.685417	F4	65	40	500	79.827493	F4	65	45	
515	110.770833	D5	74	55	498	79.827493	D5	74	60	
516	110.775000	B4	71	51	499	79.827493	B4	71	45	
517	110.935417	E5	76	59	502	79.917854	E5	76	60	
518	111.079167	F5	77	65	503	80.008215	F5	77	60	
519	111.213542	A5	81	72	504	80.098577	A5	81	60	
520	111.320833	D6	86	85	505	80.188938	D6	86	60	
521	112.295833	E6	88	78	506	81.388938	E6	88	60	
522	112.847917	C3	48	60	511	81.988938	C3	48	45	
523	112.961458	G3	55	52	507	81.988938	G3	55	45	
524	113.067708	E4	64	49	508	81.988938	E4	64	45	
525	113.094792	G4	67	53	510	81.988938	G4	67	45	
526	113.103125	A4	69	56	509	81.988938	A4	69	60	
527	113.268750	C5	72	71	512	82.079300	C5	72	60	
528	113.384375	D5	74	69	513	82.169661	D5	74	60	
529	113.535417	E5	76	75	514	82.260022	G5	79	60	
530	113.672917	A5	81	87	515	82.350384	A5	81	60	
531	114.660417	G5	79	73	516	83.250384	G5	79	60	
532	114.963542	A5	81	84	517	83.488479	A5	81	60	
533	115.285417	C6	84	80	518	83.726574	C6	84	60	
534	115.785417	G3	55	47	522	84.121310	G3	55	45	
535	115.846875	F4	65	41	519	84.121310	F4	65	45	
536	115.863542	D5	74	55	520	84.121310	D5	74	60	
537	115.864583	B4	71	53	521	84.121310	B4	71	45	
538	116.062500	E5	76	66	523	84.211672	E5	76	60	
539	116.193750	F5	77	69	524	84.302033	F5	77	60	
540	116.306250	A5	81	78	525	84.392395	A5	81	60	
541	116.453125	D6	86	96	526	84.482756	D6	86	60	
542	117.635417	E6	88	84	527	85.682756	E6	88	60	
543	118.213542	C3	48	51	530	86.282756	C3	48	45	
544	118.463542	G3	55	46	528	86.282756	G3	55	45	
545	118.677083	G4	67	56	532	86.282756	G4	67	45	
546	118.677083	A4	69	61	531	86.282756	A4	69	60	
547	118.680208	E4	64	53	529	86.282756	E4	64	45	
548	118.884375	C5	72	69	533	86.373117	C5	72	60	
549	119.040625	D5	74	66	534	86.463479	D5	74	60	
550	119.242708	E5	76	75	535	86.553840	G5	79	60	
551	119.475000	A5	81	85	536	86.644201	A5	81	60	
552	120.738542	B5	83	69	537	87.544201	B5	83	60	
553	121.128125	A5	81	64	538	87.816929	A5	81	60	
554	121.593750	G5	79	53	539	88.089656	G5	79	60	
555	122.425000	F#2	42	58	540	88.362383	F#2	42	45	
556	122.631250	B2	47	46	543	88.362383	B2	47	45	
557	122.885417	A3	57	40	544	88.362383	A3	57	45	
558	122.885417	B3	59	49	542	88.362383	B3	59	45	
559	123.151042	Eb4	63	58	545	88.452745	Eb4	63	45	
560	123.297917	F#4	66	59	546	88.543106	F#4	66	45	
561	123.442708	A4	69	58	547	88.633467	A4	69	45	
562	123.541667	C#5	73	60	548	88.723829	C#5	73	45	
563	124.639583	Eb5	75	57	549	89.923829	Eb5	75	45	
564	124.946875	E2	40	55	553	90.523829	E2	40	45	
565	125.135417	B2	47	52	552	90.523829	B2	47	45	
566	125.264583	C#4	61	57	550	90.523829	C#4	61	45	
567	125.310417	B3	59	51	551	90.523829	B3	59	45	
568	125.313542	G#3	56	42	554	90.523829	G#3	56	45	
569	125.446875	Eb4	63	57	555	90.614190	Eb4	63	45	
570	125.570833	E4	64	50	556	90.704551	E4	64	45	
571	125.725000	F#4	66	62	557	90.794913	F#4	66	45	
572	125.859375	G#4	68	69	558	90.885274	G#4	68	45	
573	126.764583	B4	71	58	559	91.785274	B4	71	45	
574	127.057292	G#4	68	70	560	92.058001	G#4	68	45	
575	127.337500	B4	71	65	561	92.330729	B4	71	45	
576	127.478125	F#2	42	68	564	92.603456	F#2	42	45	
577	127.676042	B2	47	61	565	92.603456	B2	47	45	
578	127.785417	C#3	49	44	*	-1	*	-1	-1	
579	127.864583	B3	59	57	563	92.603456	B3	59	45	
580	127.870833	C#4	61	50	562	92.603456	C#4	61	45	
581	127.894792	A3	57	55	566	92.603456	A3	57	45	
582	128.039583	Eb4	63	62	567	92.693817	Eb4	63	45	
583	128.162500	F#4	66	64	568	92.784179	F#4	66	45	
584	128.296875	A4	69	64	569	92.874540	A4	69	45	
585	128.427083	C#5	73	73	570	92.964901	C#5	73	45	
586	129.301042	Eb5	75	67	571	93.864901	Eb5	75	45	
587	129.577083	C#5	73	65	572	94.164901	C#5	73	45	
588	129.794792	Eb5	75	67	573	94.464901	Eb5	75	45	
589	129.873958	E3	52	58	578	94.764901	E3	52	45	
590	129.990625	B3	59	61	576	94.764901	B3	59	45	
591	130.092708	C#5	73	69	574	94.764901	C#5	73	45	
592	130.094792	B4	71	63	575	94.764901	B4	71	45	
593	130.152083	G#4	68	67	577	94.764901	G#4	68	45	
594	130.265625	Eb5	75	67	579	94.855263	Eb5	75	45	
595	130.406250	E5	76	69	580	94.945624	E5	76	46	
596	130.561458	F#5	78	78	581	95.035986	F#5	78	47	
597	130.709375	G#5	80	79	582	95.126347	G#5	80	48	
598	131.535417	B5	83	77	583	96.026347	B5	83	54	
599	131.926042	G#5	80	75	584	96.299074	G#5	80	56	
600	132.347917	B5	83	87	585	96.571801	B5	83	58	
601	133.192708	D6	86	74	587	96.844529	D6	86	60	
602	133.222917	F5	77	58	588	96.844529	F5	77	45	
603	133.254167	A4	69	44	586	96.844529	A4	69	45	
604	133.255208	D4	62	47	589	96.844529	D4	62	45	
605	133.878125	C6	84	72	590	97.482826	C6	84	60	
606	134.203125	B5	83	86	591	97.732826	B5	83	60	
607	134.506250	A5	81	74	594	97.982826	A5	81	60	
608	134.518750	B4	71	64	593	97.982826	B4	71	45	
609	134.531250	F4	65	53	595	97.982826	F4	65	45	
610	134.739583	G5	79	80	596	98.182826	G5	79	60	
611	134.990625	A5	81	84	597	98.382826	A5	81	60	
612	135.244792	B5	83	89	598	98.582826	B5	83	60	
613	135.566667	B4	71	63	600	98.782826	B4	71	45	
614	135.570833	E5	76	66	599	98.782826	E5	76	60	
615	135.583333	G4	67	65	602	98.782826	G4	67	45	
616	135.586458	C4	60	60	601	98.782826	C4	60	45	
617	135.834375	F5	77	70	603	98.968011	F5	77	60	
618	136.084375	F4	65	66	604	99.153196	F4	65	45	
619	136.107292	G5	79	64	606	99.153196	G5	79	60	
620	136.112500	A4	69	63	605	99.153196	A4	69	45	
621	136.328125	A5	81	81	607	99.348001	A5	81	60	
622	136.584375	D5	74	73	609	99.542806	D5	74	60	
623	136.594792	B3	59	74	608	99.542806	B3	59	45	
624	136.834375	E5	76	74	610	99.737611	E5	76	60	
625	137.082292	F5	77	81	612	99.932416	F5	77	60	
626	137.114583	E4	64	68	613	99.932416	E4	64	45	
627	137.114583	G4	67	65	611	99.932416	G4	67	45	
628	137.337500	G5	79	83	614	100.113139	G5	79	60	
629	137.572917	C5	72	79	615	100.293862	C5	72	60	
630	137.604167	A3	57	62	616	100.293862	A3	57	45	
631	137.843750	D5	74	78	617	100.479047	D5	74	60	
632	138.104167	E5	76	76	620	100.664232	E5	76	60	
633	138.105208	D4	62	65	619	100.664232	D4	62	45	
634	138.125000	F4	65	61	618	100.664232	F4	65	45	
635	138.384375	F5	77	75	621	100.864232	F5	77	60	
636	138.677083	B4	71	74	622	101.064232	B4	71	60	
637	138.713542	A3	57	69	623	101.064232	A3	57	45	
638	139.212500	G4	67	84	625	101.464232	G4	67	45	
639	139.217708	G3	55	74	626	101.464232	G3	55	45	
640	139.843750	D4	62	73	628	101.864232	D4	62	45	
641	139.844792	A4	69	69	629	101.864232	A4	69	45	
642	139.884375	F3	53	58	627	101.864232	F3	53	45	
643	140.182292	C5	72	74	630	102.064232	C5	72	60	
644	140.482292	B3	59	76	631	102.264232	B3	59	45	
645	140.485417	D5	74	64	632	102.264232	D5	74	60	
646	140.493750	G4	67	64	633	102.264232	G4	67	45	
647	140.500000	E3	52	60	634	102.264232	E3	52	45	
648	140.688542	E5	76	68	635	102.488112	E5	76	60	
649	141.019792	A4	69	73	637	102.711993	A4	69	60	
650	141.027083	C4	60	72	636	102.711993	C4	60	45	
651	141.031250	F3	53	57	*	-1	*	-1	-1	
652	141.031250	F4	65	68	639	102.711993	F4	65	45	
653	141.041667	D3	50	56	638	102.711993	D3	50	45	
654	141.683333	E4	64	66	641	103.220467	E4	64	45	
655	141.692708	C3	48	53	640	103.220467	C3	48	45	
656	141.698958	E3	52	51	642	103.220467	E3	52	45	
657	142.565625	Eb4	63	64	645	104.220467	Eb4	63	45	
658	142.596875	B2	47	53	644	104.220467	B2	47	45	
659	142.603125	F#3	54	50	643	104.220467	F#3	54	45	
660	143.297917	B4	71	63	646	105.220467	B4	71	60	
661	143.562500	A4	69	75	647	105.415272	A4	69	60	
662	143.779167	G#4	68	87	648	105.610077	G#4	68	60	
663	144.016667	A4	69	87	649	105.782491	A4	69	60	
664	144.259375	F#4	66	85	650	105.954905	F#4	66	60	
665	144.494792	G#4	68	90	651	106.172296	G#4	68	60	
666	144.733333	A4	69	83	652	106.389687	A4	69	60	
667	145.261458	B4	71	71	653	106.945243	B4	71	60	
668	145.469792	A4	69	83	654	107.121713	A4	69	60	
669	145.703125	F#4	66	83	655	107.298184	F#4	66	60	
670	146.248958	G#4	68	72	656	107.714850	G#4	68	60	
671	147.065625	A4	69	76	660	108.241166	A4	69	45	
672	147.077083	A3	57	63	661	108.241166	A3	57	45	
673	147.079167	E4	64	59	659	108.241166	E4	64	45	
674	147.087500	C3	48	54	657	108.241166	C3	48	45	
675	147.089583	F#3	54	59	658	108.241166	F#3	54	45	
676	147.808333	F#4	66	66	662	108.841166	F#4	66	45	
677	148.045833	E4	64	72	663	109.035971	E4	64	45	
678	148.264583	C4	60	76	664	109.230776	C4	60	45	
679	148.488542	D4	62	79	665	109.403189	D4	62	45	
680	148.745833	E4	64	81	666	109.575603	E4	64	45	
681	149.748958	F#4	66	56	667	110.565941	F#4	66	45	
682	149.973958	E4	64	61	668	110.742412	E4	64	45	
683	150.242708	C4	60	51	669	110.918882	C4	60	45	
684	150.514583	D4	62	54	670	111.127215	D4	62	45	
685	150.875000	E4	64	58	671	111.335549	E4	64	45	
686	151.636458	Bb3	58	68	672	111.861864	Bb3	58	45	
687	152.344792	F#4	66	65	673	112.191534	F#4	66	45	
688	152.620833	E4	64	54	674	112.363948	E4	64	45	
689	152.865625	C4	60	50	675	112.536362	C4	60	45	
690	153.110417	D4	62	48	676	112.721547	D4	62	45	
691	153.375000	E4	64	45	677	112.906732	E4	64	45	
692	154.294792	F#4	66	58	678	113.675962	F#4	66	45	
693	154.515625	E4	64	47	679	113.868269	E4	64	45	
694	154.816667	C4	60	40	680	114.060577	C4	60	45	
695	155.073958	D4	62	46	681	114.284457	D4	62	45	
696	155.464583	E4	64	56	682	114.508338	E4	64	45	
697	156.454167	D4	62	54	684	115.445838	D4	62	45	
698	156.473958	B2	47	44	685	115.445838	B2	47	45	
699	156.504167	G#3	56	35	683	115.445838	G#3	56	45	
700	157.290625	E4	64	54	686	116.215068	E4	64	45	
701	157.322917	E2	40	34	687	116.215068	E2	40	45	
702	157.602083	F#4	66	63	688	116.423401	F#4	66	45	
703	157.868750	G#4	68	67	689	116.631735	G#4	68	45	
704	158.092708	A4	69	66	690	116.798401	A4	69	45	
705	158.318750	B4	71	63	691	116.965068	B4	71	45	
706	158.530208	C5	72	69	692	117.131734	C5	72	45	
707	158.733333	D5	74	74	693	117.298401	D5	74	45	
708	158.937500	E5	76	70	694	117.456295	E5	76	45	
709	159.162500	F#5	78	60	695	117.614190	F#5	78	45	
710	159.353125	G#5	80	74	696	117.775480	G#5	80	45	
711	159.577083	A5	81	74	697	117.936770	A5	81	45	
712	159.813542	B5	83	72	698	118.081001	B5	83	45	
713	160.057292	C6	84	49	699	118.225232	C6	84	45	
714	160.315625	D6	86	65	700	118.360367	D6	86	45	
715	160.555208	A3	57	37	701	118.360367	A3	57	45	
716	160.755208	E4	64	41	702	118.405412	E4	64	45	
717	160.761458	E6	88	88	705	118.495502	E6	88	60	
718	160.766667	E5	76	56	*	-1	*	-1	-1	
719	160.911458	C5	72	47	703	118.450457	C5	72	45	
720	161.416667	B5	83	94	706	118.924073	B5	83	60	
721	162.369792	A5	81	76	707	119.703293	A5	81	60	
722	163.239583	E5	76	60	708	120.444033	E5	76	60	
723	163.721875	D3	50	50	710	120.944033	D3	50	45	
724	163.721875	A3	57	52	*	-1	*	-1	-1	
725	163.775000	F4	65	49	709	120.944033	F4	65	45	
726	163.779167	B4	71	59	711	120.944033	B4	71	60	
727	163.928125	A4	69	67	712	121.061220	A4	69	60	
728	164.057292	B4	71	65	713	121.178408	B4	71	60	
729	164.154167	D5	74	73	714	121.295595	D5	74	60	
730	164.285417	B5	83	90	716	121.412783	B5	83	45	
731	164.286458	A5	81	76	717	121.412783	A5	81	45	
732	164.306250	F5	77	65	715	121.412783	F5	77	45	
733	164.987500	A3	57	59	718	121.968338	A3	57	45	
734	165.093750	E4	64	67	719	122.039767	E4	64	45	
735	165.094792	E6	88	89	721	122.182624	E6	88	60	
736	165.105208	E5	76	69	722	122.182624	E5	76	45	
737	165.175000	C5	72	53	720	122.111195	C5	72	45	
738	165.628125	B5	83	98	723	122.544069	B5	83	60	
739	166.603125	A5	81	83	724	123.099624	A5	81	60	
740	167.561458	E5	76	72	725	123.699624	E5	76	60	
741	168.130208	B4	71	77	728	124.235338	B4	71	60	
742	168.165625	F#4	66	62	726	124.235338	F#4	66	45	
743	168.171875	C4	60	59	727	124.235338	C4	60	60	
744	168.175000	D3	50	61	729	124.235338	D3	50	60	
745	168.743750	A4	69	90	730	125.004569	A4	69	63	
746	169.338542	G2	43	66	734	125.452330	G2	43	60	
747	169.373958	D3	50	56	733	125.452330	D3	50	60	
748	169.466667	B3	59	70	731	125.452330	B3	59	45	
749	169.505208	F4	65	69	732	125.452330	F4	65	45	
750	169.666667	B4	71	68	735	125.730107	B4	71	68	
751	169.842708	A4	69	74	736	125.871617	A4	69	69	
752	169.948958	G4	67	84	737	126.013126	G4	67	70	
753	170.114583	E4	64	76	740	126.154635	E4	64	71	
754	170.138542	C4	60	75	739	126.154635	C4	60	45	
755	170.144792	G3	55	72	741	126.154635	G3	55	45	
756	170.146875	C3	48	66	738	126.154635	C3	48	60	
757	171.176042	A3	57	76	742	126.754635	A3	57	45	
758	171.176042	D4	62	74	744	126.754635	D4	62	73	
759	171.186458	C3	48	68	743	126.754635	C3	48	45	
760	171.191667	F2	41	65	745	126.754635	F2	41	60	
761	172.204167	E4	64	77	747	127.392932	E4	64	69	
762	172.212500	E2	40	65	746	127.392932	E2	40	60	
763	172.823958	F4	65	68	749	127.726265	F4	65	66	
764	172.855208	D2	38	60	748	127.726265	D2	38	60	
765	172.855208	D3	50	56	*	-1	*	-1	-1	
766	173.438542	A4	69	63	750	128.059598	A4	69	63	
767	174.315625	E4	64	68	752	128.551401	E4	64	60	
768	174.323958	B3	59	66	751	128.551401	B3	59	45	
769	174.373958	F3	53	39	754	128.551401	F3	53	60	
770	174.400000	G2	43	54	753	128.551401	G2	43	60	
771	174.407292	B3	59	50	*	-1	*	-1	-1	
772	174.876042	D4	62	58	755	128.921771	D4	62	60	
773	175.133333	E4	64	64	756	129.079666	E4	64	60	
774	175.426042	D4	62	68	757	129.237560	D4	62	60	
775	176.130208	E4	64	68	758	129.814483	E4	64	60	
776	177.265625	D4	62	51	759	131.041016	D4	62	60	
777	177.561458	E4	64	55	760	131.249349	E4	64	60	
778	177.868750	D4	62	48	762	131.457682	D4	62	60	
779	177.922917	B2	47	47	764	131.457682	B2	47	45	
780	177.926042	A3	57	42	763	131.457682	A3	57	45	
781	177.932292	F2	41	38	761	131.457682	F2	41	60	
782	178.676042	G3	55	44	768	132.425424	G3	55	45	
783	178.677083	E4	64	48	767	132.425424	E4	64	60	
784	178.725000	E2	40	47	765	132.425424	E2	40	60	
785	180.169792	A3	57	50	769	133.175424	A3	57	45	
786	180.401042	E4	64	48	770	133.261631	E4	64	45	
787	180.623958	E6	88	86	772	133.434044	E6	88	60	
788	180.633333	C5	72	65	*	-1	*	-1	-1	
789	180.669792	E5	76	46	773	133.434044	E5	76	45	
790	181.233333	B5	83	83	774	133.862615	B5	83	60	
791	182.133333	A5	81	64	775	134.641835	A5	81	60	
792	183.055208	E5	76	47	776	135.382575	E5	76	60	
793	183.509375	D3	50	42	777	135.882575	D3	50	60	
794	183.523958	A3	57	37	778	135.882575	A3	57	60	
795	183.555208	B4	71	48	779	135.882575	B4	71	60	
796	183.565625	F4	65	46	780	135.882575	F4	65	45	
797	183.721875	A4	69	60	781	135.999763	A4	69	63	
798	183.865625	B4	71	60	782	136.116950	B4	71	67	
799	183.954167	D5	74	59	783	136.234138	D5	74	71	
800	184.123958	B5	83	67	784	136.351325	B5	83	45	
801	184.125000	A5	81	61	786	136.351325	A5	81	45	
802	184.677083	A3	57	60	787	136.906881	A3	57	45	
803	184.865625	E6	88	85	791	137.121166	E6	88	60	
804	184.875000	E5	76	62	790	137.121166	E5	76	45	
805	184.886458	E4	64	53	788	136.978309	E4	64	45	
806	185.029167	C5	72	48	789	137.049738	C5	72	45	
807	185.376042	B5	83	90	792	137.568927	B5	83	57	
808	186.385417	A5	81	76	793	138.845522	A5	81	49	
809	186.907292	A2	45	68	794	139.076291	A2	45	45	
810	187.112500	E5	76	76	797	139.599128	E5	76	60	
811	187.119792	E4	64	77	*	-1	*	-1	-1	
812	187.144792	E3	52	66	795	139.268599	E3	52	45	
813	187.393750	C#4	61	78	796	139.442878	C#4	61	45	
814	187.664583	B4	71	88	799	140.432461	B4	71	57	
815	188.820833	A4	69	82	800	141.827809	A4	69	49	
816	189.578125	A3	57	70	801	142.327809	A3	57	45	
817	189.583333	C3	48	62	803	142.327809	C3	48	45	
818	189.603125	F2	41	51	802	142.327809	F2	41	45	
819	190.273958	E4	64	75	804	143.009627	E4	64	45	
820	190.279167	F3	53	66	806	143.009627	F3	53	45	
821	190.281250	B3	59	80	805	143.009627	B3	59	45	
822	190.282292	G2	43	64	807	143.009627	G2	43	45	
823	191.187500	D4	62	69	808	143.977368	D4	62	45	
824	191.787500	E3	52	57	809	144.513082	E3	52	45	
825	191.794792	A2	45	61	812	144.513082	A2	45	45	
826	191.821875	A3	57	59	811	144.513082	A3	57	45	
827	191.994792	C4	60	73	813	144.679749	C4	60	45	
828	192.144792	D4	62	73	814	144.846415	D4	62	45	
829	192.268750	E4	64	78	815	145.013082	E4	64	45	
830	192.427083	A3	57	73	817	145.179748	A3	57	45	
831	192.456250	F3	53	71	816	145.179748	F3	53	45	
832	192.457292	D3	50	69	818	145.179748	D3	50	45	
833	193.873958	B3	59	51	821	146.088838	B3	59	45	
834	193.875000	E3	52	37	820	146.088838	E3	52	45	
835	193.927083	G3	55	40	819	146.088838	G3	55	45	
836	195.123958	A2	45	45	822	147.438838	A2	45	30	
837	195.123958	A3	57	47	824	147.438838	A3	57	45	
838	195.134375	C3	48	38	823	147.438838	C3	48	30	
839	195.134375	E3	52	35	825	147.438838	E3	52	45	
840	195.938542	G2	43	48	829	148.638838	G2	43	30	
841	195.940625	F3	53	49	826	148.638838	F3	53	45	
842	195.954167	B2	47	39	827	148.638838	B2	47	30	
843	195.954167	D3	50	42	828	148.638838	D3	50	45	
844	196.430208	A3	57	42	832	149.238838	A3	57	45	
845	196.435417	C3	48	39	830	149.238838	C3	48	30	
846	196.435417	E3	52	38	831	149.238838	E3	52	45	
847	196.436458	A2	45	38	833	149.238838	A2	45	30	
848	196.910417	E3	52	41	837	150.072171	E3	52	45	
849	196.912500	C3	48	43	834	150.072171	C3	48	30	
850	196.914583	A2	45	49	835	150.072171	A2	45	30	
851	196.914583	A3	57	40	836	150.072171	A3	57	45	
852	198.863542	Bb2	46	52	839	151.947171	Bb2	46	45	
853	198.872917	Bb1	34	41	838	151.947171	Bb1	34	45	
854	199.301042	C3	48	50	840	152.408709	C3	48	60	
855	199.534375	D3	50	52	841	152.561770	D3	50	60	
856	199.784375	E3	52	66	843	152.714831	E3	52	60	
857	199.796875	A1	33	56	842	152.714831	A1	33	45	
858	199.800000	C3	48	52	845	152.714831	C3	48	45	
859	199.802083	A2	45	54	844	152.714831	A2	45	45	
860	200.763542	G2	43	63	846	153.353128	G2	43	45	
861	200.764583	G1	31	58	847	153.353128	G1	31	45	
862	201.197917	F3	53	66	849	153.672277	F3	53	60	
863	201.198958	D3	50	59	848	153.672277	D3	50	60	
864	201.617708	G3	55	70	851	153.978399	G3	55	60	
865	201.652083	F1	29	63	850	153.978399	F1	29	45	
866	201.654167	F2	41	49	853	153.978399	F2	41	45	
867	202.086458	A3	57	83	854	154.266860	A3	57	60	
868	202.092708	F3	53	64	855	154.266860	F3	53	60	
869	202.560417	Bb3	58	83	860	154.537130	Bb3	58	60	
870	202.594792	E2	40	73	858	154.537130	E2	40	45	
871	202.603125	E1	28	71	856	154.537130	E1	28	45	
872	203.057292	A3	57	71	862	154.779065	A3	57	63	
873	203.057292	C4	60	83	861	154.779065	C4	60	63	
874	203.506250	D4	62	80	867	155.094854	D4	62	67	
875	203.515625	Bb3	58	79	864	155.094854	Bb3	58	67	
876	203.526042	D1	26	76	866	155.094854	D1	26	60	
877	203.526042	D2	38	73	865	155.094854	D2	38	60	
878	203.534375	Bb1	34	63	*	-1	*	-1	-1	
879	203.534375	F3	53	70	863	155.094854	F3	53	52	
880	204.016667	F4	65	86	868	155.355724	F4	65	71	
881	204.026042	C4	60	79	869	155.355724	C4	60	71	
882	204.032292	A3	57	73	870	155.355724	A3	57	56	
883	204.626042	G4	67	91	871	155.671513	G4	67	75	
884	204.634375	Bb3	58	82	874	155.671513	Bb3	58	60	
885	204.635417	D4	62	68	872	155.671513	D4	62	75	
886	204.640625	C2	36	72	873	155.671513	C2	36	60	
887	204.643750	E4	64	63	*	-1	*	-1	-1	
888	204.645833	C1	24	74	875	155.671513	C1	24	60	
889	205.395833	F4	65	77	876	156.004846	F4	65	75	
890	205.404167	A3	57	73	878	156.004846	A3	57	60	
891	205.404167	C4	60	75	877	156.004846	C4	60	75	
892	205.984375	D1	26	67	880	156.421512	D1	26	53	
893	205.985417	D2	38	71	879	156.421512	D2	38	53	
894	206.643750	D4	62	71	882	156.838179	D4	62	55	
895	206.667708	F3	53	58	883	156.838179	F3	53	50	
896	206.667708	Bb3	58	57	881	156.838179	Bb3	58	55	
897	206.677083	Bb2	46	50	*	-1	*	-1	-1	
898	207.584375	Bb2	46	61	885	157.299717	Bb2	46	45	
899	207.588542	Bb1	34	53	884	157.299717	Bb1	34	45	
900	208.089583	C3	48	58	886	157.761255	C3	48	60	
901	208.310417	D3	50	59	887	157.914316	D3	50	60	
902	208.537500	E3	52	73	888	158.067377	E3	52	60	
903	208.555208	A1	33	64	889	158.067377	A1	33	45	
904	208.555208	C3	48	63	891	158.067377	C3	48	45	
905	208.556250	A2	45	62	890	158.067377	A2	45	45	
906	209.452083	G2	43	73	892	158.705674	G2	43	45	
907	209.458333	G1	31	61	893	158.705674	G1	31	45	
908	209.883333	F3	53	66	894	159.024822	F3	53	60	
909	209.901042	D3	50	58	895	159.024822	D3	50	60	
910	210.307292	G3	55	69	898	159.330944	G3	55	60	
911	210.313542	F2	41	59	899	159.330944	F2	41	45	
912	210.313542	E3	52	63	897	159.330944	E3	52	60	
913	210.315625	F1	29	67	896	159.330944	F1	29	45	
914	210.756250	A3	57	79	901	159.619406	A3	57	60	
915	210.758333	F3	53	66	900	159.619406	F3	53	60	
916	211.271875	Bb3	58	84	903	159.889676	Bb3	58	60	
917	211.300000	E2	40	58	902	159.889676	E2	40	45	
918	211.305208	E1	28	59	905	159.889676	E1	28	45	
919	211.305208	G3	55	60	906	159.889676	G3	55	60	
920	211.775000	A3	57	74	907	160.131611	A3	57	60	
921	211.775000	C4	60	77	908	160.131611	C4	60	60	
922	212.292708	D4	62	77	909	160.447400	D4	62	60	
923	212.294792	F3	53	72	911	160.447400	F3	53	45	
924	212.297917	Bb3	58	78	910	160.447400	Bb3	58	60	
925	212.301042	D1	26	75	912	160.447400	D1	26	45	
926	212.301042	Bb1	34	64	*	-1	*	-1	-1	
927	212.302083	D2	38	72	913	160.447400	D2	38	45	
928	212.855208	F4	65	80	915	160.708270	F4	65	60	
929	212.858333	C4	60	77	914	160.708270	C4	60	60	
930	212.865625	A3	57	72	916	160.708270	A3	57	45	
931	213.572917	G4	67	92	921	161.024058	G4	67	60	
932	213.583333	D4	62	67	919	161.024058	D4	62	60	
933	213.586458	C2	36	72	917	161.024058	C2	36	45	
934	213.588542	Bb3	58	71	918	161.024058	Bb3	58	45	
935	213.593750	C1	24	78	920	161.024058	C1	24	45	
936	214.261458	F4	65	82	922	161.357392	F4	65	60	
937	214.263542	A3	57	72	923	161.357392	A3	57	45	
938	214.265625	C4	60	80	924	161.357392	C4	60	60	
939	214.709375	C3	48	84	925	161.774058	C3	48	45	
940	215.114583	G4	67	84	926	162.190725	G4	67	60	
941	215.115625	Bb3	58	67	928	162.190725	Bb3	58	45	
942	215.118750	D4	62	67	927	162.190725	D4	62	60	
943	216.000000	Eb4	63	84	929	162.652263	Eb4	63	75	
944	216.537500	F4	65	55	930	163.113800	F4	65	75	
945	216.745833	G4	67	62	931	163.266862	G4	67	75	
946	216.942708	F4	65	57	932	163.419922	F4	65	60	
947	216.943750	A4	69	72	933	163.419922	A4	69	75	
948	216.959375	D4	62	58	934	163.419922	D4	62	60	
949	217.697917	C4	60	58	935	164.058219	C4	60	60	
950	218.083333	Bb4	70	82	937	164.377368	Bb4	70	75	
951	218.086458	G4	67	70	936	164.377368	G4	67	75	
952	218.493750	C5	72	77	938	164.683490	C5	72	75	
953	218.510417	A4	69	66	940	164.683490	A4	69	75	
954	218.536458	Bb3	58	68	939	164.683490	Bb3	58	60	
955	218.893750	D5	74	84	942	164.971951	D5	74	75	
956	218.895833	Bb4	70	73	941	164.971951	Bb4	70	75	
957	219.289583	Eb5	75	84	948	165.242221	Eb5	75	75	
958	219.326042	C5	72	59	945	165.242221	C5	72	75	
959	219.331250	F4	65	53	943	165.242221	F4	65	60	
960	219.333333	Eb4	63	63	944	165.242221	Eb4	63	60	
961	219.336458	A3	57	55	946	165.242221	A3	57	60	
962	219.336458	C4	60	60	947	165.242221	C4	60	60	
963	219.683333	D5	74	71	950	165.484157	D5	74	79	
964	219.683333	F5	77	80	949	165.484157	F5	77	79	
965	220.076042	G5	79	85	954	165.799946	G5	79	83	
966	220.108333	C5	72	63	956	165.799946	C5	72	67	
967	220.115625	Eb5	75	63	955	165.799946	Eb5	75	83	
968	220.122917	G4	67	70	957	165.799946	G4	67	67	
969	220.123958	C4	60	63	951	165.799946	C4	60	67	
970	220.130208	Eb4	63	62	952	165.799946	Eb4	63	67	
971	220.133333	G3	55	58	953	165.799946	G3	55	67	
972	220.519792	Bb5	82	96	958	166.060815	Bb5	82	87	
973	220.691667	F3	53	83	960	166.376604	F3	53	75	
974	220.868750	C4	60	83	963	166.376604	C4	60	75	
975	221.001042	Eb4	63	83	965	166.376604	Eb4	63	75	
976	221.145833	C6	84	91	961	166.376604	C6	84	92	
977	221.151042	A5	81	80	962	166.376604	A5	81	92	
978	221.180208	C5	72	80	964	166.376604	C5	72	75	
979	221.216667	A4	69	82	966	166.376604	A4	69	75	
980	221.779167	A5	81	82	968	166.709937	A5	81	84	
981	221.796875	F5	77	74	967	166.709937	F5	77	84	
982	222.275000	G5	79	78	972	167.126604	G5	79	76	
983	222.277083	G4	67	68	971	167.126604	G4	67	60	
984	222.284375	C5	72	63	970	167.126604	C5	72	60	
985	222.286458	Eb5	75	68	974	167.126604	Eb5	75	76	
986	222.295833	C4	60	55	969	167.126604	C4	60	60	
987	222.316667	Eb4	63	56	973	167.126604	Eb4	63	60	
988	222.322917	G3	55	47	975	167.126604	G3	55	60	
989	222.794792	C5	72	61	976	167.543270	C5	72	68	
990	222.794792	Eb5	75	66	977	167.543270	Eb5	75	68	
991	223.305208	Eb4	63	75	978	168.004808	Eb4	63	75	
992	223.737500	F4	65	48	979	168.466346	F4	65	60	
993	223.945833	G4	67	55	980	168.619407	G4	67	60	
994	224.171875	F4	65	42	981	168.772468	F4	65	60	
995	224.172917	A4	69	60	983	168.772468	A4	69	60	
996	224.176042	D4	62	55	982	168.772468	D4	62	60	
997	224.917708	C4	60	63	984	169.410765	C4	60	60	
998	225.287500	Bb4	70	78	985	169.729914	Bb4	70	60	
999	225.316667	G4	67	57	986	169.729914	G4	67	60	
1000	225.685417	C5	72	72	987	170.036035	C5	72	60	
1001	225.706250	Bb3	58	61	989	170.036035	Bb3	58	60	
1002	225.713542	A4	69	60	988	170.036035	A4	69	60	
1003	226.110417	D5	74	76	990	170.324497	D5	74	60	
1004	226.115625	Bb4	70	74	991	170.324497	Bb4	70	60	
1005	226.505208	Eb5	75	83	994	170.594767	Eb5	75	60	
1006	226.509375	Eb4	63	71	995	170.594767	Eb4	63	60	
1007	226.510417	F4	65	64	993	170.594767	F4	65	60	
1008	226.514583	C5	72	64	992	170.594767	C5	72	60	
1009	226.515625	C4	60	70	997	170.594767	C4	60	60	
1010	226.516667	A3	57	66	996	170.594767	A3	57	60	
1011	226.935417	F5	77	80	998	170.836702	F5	77	60	
1012	226.940625	D5	74	79	999	170.836702	D5	74	60	
1013	227.313542	G5	79	85	1002	171.152491	G5	79	60	
1014	227.333333	Eb5	75	73	1005	171.152491	Eb5	75	60	
1015	227.347917	G4	67	75	1003	171.152491	G4	67	63	
1016	227.355208	C4	60	66	1004	171.152491	C4	60	63	
1017	227.358333	G3	55	64	1000	171.152491	G3	55	63	
1018	227.360417	Eb4	63	66	1001	171.152491	Eb4	63	63	
1019	227.789583	Bb5	82	91	1007	171.413361	Bb5	82	60	
1020	227.811458	G5	79	75	1008	171.413361	G5	79	60	
1021	227.953125	F3	53	85	1009	171.729150	F3	53	67	
1022	228.108333	C4	60	78	1014	171.729150	C4	60	67	
1023	228.228125	Eb4	63	86	1011	171.729150	Eb4	63	67	
1024	228.338542	C6	84	87	1012	171.729150	C6	84	60	
1025	228.384375	Eb5	75	74	1013	171.729150	E5	76	67	
1026	228.426042	A4	69	79	1015	171.729150	A4	69	75	
1027	228.940625	A5	81	85	1017	172.051730	A5	81	68	
1028	228.956250	F4	65	82	1016	172.051730	F4	65	75	
1029	229.395833	Bb5	82	95	1019	172.348760	Bb5	82	76	
1030	229.404167	G4	67	91	1018	172.348760	G4	67	75	
1031	229.940625	C6	84	99	1020	172.682093	C6	84	84	
1032	230.003125	A4	69	92	1021	172.682093	A4	69	75	
1033	230.787500	D5	74	75	1024	173.129854	D5	74	75	
1034	230.790625	F5	77	79	1023	173.129854	F5	77	75	
1035	230.807292	Bb1	34	71	1022	173.129854	Bb1	34	75	
1036	230.807292	F2	41	58	1025	173.129854	F2	41	75	
1037	231.343750	A5	81	78	1026	173.656169	A5	81	92	
1038	231.733333	Bb5	82	94	1027	173.968669	Bb5	82	92	
1039	232.112500	C6	84	98	1028	174.238939	C6	84	92	
1040	232.473958	F3	53	63	1029	174.502097	F3	53	60	
1041	232.852083	A5	81	83	1030	174.765254	A5	81	92	
1042	232.853125	F4	65	66	1031	174.765254	F4	65	60	
1043	233.245833	Bb5	82	95	1032	175.035524	Bb5	82	92	
1044	233.597917	C6	84	94	1033	175.275524	C6	84	92	
1045	233.977083	E5	76	80	1034	175.515524	E5	76	75	
1046	233.994792	C#5	73	79	1036	175.515524	C#5	73	75	
1047	234.004167	F4	65	63	1035	175.515524	F4	65	60	
1048	234.393750	Bb5	82	89	1037	175.801238	Bb5	82	92	
1049	234.563542	A5	81	86	1039	175.936373	A5	81	92	
1050	234.795833	G5	79	78	1040	176.071508	G5	79	92	
1051	235.146875	A5	81	85	1041	176.293730	A5	81	92	
1052	235.521875	Bb5	82	87	1042	176.535665	Bb5	82	92	
1053	235.534375	F3	53	65	1043	176.535665	F3	53	60	
1054	235.859375	G5	79	82	1045	176.785665	G5	79	92	
1055	235.905208	F4	65	58	1044	176.785665	F4	65	60	
1056	236.239583	A5	81	89	1046	177.016434	A5	81	92	
1057	236.617708	Bb5	82	99	1047	177.247203	Bb5	82	92	
1058	237.120833	C6	84	96	1051	177.553325	C6	84	92	
1059	237.143750	D5	74	79	1048	177.553325	D5	74	75	
1060	237.144792	Bb1	34	75	1049	177.553325	Bb1	34	75	
1061	237.145833	F2	41	68	1050	177.553325	F2	41	75	
1062	237.614583	A5	81	90	1053	178.079641	A5	81	92	
1063	237.984375	Bb5	82	94	1054	178.392141	Bb5	82	92	
1064	238.364583	C6	84	98	1055	178.662411	C6	84	92	
1065	238.711458	F3	53	79	1056	178.925568	F3	53	60	
1066	239.073958	A5	81	87	1057	179.188726	A5	81	92	
1067	239.086458	F4	65	83	1058	179.188726	F4	65	60	
1068	239.475000	Bb5	82	97	1059	179.458996	Bb5	82	92	
1069	239.888542	C6	84	92	1060	179.698996	C6	84	92	
1070	240.338542	E5	76	82	1061	179.938996	E5	76	75	
1071	240.367708	F4	65	75	1062	179.938996	F4	65	60	
1072	240.368750	C#5	73	71	1063	179.938996	C#5	73	75	
1073	240.802083	Bb5	82	92	1064	180.224710	Bb5	82	92	
1074	240.813542	F5	77	74	1065	180.224710	F5	77	60	
1075	240.957292	A5	81	89	1066	180.359845	A5	81	92	
1076	241.140625	G5	79	90	1067	180.494980	G5	79	92	
1077	241.539583	A5	81	95	1068	180.717202	A5	81	92	
1078	241.985417	Bb5	82	88	1069	180.959137	Bb5	82	92	
1079	242.497917	G4	67	83	1070	181.209137	G4	67	60	
1080	242.966667	A4	69	83	1071	181.423422	A4	69	60	
1081	243.525000	Bb4	70	53	1072	181.673422	Bb4	70	60	
1082	244.391667	E5	76	71	1076	182.108205	E5	76	45	
1083	244.415625	B4	71	62	1073	182.108205	B4	71	45	
1084	244.441667	E1	28	58	1075	182.108205	A1	33	45	
1085	244.443750	C#5	73	54	1077	182.108205	C#5	73	45	
1086	244.445833	E2	40	57	1074	182.108205	E2	40	45	
1087	244.912500	G#4	68	68	1078	182.600008	G#4	68	45	
1088	245.305208	A4	69	66	1079	182.870278	A4	69	45	
1089	245.648958	B4	71	64	1080	183.120278	B4	71	45	
1090	245.650000	G#4	68	50	*	-1	*	-1	-1	
1091	246.062500	E3	52	39	1081	183.351047	E3	52	30	
1092	246.410417	G#4	68	63	1082	183.555128	G#4	68	45	
1093	246.440625	E4	64	43	1083	183.555128	E4	64	30	
1094	246.831250	A4	69	67	1084	183.825398	A4	69	45	
1095	247.234375	B4	71	50	1085	184.039684	B4	71	45	
1096	247.704167	Eb5	75	62	1086	184.289684	Eb5	75	45	
1097	247.706250	C5	72	53	1088	184.289684	C5	72	45	
1098	247.737500	F#6	90	72	1087	184.289684	F#6	90	75	
1099	248.103125	A4	69	68	1089	184.634511	A4	69	45	
1100	248.284375	G#4	68	59	1090	184.773400	G#4	68	45	
1101	248.498958	F#4	66	63	1092	184.912289	F#4	66	45	
1102	248.506250	Eb6	87	66	1091	184.912289	Eb6	87	75	
1103	248.834375	G#4	68	66	1093	185.180146	G#4	68	45	
1104	249.244792	C6	84	66	1095	185.448003	C6	84	75	
1105	249.247917	A4	69	59	1094	185.448003	A4	69	45	
1106	249.635417	F#4	66	46	1096	185.706623	F#4	66	45	
1107	249.989583	G#4	68	63	1098	185.965244	G#4	68	45	
1108	249.993750	A5	81	61	1097	185.965244	A5	81	75	
1109	250.378125	A4	69	60	1099	186.223864	A4	69	45	
1110	250.843750	C#5	73	57	1100	186.509578	C#5	73	45	
1111	250.843750	E5	76	66	1101	186.509578	E5	76	45	
1112	250.876042	G#4	68	53	*	-1	*	-1	-1	
1113	250.880208	E1	28	55	1104	186.509578	A1	33	45	
1114	250.881250	E2	40	54	1102	186.509578	E2	40	45	
1115	250.884375	B4	71	54	1103	186.509578	B4	71	45	
1116	251.294792	G#4	68	69	1105	187.001381	G#4	68	45	
1117	251.665625	A4	69	67	1106	187.271651	A4	69	45	
1118	252.035417	B4	71	71	1107	187.521651	B4	71	45	
1119	252.394792	E3	52	48	1108	187.752420	E3	52	30	
1120	252.769792	E4	64	54	1109	187.956502	E4	64	30	
1121	252.770833	G#4	68	62	1110	187.956502	G#4	68	45	
1122	253.144792	A4	69	65	1111	188.226772	A4	69	45	
1123	253.541667	B4	71	58	1112	188.441057	B4	71	45	
1124	253.925000	Eb5	75	65	1115	188.691057	Eb5	75	45	
1125	253.938542	F#4	66	65	1114	188.691057	F#4	66	45	
1126	253.975000	C5	72	42	1113	188.691057	C5	72	45	
1127	254.331250	A4	69	61	1116	189.035885	A4	69	45	
1128	254.494792	G#4	68	60	1117	189.174773	G#4	68	45	
1129	254.696875	Eb4	63	61	1118	189.313662	Eb4	63	45	
1130	254.697917	F#4	66	55	1119	189.313662	F#4	66	45	
1131	255.053125	G#4	68	66	1120	189.581519	G#4	68	45	
1132	255.433333	A4	69	58	1121	189.849376	A4	69	45	
1133	255.445833	C4	60	52	1122	189.849376	C4	60	45	
1134	255.803125	F#4	66	61	1123	190.107997	F#4	66	45	
1135	256.045833	G#4	68	35	*	-1	*	-1	-1	
1136	256.178125	G#4	68	60	1124	190.366617	G#4	68	45	
1137	256.225000	A3	57	43	1125	190.366617	A3	57	45	
1138	256.571875	A4	69	51	1126	190.625238	A4	69	45	
1139	257.151042	Bb5	82	73	1128	190.910952	Bb5	82	45	
1140	257.166667	Bb4	70	66	1131	190.910952	Bb4	70	45	
1141	257.169792	D5	74	56	1132	190.910952	D5	74	45	
1142	257.175000	E5	76	53	1130	190.910952	E5	76	45	
1143	257.216667	G1	31	47	1129	190.910952	G1	31	45	
1144	257.218750	G2	43	45	1127	190.910952	G2	43	45	
1145	257.676042	G4	67	64	1133	191.259789	G4	67	47	
1146	258.071875	A5	81	73	1138	191.608626	A5	81	50	
1147	258.079167	A4	69	66	1136	191.608626	A4	69	50	
1148	258.131250	C2	36	48	1140	191.608626	C2	36	52	
1149	258.134375	C3	48	53	1135	191.608626	C3	48	52	
1150	258.485417	Bb5	82	77	1142	191.899888	Bb5	82	53	
1151	258.493750	Bb4	70	71	1141	191.899888	Bb4	70	53	
1152	258.865625	E5	76	62	1145	192.191150	E5	76	59	
1153	258.867708	D5	74	58	1144	192.191150	D5	74	59	
1154	258.873958	G3	55	53	1147	192.191150	G3	55	59	
1155	258.884375	G1	31	51	*	-1	*	-1	-1	
1156	258.884375	G2	43	55	1143	192.191150	G2	43	59	
1157	259.258333	G5	79	69	1149	192.474168	G5	79	59	
1158	259.264583	G4	67	60	1150	192.474168	G4	67	59	
1159	259.635417	A5	81	75	1155	192.757187	A5	81	62	
1160	259.652083	C4	60	61	1152	192.757187	C4	60	67	
1161	259.654167	A4	69	63	1151	192.757187	A4	69	62	
1162	259.664583	C3	48	56	1156	192.757187	C3	48	67	
1163	259.666667	E5	76	43	1154	192.757187	E5	76	67	
1164	260.047917	Bb5	82	80	1157	193.090520	Bb5	82	65	
1165	260.072917	Bb4	70	73	1158	193.090520	Bb4	70	65	
1166	260.612500	Bb5	82	81	1161	193.423853	Bb5	82	75	
1167	260.640625	Bb4	70	77	1160	193.423853	Bb4	70	75	
1168	260.643750	D5	74	57	1159	193.423853	D5	74	68	
1169	260.646875	D4	62	61	1163	193.423853	D4	62	75	
1170	260.664583	Bb3	58	57	1162	193.423853	Bb3	58	75	
1171	261.071875	F5	77	71	1166	194.076026	F5	77	71	
1172	261.073958	F4	65	75	1165	194.076026	F4	65	75	
1173	261.805208	E5	76	62	1167	194.642063	E5	76	77	
1174	261.807292	E4	64	62	1168	194.642063	E4	64	75	
1175	261.971875	F5	77	67	1170	194.777198	F5	77	78	
1176	261.994792	F4	65	74	1169	194.777198	F4	65	75	
1177	262.172917	D4	62	73	1171	194.912333	D4	62	75	
1178	262.175000	D5	74	67	1172	194.912333	D5	74	79	
1179	262.555208	C4	60	80	1174	195.154268	C4	60	75	
1180	262.556250	C5	72	72	1173	195.154268	C5	72	82	
1181	262.711458	D5	74	71	1175	195.279268	D5	74	83	
1182	262.750000	D4	62	78	1176	195.279268	D4	62	75	
1183	262.945833	Bb4	70	78	1177	195.404268	Bb4	70	84	
1184	262.946875	Bb3	58	83	1178	195.404268	Bb3	58	75	
1185	263.302083	D4	62	82	1180	195.635037	D4	62	75	
1186	263.305208	D5	74	71	1179	195.635037	D5	74	88	
1187	263.761458	Bb5	82	81	1185	195.950826	Bb5	82	75	
1188	263.784375	Bb4	70	69	1183	195.950826	Bb4	70	75	
1189	263.785417	D5	74	63	1186	195.950826	D5	74	60	
1190	263.794792	E5	76	68	1182	195.950826	E5	76	60	
1191	263.842708	G1	31	58	1184	195.950826	G1	31	60	
1192	263.843750	G2	43	58	1181	195.950826	G2	43	60	
1193	264.216667	G4	67	70	1188	196.299663	G4	67	75	
1194	264.222917	G5	79	63	1187	196.299663	G5	79	75	
1195	264.570833	A5	81	80	1191	196.648500	A5	81	75	
1196	264.581250	A4	69	66	1190	196.648500	A4	69	75	
1197	264.593750	E5	76	60	1194	196.648500	E5	76	60	
1198	264.607292	C2	36	62	1192	196.648500	C2	36	60	
1199	264.613542	C3	48	60	1193	196.648500	C3	48	60	
1200	264.962500	Bb5	82	94	1196	196.939762	Bb5	82	75	
1201	264.972917	Bb4	70	84	1195	196.939762	Bb4	70	75	
1202	265.344792	G3	55	74	1199	197.231024	G3	55	60	
1203	265.344792	E5	76	69	1200	197.231024	E5	76	60	
1204	265.353125	G2	43	74	1201	197.231024	G2	43	60	
1205	265.354167	D5	74	72	1198	197.231024	D5	74	60	
1206	265.713542	G5	79	85	1203	197.514043	G5	79	83	
1207	265.734375	G4	67	60	1204	197.514043	G4	67	83	
1208	266.072917	A5	81	83	1210	197.797061	A5	81	91	
1209	266.100000	E5	76	64	1206	197.797061	E5	76	76	
1210	266.102083	C4	60	85	1209	197.797061	C4	60	76	
1211	266.104167	C3	48	78	1208	197.797061	C3	48	76	
1212	266.104167	A4	69	69	1207	197.797061	A4	69	91	
1213	266.526042	Bb5	82	95	1212	198.130394	Bb5	82	99	
1214	266.562500	Bb4	70	76	1211	198.130394	Bb4	70	99	
1215	267.096875	Bb5	82	89	1213	198.463727	Bb5	82	92	
1216	267.119792	Bb4	70	73	1214	198.463727	Bb4	70	92	
1217	267.120833	D4	62	68	1217	198.463727	D4	62	92	
1218	267.122917	D5	74	66	1216	198.463727	D5	74	108	
1219	267.125000	G3	55	63	1215	198.463727	G3	55	92	
1220	267.130208	Bb3	58	69	1218	198.463727	Bb3	58	92	
1221	267.583333	F5	77	80	1219	199.115901	F5	77	108	
1222	267.586458	F4	65	87	1220	199.115901	F4	65	92	
1223	268.310417	E5	76	72	1222	199.681938	E5	76	108	
1224	268.329167	E4	64	70	1221	199.681938	E4	64	92	
1225	268.492708	F5	77	78	1224	199.817073	F5	77	108	
1226	268.495833	F4	65	71	1223	199.817073	F4	65	92	
1227	268.683333	D4	62	85	1225	199.952208	D4	62	92	
1228	268.690625	D5	74	74	1226	199.952208	D5	74	108	
1229	269.063542	C5	72	66	1227	200.194143	C5	72	108	
1230	269.065625	C4	60	79	1228	200.194143	C4	60	92	
1231	269.214583	D5	74	73	1230	200.319143	D5	74	108	
1232	269.222917	D4	62	79	1229	200.319143	D4	62	92	
1233	269.427083	Bb3	58	87	1232	200.444143	Bb3	58	92	
1234	269.428125	Bb4	70	87	1231	200.444143	Bb4	70	108	
1235	269.792708	D5	74	77	1233	200.674912	D5	74	108	
1236	269.808333	D4	62	75	1234	200.674912	D4	62	92	
1237	270.181250	F5	77	81	1238	200.990701	F5	77	108	
1238	270.182292	D5	74	81	1236	200.990701	D5	74	92	
1239	270.186458	Bb3	58	87	1239	200.990701	Bb3	58	92	
1240	270.192708	D4	62	78	1240	200.990701	D4	62	92	
1241	270.193750	F4	65	81	1237	200.990701	F4	65	92	
1242	270.603125	A5	81	93	1241	201.642874	A5	81	108	
1243	270.625000	A4	69	91	1242	201.642874	A4	69	92	
1244	271.404167	G4	67	80	1243	202.208911	G4	67	92	
1245	271.404167	G5	79	82	1244	202.208911	G5	79	108	
1246	271.610417	A4	69	82	1245	202.344046	A4	69	92	
1247	271.622917	A5	81	75	1246	202.344046	A5	81	108	
1248	271.807292	F5	77	87	1248	202.479181	F5	77	108	
1249	271.816667	F4	65	80	1247	202.479181	F4	65	92	
1250	272.195833	E4	64	82	1250	202.721116	E4	64	92	
1251	272.198958	E5	76	73	1249	202.721116	E5	76	108	
1252	272.347917	F4	65	80	1252	202.846116	F4	65	92	
1253	272.404167	F5	77	86	1251	202.846116	F5	77	108	
1254	272.593750	D5	74	87	1254	202.971116	D5	74	108	
1255	272.594792	D4	62	92	1253	202.971116	D4	62	92	
1256	273.061458	F5	77	88	1256	203.201885	F5	77	108	
1257	273.077083	F4	65	90	1255	203.201885	F4	65	92	
1258	273.787500	C4	60	78	1260	203.517674	C4	60	92	
1259	273.795833	F4	65	75	1261	203.517674	F4	65	92	
1260	273.795833	G4	67	78	1262	203.517674	G4	67	92	
1261	273.797917	C6	84	91	1258	203.517674	C6	84	108	
1262	273.821875	Bb4	70	87	1259	203.517674	Bb4	70	92	
1263	273.833333	D4	62	61	1257	203.517674	D4	62	92	
1264	274.046875	D6	86	88	1263	203.755769	D6	86	75	
1265	274.154167	C6	84	82	1264	203.835134	C6	84	75	
1266	274.234375	D6	86	87	1265	203.914499	D6	86	75	
1267	274.320833	C6	84	79	1266	203.993864	C6	84	75	
1268	274.404167	D6	86	89	1267	204.073229	D6	86	75	
1269	274.475000	C6	84	72	1268	204.152594	C6	84	75	
1270	274.565625	D6	86	79	1269	204.231959	D6	86	75	
1271	274.722917	D6	86	89	1271	204.390689	D6	86	75	
1272	274.730208	G3	55	87	1273	204.470054	G3	55	92	
1273	274.782292	C6	84	79	1275	204.610899	C6	84	75	
1274	274.885417	D6	86	88	1276	204.681322	D6	86	75	
1275	275.026042	D6	86	90	1278	204.822167	D6	86	77	
1276	275.082292	C6	84	66	1279	204.892589	C6	84	77	
1277	275.176042	D6	86	85	1280	204.963012	D6	86	78	
1278	275.331250	D6	86	76	1282	205.103857	D6	86	80	
1279	275.390625	C6	84	69	1283	205.174279	C6	84	81	
1280	275.477083	D6	86	86	1284	205.244702	D6	86	82	
1281	275.539583	C6	84	64	1286	205.315124	C6	84	83	
1282	275.587500	C4	60	93	1285	205.315124	C4	60	92	
1283	275.635417	D6	86	85	1287	205.380059	D6	86	84	
1284	275.706250	C6	84	72	1288	205.444994	C6	84	85	
1285	275.803125	D6	86	86	1289	205.509929	D6	86	86	
1286	275.868750	C6	84	71	1290	205.574864	C6	84	87	
1287	275.959375	D6	86	95	1291	205.639799	D6	86	88	
1288	276.053125	C6	84	76	1292	205.704734	C6	84	89	
1289	276.126042	D6	86	94	1293	205.769669	D6	86	90	
1290	276.211458	C6	84	82	1294	205.834604	C6	84	91	
1291	276.282292	D6	86	90	*	-1	*	-1	-1	
1292	276.360417	C6	84	76	*	-1	*	-1	-1	
1293	276.446875	D6	86	94	1295	205.899539	D6	86	92	
1294	276.525000	C6	84	83	1296	205.964474	C6	84	93	
1295	276.612500	D6	86	96	1297	206.029409	D6	86	94	
1296	276.639583	C3	48	88	1299	206.094344	C3	48	92	
1297	276.697917	C6	84	87	1298	206.094344	C6	84	95	
1298	276.789583	D6	86	93	1300	206.173709	D6	86	96	
1299	276.878125	C6	84	79	1301	206.253074	C6	84	97	
1300	276.962500	D6	86	84	1302	206.332439	D6	86	98	
1301	277.042708	C6	84	79	1303	206.411804	C6	84	99	
1302	277.113542	D6	86	85	1304	206.491169	D6	86	100	
1303	277.264583	C6	84	97	1305	206.570534	C6	84	101	
1304	277.426042	D6	86	99	1306	206.642649	D6	86	102	
1305	277.576042	E6	88	108	1307	206.714765	E6	88	104	
1306	277.755208	F6	89	106	1308	206.786880	F6	89	106	
1307	278.001042	G6	91	104	1309	206.858996	G6	91	108	
1308	278.020833	F1	29	100	1310	206.858996	F1	29	92	
1309	278.487500	F2	41	88	1311	207.192329	F2	41	92	
1310	278.489583	F1	29	83	*	-1	*	-1	-1	
1311	278.964583	C3	48	97	1312	207.525662	C3	48	92	
1312	278.967708	F2	41	75	*	-1	*	-1	-1	
1313	279.396875	C3	48	91	1313	207.858995	C3	48	92	
1314	280.014583	G3	55	87	1319	208.192328	G3	55	92	
1315	280.025000	Bb3	58	82	1314	208.192328	Bb3	58	92	
1316	280.026042	G5	79	84	1320	208.192328	G5	79	108	
1317	280.034375	G4	67	81	1318	208.192328	G4	67	92	
1318	280.035417	D5	74	81	1317	208.192328	D5	74	92	
1319	280.036458	Bb4	70	87	1316	208.192328	Bb4	70	92	
1320	280.051042	D4	62	84	1315	208.192328	D4	62	92	
1321	281.618750	A5	81	85	1321	209.692326	A5	81	75	
1322	281.820833	Bb5	82	92	1322	209.879826	Bb5	82	74	
1323	282.004167	A5	81	88	1323	210.067326	A5	81	73	
1324	282.166667	G5	79	94	1324	210.254826	G5	79	72	
1325	282.336458	A5	81	90	1325	210.377777	A5	81	71	
1326	282.520833	G5	79	92	1326	210.500728	G5	79	70	
1327	282.704167	F5	77	94	1327	210.623678	F5	77	69	
1328	282.894792	D5	74	86	1328	210.746629	D5	74	68	
1329	283.083333	F5	77	94	1329	210.853772	F5	77	67	
1330	283.271875	D5	74	94	1330	210.960915	D5	74	66	
1331	283.454167	C5	72	86	1331	211.068057	C5	72	65	
1332	283.661458	Bb4	70	85	1332	211.175200	Bb4	70	64	
1333	283.917708	G4	67	75	1333	211.325200	G4	67	63	
1334	284.180208	D4	62	69	1334	211.475200	D4	62	62	
1335	284.464583	E4	64	72	1335	211.625200	E4	64	61	
1336	284.885417	F2	41	42	1338	211.775200	F2	41	45	
1337	285.036458	C#3	49	64	1339	211.775200	C#3	49	45	
1338	285.036458	G4	67	78	1340	211.775200	G4	67	60	
1339	285.040625	C#4	61	79	1336	211.775200	C#4	61	60	
1340	285.160417	A3	57	65	1337	211.775200	A3	57	45	
1341	285.346875	F4	65	74	1341	211.905635	F4	65	60	
1342	285.542708	G4	67	80	1342	212.036070	G4	67	60	
1343	285.733333	A4	69	79	1343	212.166504	A4	69	60	
1344	285.912500	G4	67	85	1344	212.296939	G4	67	60	
1345	286.683333	D4	62	58	1346	213.118856	D4	62	60	
1346	286.703125	F3	53	64	1345	213.118856	F3	53	45	
1347	286.725000	Bb2	46	67	1347	213.118856	Bb2	46	45	
1348	286.895833	F4	65	59	1348	213.346129	F4	65	60	
1349	287.084375	G4	67	67	1349	213.464239	G4	67	60	
1350	287.234375	A4	69	72	1350	213.582349	A4	69	60	
1351	287.427083	C5	72	87	1351	213.700459	C5	72	60	
1352	287.594792	A4	69	71	1352	213.823409	A4	69	60	
1353	287.776042	G4	67	84	1353	213.946360	G4	67	60	
1354	287.941667	F4	65	75	1354	214.069311	F4	65	60	
1355	288.036458	G4	67	44	*	-1	*	-1	-1	
1356	288.120833	Eb4	63	87	1355	214.192262	Eb4	63	60	
1357	288.140625	G4	67	74	1358	214.192262	G4	67	60	
1358	288.155208	A3	57	67	1356	214.192262	A3	57	45	
1359	288.160417	C3	48	70	1357	214.192262	C3	48	45	
1360	288.334375	F4	65	70	1359	214.322696	F4	65	60	
1361	288.490625	G4	67	85	1360	214.453131	G4	67	60	
1362	288.664583	A4	69	79	1361	214.583566	A4	69	60	
1363	288.896875	G4	67	79	1362	214.714001	G4	67	60	
1364	289.794792	D3	50	63	1364	215.535918	D3	50	45	
1365	289.796875	D4	62	62	1363	215.535918	D4	62	60	
1366	290.006250	F4	65	62	1365	215.763190	F4	65	60	
1367	290.185417	G4	67	75	1366	215.881300	G4	67	60	
1368	290.415625	A4	69	72	1367	215.999410	A4	69	60	
1369	290.665625	D5	74	73	1368	216.117520	D5	74	60	
1370	290.894792	A4	69	72	1369	216.240471	A4	69	60	
1371	291.156250	G4	67	72	1370	216.363422	G4	67	60	
1372	291.410417	F4	65	73	1371	216.486372	F4	65	60	
1373	291.763542	F3	53	47	1375	216.609323	F3	53	45	
1374	291.802083	Bb2	46	59	1374	216.609323	Bb2	46	45	
1375	291.815625	Bb3	58	55	1373	216.609323	Bb3	58	45	
1376	291.826042	D4	62	65	1372	216.609323	D4	62	60	
1377	292.218750	Bb4	70	80	1376	216.724708	Bb4	70	63	
1378	292.525000	D5	74	76	1377	216.840092	D5	74	67	
1379	292.734375	F5	77	90	1378	216.955477	F5	77	71	
1380	292.947917	A5	81	92	1380	217.070861	A5	81	75	
1381	292.954167	D5	74	73	1379	217.070861	D5	74	60	
1382	292.995833	Bb3	58	78	1382	217.070861	Bb3	58	45	
1383	292.995833	F4	65	78	1381	217.070861	F4	65	45	
1384	293.844792	C5	72	79	1383	217.793752	C5	72	60	
1385	293.876042	E4	64	77	1384	217.793752	E4	64	45	
1386	294.223958	G5	79	84	1385	218.079466	G5	79	75	
1387	294.646875	F5	77	82	1386	218.365180	F5	77	75	
1388	294.681250	D4	62	79	1387	218.365180	D4	62	45	
1389	295.148958	G5	79	88	1389	218.615180	G5	79	75	
1390	295.196875	E4	64	70	1388	218.615180	E4	64	45	
1391	295.604167	A3	57	74	1390	218.865180	A3	57	45	
1392	295.823958	F4	65	67	1391	218.990180	F4	65	45	
1393	295.847917	F5	77	74	1392	218.990180	F5	77	75	
1394	296.014583	G4	67	71	1394	219.115180	G4	67	45	
1395	296.076042	E5	76	73	1393	219.115180	E5	76	75	
1396	296.265625	G5	79	86	1395	219.240180	G5	79	75	
1397	296.273958	A4	69	57	1396	219.240180	A4	69	45	
1398	296.489583	F5	77	79	1397	219.365180	F5	77	75	
1399	296.542708	D4	62	82	1398	219.365180	D4	62	45	
1400	296.875000	Bb4	70	78	1399	219.615180	Bb4	70	60	
1401	297.103125	A4	69	81	1400	219.740180	A4	69	60	
1402	297.297917	Bb4	70	82	1402	219.865180	Bb4	70	60	
1403	297.341667	G3	55	62	1401	219.865180	G3	55	45	
1404	297.763542	E5	76	75	1404	220.191267	E5	76	68	
1405	297.794792	E4	64	65	1403	220.191267	E4	64	45	
1406	298.315625	D5	74	68	1408	220.517353	D5	74	61	
1407	298.329167	F4	65	68	1405	220.517353	F4	65	61	
1408	298.333333	Bb4	70	60	1407	220.517353	Bb4	70	60	
1409	298.334375	C3	48	63	1406	220.517353	C3	48	45	
1410	298.980208	C5	72	59	1410	221.053067	C5	72	53	
1411	298.983333	E4	64	57	1409	221.053067	E4	64	53	
1412	299.853125	F1	29	96	1411	221.437682	F1	29	92	
1413	300.266667	F2	41	92	1412	221.771015	F2	41	92	
1414	300.636458	C3	48	91	1413	222.104348	C3	48	92	
1415	301.093750	C3	48	91	1414	222.437681	C3	48	92	
1416	301.605208	G5	79	85	1416	222.771014	G5	79	108	
1417	301.615625	D5	74	76	1417	222.771014	D5	74	60	
1418	301.631250	Bb4	70	87	1415	222.771014	Bb4	70	60	
1419	301.634375	G3	55	82	1418	222.771014	G3	55	92	
1420	301.634375	Bb3	58	81	1421	222.771014	Bb3	58	92	
1421	301.664583	D4	62	79	1420	222.771014	D4	62	92	
1422	303.426042	A5	81	94	1422	224.271013	A5	81	75	
1423	303.737500	Bb5	82	99	1423	224.485298	Bb5	82	74	
1424	303.964583	A5	81	100	1424	224.620433	A5	81	73	
1425	304.171875	G5	79	94	1425	224.755568	G5	79	72	
1426	304.331250	A5	81	97	1426	224.894457	A5	81	71	
1427	304.526042	G5	79	91	1427	225.033346	G5	79	70	
1428	304.711458	F5	77	92	1428	225.158346	F5	77	69	
1429	304.911458	D5	74	82	1429	225.283346	D5	74	68	
1430	305.108333	F5	77	80	1430	225.408346	F5	77	67	
1431	305.307292	D5	74	81	1431	225.533346	D5	74	66	
1432	305.493750	C5	72	76	1432	225.658346	C5	72	65	
1433	305.711458	Bb4	70	75	1433	225.783346	Bb4	70	64	
1434	305.961458	G4	67	75	1434	225.941240	G4	67	63	
1435	306.217708	D4	62	72	1435	226.099135	D4	62	62	
1436	306.546875	E4	64	77	1436	226.316526	E4	64	61	
1437	307.155208	G4	67	74	1439	226.533917	G4	67	60	
1438	307.156250	D4	62	73	1440	226.533917	D4	62	45	
1439	307.255208	D3	50	65	1437	226.533917	D3	50	45	
1440	307.255208	A3	57	71	1438	226.533917	A3	57	45	
1441	307.457292	F4	65	80	1441	226.975093	F4	65	60	
1442	307.675000	G4	67	84	1442	227.128154	G4	67	60	
1443	307.846875	A4	69	86	1443	227.281215	A4	69	60	
1444	308.046875	G4	67	89	1444	227.539836	G4	67	60	
1445	308.626042	G2	43	71	1445	228.109456	G2	43	45	
1446	308.776042	D3	50	61	1446	228.336728	D3	50	45	
1447	308.966667	Bb3	58	85	1447	228.564001	Bb3	58	45	
1448	309.115625	F4	65	70	1448	229.189001	F4	65	60	
1449	309.295833	G4	67	73	1449	229.489001	G4	67	60	
1450	309.467708	A4	69	75	1450	229.789001	A4	69	60	
1451	309.639583	C5	72	84	1451	230.089001	D5	74	60	
1452	309.826042	A4	69	79	1452	230.237516	A4	69	60	
1453	310.005208	G4	67	90	1453	230.386030	G4	67	60	
1454	310.183333	F4	65	75	1454	230.534545	F4	65	60	
1455	310.383333	G4	67	83	1455	230.683060	G4	67	60	
1456	310.393750	D4	62	73	1457	230.683060	D4	62	45	
1457	310.394792	A3	57	76	1458	230.683060	A3	57	45	
1458	310.400000	D3	50	72	1456	230.683060	D3	50	45	
1459	310.593750	F4	65	77	1459	230.831575	F4	65	60	
1460	310.816667	G4	67	85	1460	230.984636	G4	67	60	
1461	311.032292	A4	69	82	1461	231.137697	A4	69	60	
1462	311.295833	G4	67	89	1462	231.396317	G4	67	60	
1463	311.980208	G2	43	66	1463	231.965937	G2	43	45	
1464	312.146875	D3	50	60	1464	232.193209	D3	50	45	
1465	312.347917	B3	59	76	1465	232.420482	B3	59	45	
1466	312.643750	F4	65	67	1466	233.045482	F4	65	60	
1467	312.919792	G4	67	69	1467	233.345482	G4	67	60	
1468	313.145833	A4	69	73	1468	233.645482	A4	69	60	
1469	313.384375	D5	74	76	1469	233.945482	D5	74	60	
1470	313.635417	A4	69	71	1470	234.093997	A4	69	60	
1471	313.865625	G4	67	68	1471	234.242512	G4	67	60	
1472	314.166667	F4	65	57	1472	234.403802	F4	65	60	
1473	314.483333	E5	76	73	1473	234.565092	E5	76	60	
1474	314.523958	C3	48	62	1474	234.565092	C3	48	60	
1475	314.531250	C2	36	72	1475	234.565092	C2	36	60	
1476	314.854167	Bb4	70	76	1476	234.922235	Bb4	70	61	
1477	315.109375	A4	69	72	1477	235.185393	A4	69	61	
1478	315.346875	G4	67	80	1478	235.448550	G4	67	62	
1479	315.566667	A3	57	66	1479	235.711708	A3	57	48	
1480	315.566667	C4	60	69	1481	235.711708	C4	60	48	
1481	315.571875	F5	77	72	1480	235.711708	F5	77	63	
1482	315.800000	C5	72	75	1482	235.935589	C5	72	64	
1483	315.994792	Bb4	70	79	1484	236.159469	Bb4	70	65	
1484	316.021875	D4	62	65	1485	236.159469	D4	62	49	
1485	316.021875	F4	65	67	1483	236.159469	F4	65	49	
1486	316.175000	A4	69	70	1486	236.383350	A4	69	66	
1487	316.393750	G5	79	81	1487	236.607230	G5	79	67	
1488	316.405208	Bb3	58	75	1488	236.607230	Bb3	58	51	
1489	316.411458	D4	62	69	1489	236.607230	D4	62	51	
1490	316.593750	D5	74	72	1490	236.787953	D5	74	68	
1491	316.805208	C5	72	77	1493	236.968676	C5	72	69	
1492	316.812500	G4	67	85	1491	236.968676	G4	67	53	
1493	316.817708	E4	64	62	1492	236.968676	E4	64	53	
1494	316.972917	Bb4	70	75	1494	237.149398	Bb4	70	70	
1495	317.169792	A5	81	86	1497	237.330121	A5	81	71	
1496	317.181250	E4	64	77	1496	237.330121	E4	64	55	
1497	317.182292	C4	60	68	1495	237.330121	C4	60	55	
1498	317.365625	E5	76	75	1498	237.498660	E5	76	72	
1499	317.555208	D5	74	76	1501	237.667200	D5	74	73	
1500	317.563542	F4	65	52	1500	237.667200	F4	65	57	
1501	317.563542	A4	69	76	1499	237.667200	A4	69	57	
1502	317.696875	C5	72	79	1502	237.835739	C5	72	74	
1503	317.895833	Bb5	82	93	1504	238.004278	Bb5	82	75	
1504	317.936458	D4	62	72	1505	238.004278	D4	62	59	
1505	317.937500	F4	65	74	1503	238.004278	F4	65	59	
1506	318.066667	F5	77	77	1506	238.163852	F5	77	76	
1507	318.254167	E5	76	73	1508	238.323427	E5	76	77	
1508	318.261458	G4	67	70	1509	238.323427	G4	67	61	
1509	318.279167	Bb4	70	89	1507	238.323427	Bb4	70	61	
1510	318.415625	D5	74	77	1510	238.483001	D5	74	78	
1511	318.628125	C6	84	85	1511	238.642575	C6	84	79	
1512	318.636458	G4	67	76	1512	238.642575	G4	67	63	
1513	318.643750	E4	64	66	1513	238.642575	E4	64	63	
1514	318.811458	G5	79	85	1514	238.797214	F5	77	80	
1515	319.004167	F5	77	84	*	-1	*	-1	-1	
1516	319.016667	A4	69	69	1516	238.951853	A4	69	65	
1517	319.023958	C5	72	84	1517	238.951853	C5	72	65	
1518	319.175000	E5	76	76	1515	238.951853	E5	76	81	
1519	319.384375	D6	86	96	1518	239.106492	D5	74	82	
1520	319.405208	A4	69	73	1519	239.261131	A4	69	67	
1521	319.407292	F4	65	73	1520	239.261131	F4	65	67	
1522	319.576042	A5	81	84	1521	239.261131	D6	86	83	
1523	319.802083	G5	79	89	1522	239.411131	G5	79	84	
1524	319.827083	D5	74	78	1524	239.561131	D5	74	69	
1525	319.833333	Bb4	70	76	1523	239.561131	Bb4	70	69	
1526	320.027083	F5	77	83	1525	239.561131	F5	77	85	
1527	320.240625	E6	88	96	1526	239.711131	E5	76	86	
1528	320.261458	Bb4	70	83	1527	239.861131	Bb4	70	71	
1529	320.271875	G4	67	83	1529	239.861131	G4	67	71	
1530	320.458333	Bb5	82	95	1528	239.861131	E6	88	87	
1531	320.716667	C5	72	74	1533	240.138909	C5	72	73	
1532	320.727083	E5	76	81	1532	240.138909	E5	76	73	
1533	320.735417	A5	81	89	1530	240.000020	A5	81	88	
1534	321.004167	G5	79	85	1531	240.138909	G5	79	89	
1535	321.152083	Bb3	58	88	1535	240.416686	Bb3	58	75	
1536	321.296875	F4	65	79	1536	240.416686	F4	65	75	
1537	321.347917	E6	88	63	*	-1	*	-1	-1	
1538	321.420833	G4	67	82	1539	240.416686	G4	67	75	
1539	321.505208	G6	91	103	1537	240.416686	G6	91	92	
1540	321.553125	D5	74	79	1538	240.416686	D5	74	75	
1541	321.867708	D6	86	99	1540	240.549429	D6	86	92	
1542	322.065625	C6	84	91	1541	240.682173	C6	84	92	
1543	322.279167	Bb5	82	96	1542	240.814916	Bb5	82	92	
1544	322.433333	G5	79	88	1543	240.947659	G5	79	92	
1545	322.634375	D5	74	83	1544	241.097659	D5	74	92	
1546	322.834375	C5	72	85	1545	241.247659	C5	72	92	
1547	323.005208	Bb4	70	89	1546	241.397659	Bb4	70	92	
1548	323.191667	F5	77	76	1547	241.547659	F5	77	92	
1549	323.363542	G5	79	87	1548	241.672659	G5	79	92	
1550	323.539583	A5	81	81	1549	241.797659	A5	81	92	
1551	323.704167	Bb5	82	84	1550	241.922659	Bb5	82	92	
1552	323.872917	C6	84	86	1551	242.047659	C6	84	92	
1553	324.061458	D6	86	93	1552	242.138020	D6	86	92	
1554	324.235417	E6	88	96	1553	242.228382	E6	88	92	
1555	324.420833	F6	89	94	1554	242.318743	F6	89	92	
1556	324.454167	G3	55	70	1559	242.409104	G3	55	75	
1557	324.510417	C4	60	69	1555	242.409104	C4	60	75	
1558	324.557292	D4	62	75	1556	242.409104	D4	62	75	
1559	324.626042	G6	91	101	1558	242.409104	G6	91	92	
1560	324.685417	Bb4	70	84	1557	242.409104	Bb4	70	75	
1561	324.816667	D6	86	97	1560	242.541847	D6	86	92	
1562	324.983333	C6	84	78	1561	242.674591	C6	84	92	
1563	325.176042	Bb5	82	88	1562	242.807334	Bb5	82	92	
1564	325.364583	G5	79	83	1563	242.940077	G5	79	92	
1565	325.551042	D5	74	81	1564	243.090077	D5	74	92	
1566	325.693750	C5	72	80	1565	243.240077	C5	72	92	
1567	325.881250	Bb4	70	89	1566	243.390077	Bb4	70	92	
1568	326.044792	F5	77	80	1567	243.540077	F5	77	92	
1569	326.223958	G5	79	86	1568	243.665077	G5	79	92	
1570	326.386458	A5	81	84	1569	243.790077	A5	81	92	
1571	326.545833	Bb5	82	83	1570	243.915077	Bb5	82	92	
1572	326.718750	C6	84	91	1571	244.040077	C6	84	92	
1573	326.906250	D6	86	94	1572	244.130438	D6	86	92	
1574	327.113542	E6	88	98	1573	244.220800	E6	88	92	
1575	327.333333	F6	89	95	1574	244.311161	F6	89	92	
1576	327.395833	C3	48	77	1575	244.401522	C3	48	92	
1577	327.552083	G3	55	64	1578	244.401522	G3	55	92	
1578	327.634375	Bb3	58	76	1579	244.401522	Bb3	58	92	
1579	327.712500	G6	91	103	1576	244.401522	G6	91	92	
1580	327.773958	E4	64	88	1577	244.401522	E4	64	92	
1581	328.035417	D6	86	94	1580	244.534265	D6	86	93	
1582	328.292708	C6	84	90	1581	244.667009	C6	84	94	
1583	328.541667	Bb5	82	97	1582	244.799752	Bb5	82	95	
1584	328.854167	G5	79	93	1583	244.932495	G5	79	96	
1585	329.133333	D5	74	81	1584	245.082495	D5	74	97	
1586	329.354167	C5	72	86	1585	245.232495	C5	72	98	
1587	329.565625	Bb4	70	91	1586	245.382495	Bb4	70	99	
1588	329.761458	G5	79	89	1587	245.532495	G5	79	100	
1589	329.984375	A5	81	92	1588	245.657495	A5	81	101	
1590	330.191667	Bb5	82	101	1589	245.782495	Bb5	82	102	
1591	330.384375	C6	84	91	1590	245.907495	C6	84	103	
1592	330.605208	D6	86	104	1591	246.032495	D6	86	104	
1593	330.858333	E6	88	105	1592	246.122856	E6	88	105	
1594	331.108333	F6	89	109	1593	246.213218	F6	89	106	
1595	331.388542	G6	91	106	1594	246.303579	G6	91	107	
1596	331.768750	A6	93	106	1596	246.393940	A6	93	108	
1597	331.785417	A5	81	92	1595	246.393940	A5	81	108	
1598	331.787500	F6	89	92	1598	246.393940	F6	89	108	
1599	331.805208	F1	29	83	1597	246.393940	F1	29	108	
1600	331.810417	F2	41	80	1599	246.393940	F2	41	108	
1601	332.515625	C3	48	93	1600	246.783550	C3	48	108	
1602	333.416667	G4	67	88	1602	247.339106	G4	67	92	
1603	333.422917	C4	60	89	1604	247.339106	C4	60	92	
1604	333.425000	A3	57	80	1601	247.339106	A3	57	92	
1605	333.425000	Eb4	63	86	1603	247.339106	Eb4	63	92	
1606	333.704167	Eb4	63	57	*	-1	*	-1	-1	
1607	334.869792	F4	65	78	1606	248.571981	F4	65	75	
1608	334.872917	D4	62	74	1605	248.571981	D4	62	75	
1609	335.073958	G4	67	77	1608	248.687366	G4	67	75	
1610	335.077083	Eb4	63	79	1607	248.687366	Eb4	63	75	
1611	335.284375	F4	65	82	1610	248.802750	F4	65	75	
1612	335.296875	D4	62	84	1609	248.802750	D4	62	75	
1613	335.734375	Eb4	63	78	1614	249.118539	Eb4	63	75	
1614	335.738542	C4	60	76	1613	249.118539	C4	60	75	
1615	335.743750	A3	57	77	1612	249.118539	A3	57	60	
1616	335.754167	F3	53	67	1611	249.118539	F3	53	60	
1617	335.905208	F4	65	84	1615	249.252468	F4	65	75	
1618	335.916667	D4	62	79	1616	249.252468	D4	62	75	
1619	336.104167	Eb4	63	84	1618	249.386396	Eb4	63	75	
1620	336.105208	C4	60	78	1617	249.386396	C4	60	75	
1621	336.452083	C4	60	85	1619	249.814967	C4	60	60	
1622	336.829167	D4	62	95	1620	250.130756	D4	62	75	
1623	337.235417	Eb4	63	100	1621	250.352978	Eb4	63	80	
1624	337.375000	C3	48	81	1624	250.800739	C3	48	75	
1625	337.545833	G3	55	68	1625	250.800739	G3	55	75	
1626	337.719792	Bb3	58	78	1622	250.800739	Bb3	58	75	
1627	337.891667	G5	79	88	1623	250.800739	G5	79	85	
1628	337.893750	G6	91	86	*	-1	*	-1	-1	
1629	337.920833	E4	64	89	1626	250.800739	E4	64	75	
1630	338.135417	A5	81	88	1627	250.904906	A5	81	87	
1631	338.336458	Bb5	82	95	1628	251.009072	Bb5	82	90	
1632	338.513542	C6	84	79	1629	251.113239	C6	84	93	
1633	338.701042	D6	86	98	1631	251.217405	D6	86	96	
1634	338.727083	D4	62	85	1630	251.217405	D4	62	75	
1635	338.884375	E6	88	98	1632	251.309998	Eb6	87	99	
1636	339.097917	F6	89	98	1633	251.402590	F6	89	102	
1637	339.253125	G6	91	95	1634	251.495183	G6	91	105	
1638	339.511458	A6	93	98	1637	251.587775	A6	93	108	
1639	339.515625	A5	81	87	1638	251.587775	A5	81	108	
1640	339.518750	F6	89	91	1635	251.587775	F6	89	108	
1641	339.523958	F1	29	79	1636	251.587775	F1	29	108	
1642	339.525000	F2	41	69	1639	251.587775	F2	41	108	
1643	340.091667	C3	48	95	1640	251.977385	C3	48	108	
1644	340.807292	G4	67	86	1642	252.532941	G4	67	92	
1645	340.811458	Eb4	63	86	1643	252.532941	Eb4	63	92	
1646	340.815625	C4	60	81	1644	252.532941	C4	60	75	
1647	340.820833	A3	57	76	1641	252.532941	A3	57	75	
1648	342.134375	F4	65	74	1646	253.765816	F4	65	75	
1649	342.150000	D4	62	70	1645	253.765816	D4	62	75	
1650	342.328125	Eb4	63	83	1647	253.881201	Eb4	63	75	
1651	342.331250	G4	67	80	1648	253.881201	G4	67	75	
1652	342.510417	F4	65	84	1650	253.996585	F4	65	75	
1653	342.525000	D4	62	79	1649	253.996585	D4	62	75	
1654	342.912500	Eb4	63	72	1654	254.312374	Eb4	63	75	
1655	342.914583	A3	57	73	1653	254.312374	A3	57	60	
1656	342.922917	F3	53	63	1652	254.312374	F3	53	60	
1657	342.925000	C4	60	71	1651	254.312374	C4	60	75	
1658	343.065625	F4	65	73	1655	254.446303	F4	65	75	
1659	343.097917	D4	62	74	1656	254.446303	D4	62	75	
1660	343.273958	Eb4	63	91	1657	254.580231	Eb4	63	75	
1661	343.284375	C4	60	76	1658	254.580231	C4	60	75	
1662	343.646875	C4	60	92	1659	255.008802	C4	60	60	
1663	343.993750	D4	62	88	1660	255.324591	D4	62	79	
1664	344.359375	Eb4	63	94	1661	255.546813	Eb4	63	83	
1665	344.453125	C3	48	86	1662	255.994574	C3	48	75	
1666	344.598958	G3	55	75	1663	255.994574	G3	55	75	
1667	344.761458	Bb3	58	82	1664	255.994574	Bb3	58	75	
1668	345.015625	G5	79	80	1666	255.994574	G5	79	88	
1669	345.023958	E4	64	90	1665	255.994574	E4	64	75	
1670	345.027083	E5	76	76	*	-1	*	-1	-1	
1671	345.259375	A5	81	87	1667	256.098741	A5	81	90	
1672	345.480208	Bb5	82	98	1668	256.202907	Bb5	82	92	
1673	345.680208	C6	84	90	1669	256.307074	C6	84	94	
1674	345.905208	D6	86	99	1670	256.411240	D6	86	96	
1675	345.930208	D4	62	89	1671	256.411240	D4	62	75	
1676	346.143750	E6	88	99	1672	256.503833	Eb6	87	99	
1677	346.389583	F6	89	109	1673	256.596425	F6	89	102	
1678	346.643750	G6	91	105	1674	256.689018	G6	91	105	
1679	347.010417	Bb6	94	104	1679	256.781610	Bb6	94	108	
1680	347.013542	D6	86	97	1676	256.781610	D6	86	108	
1681	347.016667	Bb5	82	89	1678	256.781610	Bb5	82	108	
1682	347.029167	Bb1	34	84	1675	256.781610	Bb1	34	92	
1683	347.034375	Bb2	46	83	1677	256.781610	Bb2	46	92	
1684	347.692708	F3	53	95	1680	257.243148	F3	53	92	
1685	348.264583	Bb4	70	99	1681	257.831383	Bb4	70	108	
1686	348.282292	D4	62	87	1683	257.831383	D4	62	92	
1687	348.284375	Bb3	58	90	1684	257.831383	Bb3	58	92	
1688	348.285417	F4	65	82	1682	257.831383	F4	65	92	
1689	348.292708	F3	53	78	*	-1	*	-1	-1	
1690	349.758333	A4	69	76	1686	259.031383	A4	69	108	
1691	349.761458	A3	57	65	1685	259.031383	A3	57	92	
1692	349.978125	Bb4	70	81	1688	259.160693	Bb4	70	108	
1693	349.983333	Bb3	58	80	1687	259.160693	Bb3	58	92	
1694	350.227083	A4	69	97	1690	259.290004	A4	69	108	
1695	350.230208	A3	57	83	1689	259.290004	A3	57	92	
1696	350.750000	G4	67	91	1694	259.651449	G4	67	108	
1697	350.763542	G3	55	81	1691	259.651449	G3	55	92	
1698	350.765625	Bb3	58	84	1693	259.651449	Bb3	58	92	
1699	350.779167	E4	64	58	*	-1	*	-1	-1	
1700	350.796875	D4	62	58	1692	259.651449	D4	62	92	
1701	351.025000	A3	57	88	1695	259.773400	A3	57	92	
1702	351.026042	A4	69	86	1696	259.773400	A4	69	108	
1703	351.258333	G4	67	96	1699	259.895351	G4	67	108	
1704	351.265625	D4	62	77	1698	259.895351	D4	62	92	
1705	351.271875	G3	55	89	1697	259.895351	G3	55	92	
1706	351.273958	Bb3	58	77	1700	259.895351	Bb3	58	92	
1707	351.813542	F4	65	92	1701	260.440806	F4	65	110	
1708	351.822917	F3	53	89	1702	260.440806	F3	53	94	
1709	352.187500	G4	67	92	1703	260.840806	G4	67	112	
1710	352.207292	G3	55	86	1704	260.840806	G3	55	96	
1711	352.565625	A4	69	92	1706	261.174139	A4	69	114	
1712	352.589583	A3	57	93	1705	261.174139	A3	57	98	
1713	353.004167	Bb4	70	100	1707	261.459853	Bb4	70	116	
1714	353.018750	Bb3	58	97	1708	261.459853	Bb3	58	100	
1715	353.414583	C5	72	96	1709	261.737630	C5	72	118	
1716	353.426042	C4	60	94	1710	261.737630	C4	60	102	
1717	353.865625	D5	74	98	1711	261.987630	D5	74	121	
1718	353.881250	D4	62	99	1712	261.987630	D4	62	104	
1719	354.395833	F5	77	92	1713	262.255487	F5	77	124	
1720	354.398958	F4	65	101	1714	262.255487	F4	65	106	
1721	355.152083	C6	84	100	1718	262.630487	C6	84	127	
1722	355.161458	Bb4	70	97	1716	262.630487	Bb4	70	92	
1723	355.164583	D4	62	84	1717	262.630487	D4	62	92	
1724	355.165625	Bb5	82	94	1719	262.630487	Bb5	82	92	
1725	355.166667	C5	72	97	1715	262.630487	C5	72	92	
1726	355.172917	F5	77	80	1720	262.630487	F5	77	92	
1727	357.047917	A5	81	92	1723	264.042251	A5	81	92	
1728	357.057292	A4	69	84	1724	264.042251	A4	69	92	
1729	357.060417	C4	60	81	1726	264.042251	C4	60	92	
1730	357.061458	C5	72	89	1722	264.042251	C5	72	92	
1731	357.062500	F4	65	76	1725	264.042251	F4	65	92	
1732	357.063542	F5	77	79	1727	264.042251	F5	77	92	
1733	358.243750	G5	79	90	1730	264.965327	G5	79	92	
1734	358.244792	Bb3	58	83	1732	264.965327	Bb3	58	92	
1735	358.244792	D4	62	79	1733	264.965327	D4	62	92	
1736	358.245833	D5	74	78	1728	264.965327	D5	74	92	
1737	358.247917	G4	67	86	1729	264.965327	G4	67	92	
1738	358.251042	F4	65	73	1731	264.965327	F4	65	92	
1739	358.561458	A5	81	87	1734	265.126617	A5	81	92	
1740	358.738542	G5	79	95	1735	265.287907	G5	79	92	
1741	358.914583	F5	77	96	1736	265.449198	F5	77	92	
1742	359.107292	D5	74	89	1737	265.560309	D5	74	92	
1743	359.289583	F5	77	81	1738	265.671420	F5	77	92	
1744	359.292708	F3	53	92	1741	265.782531	F3	53	108	
1745	359.462500	C4	60	83	1744	265.782531	C4	60	108	
1746	359.656250	F4	65	73	1740	265.782531	F4	65	108	
1747	359.807292	C6	84	96	1746	265.782531	C6	84	108	
1748	359.811458	A5	81	85	1742	265.782531	A5	81	108	
1749	359.817708	F5	77	77	1745	265.782531	F5	77	108	
1750	359.821875	C5	72	80	1743	265.782531	C5	72	108	
1751	359.823958	A4	69	86	1739	265.782531	A4	69	108	
1752	363.213542	F6	89	103	1753	268.606059	F6	89	108	
1753	363.232292	F2	41	95	1752	268.606059	F2	41	108	
1754	363.232292	C6	84	93	1747	268.606059	C6	84	108	
1755	363.233333	F1	29	91	1749	268.606059	F1	29	108	
1756	363.235417	A5	81	92	1750	268.606059	A5	81	108	
1757	363.237500	F5	77	91	1748	268.606059	F5	77	108	
1758	363.239583	C2	36	86	1751	268.606059	C2	36	108	
1759	363.675000	F1	29	65	*	-1	*	-1	-1	
1760	363.880208	F1	29	62	*	-1	*	-1	-1	
1761	363.973958	F1	29	62	*	-1	*	-1	-1	
1762	364.203125	C2	36	54	*	-1	*	-1	-1	
1763	364.388542	C2	36	53	*	-1	*	-1	-1	
*	-1	*	-1	-1	5	1.333332	G4	67	92	
*	-1	*	-1	-1	108	15.912019	Bb4	70	92	
*	-1	*	-1	-1	205	28.571365	A4	69	59	
*	-1	*	-1	-1	261	34.021536	C4	60	51	
*	-1	*	-1	-1	283	35.176486	D5	74	67	
*	-1	*	-1	-1	290	35.581891	A4	69	71	
*	-1	*	-1	-1	415	60.166107	A5	81	45	
*	-1	*	-1	-1	419	60.935948	E5	76	45	
*	-1	*	-1	-1	420	60.935948	E6	88	60	
*	-1	*	-1	-1	462	71.178748	E3	52	45	
*	-1	*	-1	-1	464	71.178748	B2	47	45	
*	-1	*	-1	-1	469	72.187369	E6	88	60	
*	-1	*	-1	-1	470	72.187369	E5	76	45	
*	-1	*	-1	-1	541	88.362383	C#4	61	45	
*	-1	*	-1	-1	592	97.982826	D5	74	45	
*	-1	*	-1	-1	624	101.064232	F4	65	45	
*	-1	*	-1	-1	766	132.425424	B3	59	45	
*	-1	*	-1	-1	771	133.347838	C5	72	45	
*	-1	*	-1	-1	785	136.351325	F5	77	45	
*	-1	*	-1	-1	798	139.599128	E4	64	45	
*	-1	*	-1	-1	810	144.513082	D4	62	45	
*	-1	*	-1	-1	852	153.978399	E3	52	60	
*	-1	*	-1	-1	857	154.537130	C3	48	45	
*	-1	*	-1	-1	859	154.537130	G3	55	60	
*	-1	*	-1	-1	904	159.889676	C3	48	45	
*	-1	*	-1	-1	959	166.060815	G5	79	87	
*	-1	*	-1	-1	1006	171.152491	C5	72	63	
*	-1	*	-1	-1	1010	171.729150	C5	72	67	
*	-1	*	-1	-1	1038	175.801238	F5	77	60	
*	-1	*	-1	-1	1052	177.553325	F5	77	75	
*	-1	*	-1	-1	1134	191.259789	G5	79	47	
*	-1	*	-1	-1	1137	191.608626	C5	72	52	
*	-1	*	-1	-1	1139	191.608626	E5	76	52	
*	-1	*	-1	-1	1146	192.191150	Bb4	70	56	
*	-1	*	-1	-1	1148	192.191150	Bb5	82	56	
*	-1	*	-1	-1	1153	192.757187	C5	72	67	
*	-1	*	-1	-1	1164	193.423853	G3	55	75	
*	-1	*	-1	-1	1189	196.648500	C5	72	60	
*	-1	*	-1	-1	1197	197.231024	Bb5	82	75	
*	-1	*	-1	-1	1202	197.231024	Bb4	70	75	
*	-1	*	-1	-1	1205	197.797061	C5	72	76	
*	-1	*	-1	-1	1235	200.990701	Bb4	70	92	
*	-1	*	-1	-1	1270	204.311324	C6	84	75	
*	-1	*	-1	-1	1272	204.470054	C6	84	75	
*	-1	*	-1	-1	1274	204.540477	D6	86	75	
*	-1	*	-1	-1	1277	204.751744	C6	84	76	
*	-1	*	-1	-1	1281	205.033434	C6	84	79	
*	-1	*	-1	-1	1419	222.771014	G4	67	60	
*	-1	*	-1	-1	1721	262.630487	F4	65	92	
*	-1	*	-1	-1	400	57.120621	C5	72	45	
*	-1	*	-1	-1	704	118.495502	E5	76	45	
*	-1	*	-1	-1	1534	240.277797	F5	77	90	
