// alignID alignOntime alignSitch alignPitch alignOnvel refID refOntime refSitch refPitch refOnvel
0	1.011719	F2	41	39	0	0.999999	F2	41	56	
1	1.411458	C3	48	39	1	1.203282	C3	48	55	
2	1.666667	G#3	56	45	3	1.385399	G#3	56	60	
3	1.688802	F4	65	55	2	1.379652	F4	65	60	
4	1.895833	C3	48	35	4	1.553467	C3	48	58	
5	2.055990	G4	67	66	5	1.708945	G4	67	61	
6	2.075521	Bb3	58	41	6	1.708945	Bb3	58	58	
7	2.247396	C3	48	45	7	1.865250	C3	48	55	
8	2.389323	F2	41	53	8	2.016291	F2	41	56	
9	2.520833	C3	48	55	9	2.162125	C3	48	58	
10	2.636719	G#4	68	78	10	2.323583	G#4	68	62	
11	2.641927	C4	60	59	11	2.323583	C4	60	56	
12	2.743490	C3	48	43	12	2.490250	C3	48	57	
13	2.846354	C#4	61	68	13	2.630875	C#4	61	56	
14	2.869792	Bb4	70	83	14	2.641291	Bb4	70	63	
15	3.007812	C3	48	54	15	2.792333	C3	48	54	
16	3.085938	F2	41	68	16	2.959000	F2	41	58	
17	3.173177	C3	48	57	17	3.099625	C3	48	60	
18	3.315104	C5	72	81	19	3.281916	C5	72	67	
19	3.317708	C4	60	57	18	3.261083	C4	60	62	
20	3.423177	C3	48	59	20	3.417333	C3	48	62	
21	3.537760	Bb3	58	58	21	3.568375	Bb3	58	63	
22	3.579427	C#5	73	80	22	3.589208	C#5	73	73	
23	3.682292	C3	48	49	23	3.729833	C3	48	66	
24	3.872396	F2	41	50	25	3.896500	F2	41	70	
25	3.942708	C5	72	71	24	3.896500	C5	72	79	
26	4.113281	C3	48	49	26	4.042333	C3	48	71	
27	4.256510	G#3	56	56	28	4.209000	G#3	56	72	
28	4.256510	G#5	80	78	27	4.188166	G#5	80	80	
29	4.404948	C3	48	50	29	4.349625	C3	48	73	
30	4.492188	Bb3	58	61	30	4.511083	Bb3	58	74	
31	4.513021	G5	79	82	31	4.521500	G5	79	85	
32	4.610677	C3	48	47	32	4.656916	C3	48	75	
33	4.731771	F5	77	85	33	4.802750	F5	77	87	
34	4.736979	F2	41	59	34	4.823583	F2	41	77	
35	4.860677	C3	48	61	35	4.979833	C3	48	71	
36	4.930990	C5	72	88	36	5.110041	C5	72	87	
37	4.947917	G#3	56	64	37	5.146500	G#3	56	74	
38	5.044271	C3	48	55	38	5.297541	C3	48	73	
39	5.118490	C#5	73	94	39	5.443375	C#5	73	86	
40	5.123698	Bb3	58	70	40	5.448583	Bb3	58	73	
41	5.247396	C3	48	61	41	5.604833	C3	48	71	
42	5.342448	C5	72	87	42	5.771500	C5	72	86	
43	5.355469	F2	41	66	43	5.776708	F2	41	74	
44	5.483073	C3	48	67	44	5.927750	C3	48	74	
45	5.566406	G#4	68	89	45	6.078791	G#4	68	84	
46	5.584635	G#3	56	68	46	6.084000	G#3	56	74	
47	5.647135	C3	48	43	47	6.229833	C3	48	73	
48	5.812500	C4	60	55	49	6.401708	C4	60	74	
49	5.828125	F4	65	92	48	6.391291	F4	65	82	
50	5.967448	C3	48	47	50	6.552750	C3	48	77	
51	6.140625	F2	41	54	51	6.709000	F2	41	77	
52	6.307292	C4	60	92	52	6.735041	C4	60	85	
53	6.626302	C3	48	46	53	6.865250	C3	48	75	
54	6.743490	G3	55	55	54	7.026708	G3	55	74	
55	6.852865	C3	48	52	55	7.177750	C3	48	72	
56	6.955729	G#3	56	71	56	7.339208	G#3	56	72	
57	7.104167	C3	48	48	57	7.490250	C3	48	72	
58	7.204427	F2	41	58	58	7.646500	F2	41	74	
59	7.341146	C3	48	58	59	7.802750	C3	48	72	
60	7.498698	Bb3	58	65	60	7.959000	Bb3	58	69	
61	7.670573	C3	48	43	61	8.115250	C3	48	64	
62	7.830729	G3	55	59	62	8.271500	G3	55	59	
63	8.035156	C3	48	42	63	8.417333	C3	48	54	
64	8.230469	F2	41	44	64	8.589208	F2	41	50	
65	8.510417	C3	48	43	65	8.740250	C3	48	45	
66	8.716146	G#3	56	43	67	8.901708	G#3	56	53	
67	8.736979	F4	65	60	66	8.886083	F4	65	64	
68	8.889323	C3	48	39	68	9.047541	C3	48	48	
69	9.031250	G4	67	68	70	9.214208	G4	67	65	
70	9.080729	Bb3	58	41	69	9.209000	Bb3	58	54	
71	9.196615	C3	48	41	71	9.365250	C3	48	50	
72	9.315104	F2	41	59	72	9.521500	F2	41	54	
73	9.420573	C3	48	58	73	9.677750	C3	48	49	
74	9.514323	G#4	68	76	75	9.849625	G#4	68	66	
75	9.529948	C4	60	68	74	9.834000	C4	60	55	
76	9.618490	C3	48	56	76	9.995458	C3	48	50	
77	9.712240	Bb4	70	78	78	10.156916	Bb4	70	65	
78	9.727865	C#4	61	65	77	10.146500	C#4	61	56	
79	9.842448	C3	48	59	79	10.302750	C3	48	49	
80	9.917969	F2	41	63	80	10.464208	F2	41	56	
81	10.006510	C3	48	64	81	10.615250	C3	48	61	
82	10.125000	C5	72	80	83	10.787125	C5	72	65	
83	10.126302	C4	60	64	82	10.771500	C4	60	61	
84	10.230469	C3	48	48	84	10.917333	C3	48	61	
85	10.341146	Bb3	58	69	85	11.084000	Bb3	58	59	
86	10.354167	C#5	73	80	86	11.089208	C#5	73	71	
87	10.460938	C3	48	53	87	11.240250	C3	48	58	
88	10.619792	F2	41	52	89	11.401708	F2	41	62	
89	10.670573	C5	72	81	88	11.401708	C5	72	76	
90	10.852865	C3	48	54	90	11.563166	C3	48	61	
91	10.983073	C6	84	86	91	11.709000	C6	84	81	
92	10.988281	G#3	56	60	92	11.719416	G#3	56	63	
93	11.096354	C3	48	51	93	11.870458	C3	48	67	
94	11.184896	G#5	80	90	94	12.021500	G#5	80	82	
95	11.200521	C4	60	68	95	12.026708	C4	60	67	
96	11.312500	C3	48	39	96	12.167333	C3	48	67	
97	11.399740	G5	79	84	98	12.339208	G5	79	87	
98	11.420573	F2	41	64	97	12.334000	F2	41	74	
99	11.539062	C3	48	61	99	12.490250	C3	48	79	
100	11.598958	C5	72	89	101	12.656916	C5	72	86	
101	11.614583	Bb3	58	72	100	12.651708	Bb3	58	69	
102	11.736979	C3	48	59	102	12.807958	C3	48	79	
103	11.776042	C#5	73	91	103	12.953791	C#5	73	84	
104	11.809896	G3	55	64	104	12.964208	G3	55	67	
105	11.912760	C3	48	61	105	13.120458	C3	48	76	
106	11.980469	C5	72	90	106	13.271500	C5	72	86	
107	11.989583	F2	41	68	107	13.276708	F2	41	78	
108	12.088542	C3	48	66	108	13.432958	C3	48	76	
109	12.192708	G4	67	89	109	13.578791	G4	67	83	
110	12.208333	Bb3	58	70	110	13.589208	Bb3	58	68	
111	12.312500	C3	48	60	111	13.740250	C3	48	76	
112	12.434896	G3	55	66	112	13.901708	G3	55	54	
113	12.459635	C4	60	90	113	13.912125	C4	60	79	
114	12.580729	C3	48	59	114	14.052750	C3	48	68	
115	12.720052	F2	41	74	116	14.220458	F2	41	72	
116	12.802083	F4	65	95	115	14.220458	F4	65	87	
117	12.980469	G4	67	90	118	14.398982	G4	67	88	
118	12.989583	B2	47	64	117	14.382128	B2	47	73	
119	13.136719	G#4	68	93	120	14.591012	G#4	68	96	
120	13.151042	G#3	56	72	119	14.556922	G#3	56	78	
121	13.317708	B2	47	66	121	14.722279	B2	47	82	
122	13.450521	C#4	61	75	122	14.883664	C#4	61	85	
123	13.569010	B2	47	58	123	15.070323	B2	47	85	
124	13.683594	F2	41	68	124	15.253373	F2	41	90	
125	13.816406	B2	47	66	125	15.426635	B2	47	87	
126	13.959635	G#3	56	73	126	15.608016	G#3	56	83	
127	14.149740	B2	47	52	127	15.773136	B2	47	80	
128	14.406250	C#4	61	75	128	15.971243	C#4	61	78	
129	14.730469	B2	47	48	129	16.146243	B2	47	69	
130	15.238281	F2	41	43	130	16.346243	F2	41	57	
131	15.537760	C3	48	41	131	16.527698	C3	48	59	
132	15.807292	G#3	56	33	133	16.694183	G#3	56	63	
133	15.813802	F4	65	56	132	16.694183	F4	65	69	
134	15.983073	C3	48	40	134	16.845446	C3	48	60	
135	16.119792	G4	67	65	135	16.991279	G4	67	72	
136	16.170573	Bb3	58	41	136	17.006904	Bb3	58	59	
137	16.269531	C3	48	41	137	17.152738	C3	48	55	
138	16.390625	F2	41	57	138	17.319404	F2	41	55	
139	16.490885	C3	48	55	139	17.475654	C3	48	54	
140	16.596354	G#4	68	73	141	17.647529	G#4	68	67	
141	16.634115	C4	60	59	140	17.631904	C4	60	56	
142	16.800781	Bb4	70	74	144	17.960029	Bb4	70	73	
143	16.819010	C#4	61	64	143	17.933988	C#4	61	56	
144	16.972656	C3	48	15	145	18.095446	C3	48	57	
145	17.010417	F2	41	64	146	18.262113	F2	41	57	
146	17.106771	C3	48	49	147	18.413154	C3	48	58	
147	17.231771	C5	72	75	148	18.574613	C5	72	73	
148	17.247396	C4	60	56	149	18.574613	C4	60	61	
149	17.368490	C3	48	45	150	18.725654	C3	48	62	
150	17.446615	Bb3	58	59	151	18.881904	Bb3	58	62	
151	17.446615	C#5	73	79	152	18.902738	C#5	73	79	
152	17.559896	C3	48	43	153	19.038154	C3	48	64	
153	17.716146	F2	41	46	154	19.199613	F2	41	64	
154	17.739583	C5	72	68	155	19.210029	C5	72	79	
155	17.897135	C3	48	45	156	19.355863	C3	48	65	
156	18.000000	G#5	80	71	158	19.527738	G#5	80	79	
157	18.028646	G#3	56	55	157	19.512113	G#3	56	66	
158	18.148438	C3	48	38	159	19.657946	C3	48	68	
159	18.204427	G5	79	78	160	19.819404	G5	79	84	
160	18.218750	Bb3	58	58	161	19.819404	Bb3	58	68	
161	18.356771	C3	48	51	162	19.965238	C3	48	66	
162	18.414062	F5	77	80	164	20.137113	F5	77	83	
163	18.427083	F2	41	55	163	20.131904	F2	41	63	
164	18.526042	C3	48	52	165	20.288154	C3	48	66	
165	18.610677	C5	72	79	167	20.460029	C5	72	76	
166	18.626302	G#3	56	57	166	20.444404	G#3	56	63	
167	18.714844	C3	48	57	168	20.600654	C3	48	64	
168	18.790365	C#5	73	80	169	20.756904	C#5	73	79	
169	18.805990	Bb3	58	60	170	20.756904	Bb3	58	61	
170	18.915365	C3	48	58	171	20.902738	C3	48	62	
171	18.989583	C5	72	83	172	21.069404	C5	72	83	
172	19.000000	F2	41	56	173	21.074613	F2	41	63	
173	19.105469	C3	48	62	174	21.236071	C3	48	67	
174	19.209635	G#4	68	83	175	21.387113	G#4	68	83	
175	19.220052	G#3	56	61	176	21.392321	G#3	56	67	
176	19.272135	C3	48	34	177	21.538154	C3	48	65	
177	19.450521	C4	60	54	178	21.699613	C4	60	71	
178	19.463542	F4	65	82	179	21.725654	F4	65	79	
179	19.610677	C3	48	39	180	21.850654	C3	48	68	
180	19.750000	F2	41	52	181	22.012113	F2	41	75	
181	19.859375	C4	60	84	182	22.032946	C4	60	93	
182	20.059896	C3	48	54	183	22.173571	C3	48	69	
183	20.170573	G3	55	50	184	22.329821	G3	55	79	
184	20.256510	C3	48	57	185	22.480863	C3	48	73	
185	20.358073	G#3	56	66	186	22.637113	G#3	56	76	
186	20.460938	C3	48	51	187	22.793363	C3	48	63	
187	20.582031	F2	41	57	188	22.949613	F2	41	77	
188	20.680990	C3	48	60	189	23.111071	C3	48	77	
189	20.799479	Bb3	58	64	190	23.262113	Bb3	58	75	
190	20.936198	C3	48	52	191	23.418363	C3	48	72	
191	21.055990	G3	55	59	192	23.574613	G3	55	70	
192	21.214844	C3	48	46	193	23.730863	C3	48	69	
193	21.367188	F2	41	47	194	23.881904	F2	41	51	
194	21.548177	C3	48	48	195	24.043363	C3	48	52	
195	21.679688	F4	65	63	197	24.204821	F4	65	61	
196	21.684896	G#3	56	51	196	24.199613	G#3	56	53	
197	21.809896	C3	48	48	198	24.350654	C3	48	56	
198	21.920573	G4	67	68	200	24.512113	G4	67	63	
199	21.932292	Bb3	58	51	199	24.506904	Bb3	58	57	
200	22.037760	C3	48	43	201	24.652738	C3	48	57	
201	22.132812	F2	41	59	202	24.824613	F2	41	55	
202	22.236979	C3	48	57	203	24.980863	C3	48	54	
203	22.354167	G#4	68	73	205	25.168363	G#4	68	59	
204	22.368490	C4	60	58	204	25.137113	C4	60	52	
205	22.463542	C3	48	42	206	25.288154	C3	48	55	
206	22.554688	Bb4	70	70	208	25.470446	Bb4	70	60	
207	22.563802	C#4	61	62	207	25.454821	C#4	61	54	
208	22.709635	C3	48	47	209	25.605863	C3	48	57	
209	22.779948	F2	41	58	210	25.751696	F2	41	54	
210	22.858073	C3	48	53	211	25.918363	C3	48	56	
211	23.013021	C4	60	60	212	26.074613	C4	60	58	
212	23.039062	C5	72	70	213	26.085029	C5	72	62	
213	23.139323	C3	48	40	214	26.225654	C3	48	58	
214	23.236979	Bb3	58	59	216	26.381904	Bb3	58	60	
215	23.260417	C#5	73	74	215	26.381904	C#5	73	65	
216	23.391927	C3	48	46	217	26.538154	C3	48	62	
217	23.546875	F2	41	49	219	26.699613	F2	41	65	
218	23.587240	C5	72	65	218	26.689196	C5	72	71	
219	23.772135	C3	48	47	220	26.855863	C3	48	69	
220	23.932292	G#3	56	45	221	27.012113	G#3	56	69	
221	23.944010	C6	84	72	222	27.022529	C6	84	75	
222	24.042969	C3	48	42	223	27.163154	C3	48	69	
223	24.171875	G#5	80	73	224	27.319404	G#5	80	84	
224	24.180990	C4	60	58	225	27.319404	C4	60	72	
225	24.350260	C3	48	20	226	27.465238	C3	48	75	
226	24.407552	G5	79	68	227	27.621488	G5	79	90	
227	24.428385	F2	41	55	228	27.626696	F2	41	75	
228	24.535156	C3	48	54	229	27.777738	C3	48	79	
229	24.656250	C5	72	67	230	27.928779	C5	72	90	
230	24.664062	Bb3	58	60	231	27.944404	Bb3	58	79	
231	24.796875	C3	48	44	232	28.095446	C3	48	76	
232	24.868490	C#5	73	70	233	28.241279	C#5	73	90	
233	24.904948	G3	55	50	234	28.256904	G3	55	74	
234	24.992188	C3	48	43	235	28.413154	C3	48	71	
235	25.134115	C5	72	64	236	28.548571	C5	72	86	
236	25.138021	F2	41	49	237	28.574613	F2	41	73	
237	25.302083	C3	48	52	238	28.730863	C3	48	79	
238	25.476562	Bb3	58	37	240	28.887113	Bb3	58	83	
239	25.479167	G4	67	67	239	28.861071	G4	67	87	
240	25.617188	C3	48	42	241	29.038154	C3	48	82	
241	25.852865	G3	55	36	243	29.199613	G3	55	83	
242	25.854167	C4	60	66	242	29.194404	C4	60	89	
243	26.119792	C3	48	37	244	29.350654	C3	48	76	
244	26.476562	F2	41	34	246	29.512113	F2	41	79	
245	26.562500	F4	65	57	245	29.512113	F4	65	100	
246	26.841146	C3	48	41	247	29.668363	C3	48	82	
247	26.989583	G#3	56	46	248	29.824613	G#3	56	73	
248	27.141927	C3	48	36	249	29.975654	C3	48	79	
249	27.222656	C4	60	53	250	30.131904	C4	60	72	
250	27.407552	C3	48	15	251	30.288154	C3	48	77	
251	27.457031	F2	41	46	252	30.444404	F2	41	77	
252	27.611979	C3	48	41	253	30.600654	C3	48	76	
253	27.717448	G#3	56	55	254	30.756904	G#3	56	70	
254	27.888021	C3	48	41	255	30.902738	C3	48	70	
255	28.062500	C4	60	48	256	31.069404	C4	60	65	
256	28.243490	C3	48	47	257	31.215238	C3	48	64	
257	28.619792	F2	41	39	259	31.381904	F2	41	57	
258	28.769531	G#4	68	75	258	31.371488	G#4	68	74	
259	29.113281	D3	50	43	260	31.543363	D3	50	57	
260	29.264323	G#3	56	50	261	31.699613	G#3	56	58	
261	29.440104	D3	50	47	262	31.855863	D3	50	55	
262	29.541667	Bb3	58	43	263	32.012113	Bb3	58	56	
263	29.639323	D3	50	50	264	32.168363	D3	50	57	
264	29.740885	Bb4	70	66	265	32.262113	Bb4	70	67	
265	29.812500	G#4	68	73	266	32.298571	G#4	68	75	
266	29.819010	F2	41	46	267	32.324613	F2	41	56	
267	29.940104	Bb2	46	49	268	32.480863	Bb2	46	56	
268	30.100260	G#3	56	62	270	32.637113	G#3	56	56	
269	30.135417	G4	67	77	269	32.631904	G4	67	81	
270	30.246094	Bb2	46	62	271	32.788154	Bb2	46	61	
271	30.403646	Bb3	58	64	272	32.949613	Bb3	58	63	
272	30.588542	Bb2	46	53	274	33.100654	Bb2	46	64	
273	30.601562	G#4	68	83	273	33.085029	G#4	68	76	
274	30.798177	Eb2	39	65	275	33.262113	Eb2	39	64	
275	30.891927	Bb4	70	82	276	33.272529	Bb4	70	80	
276	31.066406	Bb2	46	53	277	33.418363	Bb2	46	65	
277	31.179688	F#3	54	68	278	33.574613	F#3	54	69	
278	31.326823	Bb2	46	58	279	33.725654	Bb2	46	69	
279	31.423177	Bb3	58	67	280	33.892321	Bb3	58	70	
280	31.550781	Bb2	46	66	281	34.043363	Bb2	46	76	
281	31.682292	Eb2	39	67	282	34.204821	Eb2	39	77	
282	31.712240	C5	72	84	283	34.210029	C5	72	89	
283	31.848958	G#2	44	67	284	34.355863	G#2	44	76	
284	31.984375	F#3	54	70	285	34.512113	F#3	54	75	
285	32.106771	G#2	44	70	286	34.663154	G#2	44	75	
286	32.233073	G#3	56	74	287	34.824613	G#3	56	75	
287	32.375000	G#2	44	73	288	34.975654	G#2	44	77	
288	32.519531	C#2	37	74	289	35.126696	C#2	37	87	
289	32.602865	C#5	73	93	290	35.173571	C#5	73	91	
290	32.761719	G#2	44	64	291	35.282946	G#2	44	87	
291	32.876302	G#4	68	89	293	35.470446	G#4	68	89	
292	32.886719	F3	53	73	292	35.449613	F3	53	85	
293	32.980469	G#2	44	66	294	35.600654	G#2	44	89	
294	33.076823	G#3	56	77	295	35.756904	G#3	56	87	
295	33.088542	Bb4	70	93	296	35.762113	Bb4	70	87	
296	33.180990	G#2	44	64	297	35.902738	G#2	44	89	
297	33.298177	C#2	37	69	298	36.074613	C#2	37	89	
298	33.307292	G#4	68	90	299	36.079821	G#4	68	85	
299	33.391927	G#2	44	66	300	36.230863	G#2	44	83	
300	33.507812	F4	65	88	302	36.397529	F4	65	88	
301	33.509115	F3	53	67	301	36.381904	F3	53	82	
302	33.589844	G#2	44	55	303	36.538154	G#2	44	84	
303	33.707031	G#3	56	80	304	36.694404	G#3	56	81	
304	33.707031	C#4	61	95	305	36.699613	C#4	61	86	
305	33.751302	B2	47	11	*	-1	*	-1	-1	
306	33.834635	G#2	44	66	306	36.850654	G#2	44	84	
307	34.006510	C2	36	63	307	37.001696	C2	36	85	
308	34.089844	G#3	56	90	308	37.027738	G#3	56	101	
309	34.315104	G#2	44	55	309	37.157946	G#2	44	82	
310	34.463542	Eb3	51	60	310	37.324613	F3	53	82	
311	34.574219	G#2	44	53	311	37.480863	G#2	44	82	
312	34.690104	G#3	56	61	312	37.637113	G#3	56	82	
313	34.833333	G#2	44	52	313	37.793363	G#2	44	85	
314	34.960938	C2	36	51	314	37.949613	C2	36	84	
315	35.127604	G#2	44	46	315	38.105863	G#2	44	80	
316	35.294271	Eb3	51	55	316	38.256904	F3	53	81	
317	35.472656	G#2	44	48	317	38.402738	G#2	44	77	
318	35.675781	Eb4	63	69	318	38.569404	Eb4	63	80	
319	35.683594	G#3	56	48	319	38.569404	G#3	56	77	
320	35.930990	G#2	44	48	320	38.715238	G#2	44	69	
321	36.450521	B1	35	38	321	38.881904	B1	35	66	
322	36.550781	Eb5	75	72	322	38.887113	Eb5	75	76	
323	36.901042	F#2	42	45	323	39.038154	F#2	42	63	
324	37.069010	Eb3	51	51	324	39.199613	Eb3	51	66	
325	37.184896	F#2	42	57	325	39.340238	F#2	42	66	
326	37.328125	F#3	54	52	326	39.512113	F#3	54	66	
327	37.444010	Eb5	75	58	328	39.756904	Eb5	75	69	
328	37.449219	F#2	42	52	327	39.663154	F#2	42	66	
329	37.513021	F5	77	73	329	39.803779	F5	77	69	
330	37.593750	Eb5	75	75	331	39.887113	Eb5	75	72	
331	37.595052	B1	35	49	330	39.819404	B1	35	64	
332	37.730469	F#2	42	65	332	39.975654	F#2	42	64	
333	37.861979	Eb3	51	65	333	40.131904	Eb3	51	66	
334	37.869792	D5	74	81	334	40.168363	D5	74	74	
335	37.973958	F#2	42	63	335	40.277738	F#2	42	61	
336	38.091146	F#3	54	69	336	40.444404	F#3	54	60	
337	38.092448	Eb5	75	82	337	40.454821	Eb5	75	78	
338	38.210938	F#2	42	68	338	40.590238	F#2	42	61	
339	38.401042	B1	35	55	339	40.751696	B1	35	61	
340	38.451823	F5	77	81	340	40.767321	F5	77	82	
341	38.628906	G#2	44	62	341	40.907946	G#2	44	64	
342	38.761719	C#3	49	57	342	41.074613	C#3	49	65	
343	38.911458	G#2	44	45	343	41.225654	G#2	44	70	
344	39.029948	G#3	56	60	344	41.387113	G#3	56	69	
345	39.182292	G#2	44	54	345	41.538154	G#2	44	69	
346	39.450521	Bb1	34	54	346	41.694404	Bb1	34	69	
347	39.548177	F#5	78	75	347	41.710029	F#5	78	79	
348	39.747396	F#2	42	56	348	41.850654	F#2	42	68	
349	39.877604	C#3	49	54	349	42.006904	C#3	49	65	
350	39.998698	F#2	42	56	350	42.163154	F#2	42	64	
351	40.091146	F#3	54	69	351	42.324613	F#3	54	65	
352	40.201823	F#2	42	65	352	42.475654	F#2	42	65	
353	40.363281	Bb1	34	66	353	42.631904	Bb1	34	70	
354	40.535156	F#2	42	62	354	42.793363	F#2	42	71	
355	40.658854	C#5	73	72	355	42.928779	C#5	73	74	
356	40.670573	C#3	49	61	356	42.949613	C#3	49	73	
357	40.763021	F#2	42	61	357	43.105863	F#2	42	70	
358	40.897135	F#3	54	68	359	43.267321	F#3	54	69	
359	40.921875	Eb5	75	83	358	43.246488	Eb5	75	75	
360	41.014323	F#2	42	67	360	43.423571	F#2	42	74	
361	41.149740	Bb1	34	70	362	43.579821	Bb1	34	73	
362	41.171875	C#5	73	84	361	43.564196	C#5	73	78	
363	41.292969	F#2	42	70	363	43.736071	F#2	42	77	
364	41.395833	Bb4	70	84	364	43.866279	Bb4	70	78	
365	41.417969	C#3	49	70	365	43.876696	C#3	49	77	
366	41.500000	F#2	42	73	366	44.048571	F#2	42	78	
367	41.582031	F#4	66	81	367	44.173571	F#4	66	78	
368	41.631510	F#3	54	62	368	44.204821	F#3	54	78	
369	41.695312	F#2	42	71	369	44.361071	F#2	42	81	
370	41.858073	G#1	32	68	371	44.511900	G#1	32	83	
371	41.858073	C#4	61	81	370	44.506798	C#4	61	84	
372	41.993490	F2	41	58	372	44.664961	F2	41	80	
373	42.105469	C#5	73	85	373	44.812713	C#5	73	85	
374	42.117188	C#3	49	70	374	44.817789	C#3	49	82	
375	42.188802	F2	41	69	375	44.964998	F2	41	86	
376	42.309896	Eb5	75	95	377	45.126921	Eb5	75	83	
377	42.367188	F3	53	60	376	45.121871	F3	53	85	
378	42.444010	F2	41	24	378	45.268336	F2	41	85	
379	42.507812	C#5	73	93	379	45.399116	C#5	73	84	
380	42.566406	G#1	32	58	380	45.429267	G#1	32	85	
381	42.611979	G1	31	26	*	-1	*	-1	-1	
382	42.651042	E2	40	74	381	45.574844	E2	40	86	
383	42.658854	Eb2	39	8	*	-1	*	-1	-1	
384	42.707031	G#4	68	91	382	45.719844	G#4	68	87	
385	42.747396	C#3	49	78	383	45.719844	C#3	49	89	
386	42.829427	E2	40	68	384	45.869571	E2	40	91	
387	42.889323	E4	64	88	385	46.013849	E4	64	92	
388	42.957031	E3	52	62	386	46.023800	E3	52	88	
389	43.067708	E2	40	53	387	46.157660	E2	40	90	
390	43.186198	G1	31	66	389	46.316051	G1	31	101	
391	43.192708	C#4	61	85	388	46.316051	C#4	61	98	
392	43.389323	E2	40	59	390	46.468761	E2	40	80	
393	43.498698	C#5	73	80	392	46.631033	C#5	73	89	
394	43.503906	C#3	49	59	391	46.616327	C#3	49	82	
395	43.506510	C#4	61	67	393	46.635934	C#4	61	89	
396	43.618490	E2	40	57	394	46.758483	E2	40	84	
397	43.731771	Eb5	75	88	396	46.909990	Eb5	75	94	
398	43.735677	Eb4	63	77	397	46.919746	Eb4	63	92	
399	43.756510	E3	52	60	395	46.905112	E3	52	81	
400	43.790365	E2	40	59	398	47.056331	E2	40	80	
401	43.921875	Bb1	34	82	399	47.197203	Bb1	34	97	
402	43.983073	G2	43	75	400	47.342716	G2	43	79	
403	44.111979	E5	76	88	401	47.487644	E5	76	92	
404	44.123698	E4	64	73	402	47.492475	E4	64	92	
405	44.130208	F3	53	56	*	-1	*	-1	-1	
406	44.134115	E3	52	48	403	47.492475	E3	52	79	
407	44.175781	G2	43	68	404	47.632316	G2	43	80	
408	44.307292	G3	55	68	407	47.776547	G3	55	79	
409	44.307292	F#5	78	91	405	47.752508	F#5	78	91	
410	44.315104	F#4	66	78	406	47.766931	F#4	66	91	
411	44.371094	G2	43	67	408	47.920295	G2	43	82	
412	44.489583	B1	35	66	409	48.063812	B1	35	100	
413	44.492188	C2	36	58	*	-1	*	-1	-1	
414	44.550781	G2	43	72	410	48.206670	G2	43	83	
415	44.631510	E3	52	78	411	48.349346	E3	52	87	
416	44.670573	G5	79	94	413	48.363564	G5	79	95	
417	44.678385	G4	67	86	412	48.363564	G4	67	95	
418	44.717448	G2	43	70	414	48.482048	G2	43	80	
419	44.822917	G3	55	77	416	48.633304	G3	55	88	
420	44.869792	A5	81	92	415	48.633304	A5	81	95	
421	44.875000	A4	69	92	417	48.638021	A4	69	95	
422	44.925781	G2	43	62	418	48.765380	G2	43	87	
423	45.031250	C2	36	78	419	48.911075	C2	36	103	
424	45.122396	G2	43	76	420	49.056505	G2	43	81	
425	45.212240	E3	52	79	421	49.196692	E3	52	91	
426	45.231771	Bb4	70	79	423	49.229402	Bb4	70	91	
427	45.236979	Bb5	82	92	422	49.224729	Bb5	82	91	
428	45.321615	G2	43	68	424	49.336640	G2	43	80	
429	45.361979	G#2	44	36	*	-1	*	-1	-1	
430	45.432292	G3	55	78	425	49.480826	G3	55	89	
431	45.438802	C6	84	98	426	49.494779	C6	84	95	
432	45.445312	C5	72	88	427	49.499430	C5	72	95	
433	45.533854	G2	43	72	428	49.615257	G2	43	82	
434	45.652344	E2	40	71	429	49.754146	F2	41	101	
435	45.665365	C#6	85	93	430	49.772665	C#6	85	93	
436	45.666667	C#5	73	93	431	49.777295	C#5	73	93	
437	45.770833	C#3	49	69	432	49.897665	C#3	49	79	
438	45.906250	Eb6	87	98	434	50.045813	Eb6	87	93	
439	45.907552	Bb3	58	78	433	50.031924	Bb3	58	83	
440	45.907552	Eb5	75	97	435	50.045813	Eb5	75	93	
441	45.985677	C#3	49	64	436	50.175443	C#3	49	80	
442	46.096354	G2	43	78	438	50.314289	G2	43	105	
443	46.098958	E6	88	94	437	50.309681	E6	88	94	
444	46.101562	E5	76	93	439	50.318898	E5	76	94	
445	46.145833	Bb2	46	39	*	-1	*	-1	-1	
446	46.214844	E3	52	78	440	50.452538	E3	52	83	
447	46.282552	F#6	90	105	442	50.604612	F#6	90	91	
448	46.289062	F#5	78	101	443	50.609220	F#5	78	91	
449	46.304688	C#4	61	89	441	50.586179	C#4	61	82	
450	46.356771	Eb6	87	14	*	-1	*	-1	-1	
451	46.395833	E3	52	73	444	50.724427	E3	52	83	
452	46.477865	Bb2	46	85	446	50.867683	Bb2	46	105	
453	46.492188	G6	91	96	447	50.877299	G6	91	90	
454	46.494792	G5	79	98	445	50.867683	G5	79	90	
455	46.597656	G3	55	73	448	51.012496	G3	55	75	
456	46.708333	A6	93	102	451	51.178471	A6	93	94	
457	46.710938	E4	64	81	449	51.153961	E4	64	86	
458	46.710938	A5	81	97	450	51.173569	A5	81	94	
459	46.819010	G3	55	81	452	51.302014	G3	55	80	
460	46.864583	F#3	54	20	*	-1	*	-1	-1	
461	46.950521	Bb6	94	106	455	51.458512	Bb6	94	105	
462	46.951823	Bb5	82	99	453	51.452664	Bb5	82	105	
463	46.954427	C#3	49	79	454	51.452664	C#3	49	100	
464	47.111979	C7	96	106	456	51.627222	C7	96	104	
465	47.114583	C6	84	104	458	51.638782	C6	84	104	
466	47.118490	Bb3	58	76	457	51.627222	Bb3	58	84	
467	47.244792	G4	67	83	460	51.804533	G4	67	71	
468	47.253906	C#6	85	107	461	51.810215	C#6	85	106	
469	47.257812	C#7	97	103	459	51.804533	C#7	97	106	
470	47.286458	C7	96	66	*	-1	*	-1	-1	
471	47.384115	Bb3	58	71	462	51.967870	Bb3	58	76	
472	47.489583	E3	52	71	463	52.134141	E3	52	97	
473	47.600260	C#4	61	70	464	52.302690	C#4	61	84	
474	47.761719	Bb4	70	75	465	52.482925	Bb4	70	89	
475	47.898438	C#4	61	65	466	52.686885	C#4	61	75	
476	48.026042	Bb4	70	70	467	52.897282	Bb4	70	77	
477	48.161458	C#4	61	68	468	53.114536	C#4	61	83	
478	48.277344	Bb4	70	71	469	53.331475	Bb4	70	74	
479	48.415365	C#4	61	70	470	53.563875	C#4	61	84	
480	48.631510	C3	48	64	473	53.778184	C3	48	79	
481	48.666667	C#6	85	85	472	53.771934	C#6	85	90	
482	48.671875	C#5	73	78	471	53.771934	C#5	73	90	
483	48.822917	G#3	56	69	474	53.971468	G#3	56	76	
484	48.963542	F4	65	75	477	54.156885	F4	65	70	
485	48.975260	C#5	73	94	476	54.144615	C#5	73	92	
486	48.975260	C#6	85	98	475	54.144615	C#6	85	92	
487	49.098958	G#3	56	74	478	54.340335	G#3	56	81	
488	49.226562	G#4	68	83	481	54.522082	G#4	68	70	
489	49.257812	C#6	85	99	479	54.510034	C#6	85	90	
490	49.260417	C#5	73	96	480	54.510034	C#5	73	90	
491	49.417969	G#3	56	73	482	54.696132	G#3	56	75	
492	49.643229	C3	48	53	485	54.880410	C3	48	79	
493	49.761719	C#6	85	89	483	54.868576	C#6	85	92	
494	49.763021	C#5	73	82	484	54.868576	C#5	73	92	
495	49.975260	G3	55	50	486	55.051242	G3	55	75	
496	50.127604	E4	64	56	487	55.226307	E4	64	70	
497	50.295573	G3	55	43	488	55.399719	G3	55	70	
498	50.496094	G4	67	47	491	55.571640	G4	67	73	
499	50.498698	C6	84	75	490	55.565926	C6	84	88	
500	50.514323	C5	72	62	489	55.565926	C5	72	88	
501	50.714844	G3	55	51	492	55.741903	G3	55	72	
502	50.822917	C5	72	3	*	-1	*	-1	-1	
503	50.966146	C3	48	40	493	55.905205	C3	48	59	
504	51.045573	C#5	73	71	494	55.905205	C#5	73	71	
505	51.240885	G#3	56	51	495	56.098528	G#3	56	62	
506	51.394531	F4	65	53	497	56.283869	F4	65	53	
507	51.404948	C#5	73	77	496	56.277734	C#5	73	70	
508	51.520833	G#3	56	56	498	56.461259	G#3	56	58	
509	51.641927	G#4	68	59	500	56.648957	G#4	68	59	
510	51.664062	C#5	73	78	499	56.642933	C#5	73	70	
511	51.789062	G#3	56	52	501	56.823042	G#3	56	60	
512	52.002604	C3	48	46	503	57.019013	C3	48	61	
513	52.062500	C#5	73	76	502	57.001262	C#5	73	70	
514	52.250000	G3	55	47	504	57.189499	G3	55	63	
515	52.389323	E4	64	55	505	57.358478	E4	64	53	
516	52.513021	G3	55	55	506	57.531690	G3	55	54	
517	52.598958	C5	72	71	507	57.697700	C5	72	66	
518	52.625000	G4	67	64	508	57.703381	G4	67	55	
519	52.736979	G3	55	59	509	57.862055	G3	55	66	
520	52.846354	C3	48	60	511	58.042167	C3	48	86	
521	52.899740	Bb5	82	88	510	58.042167	Bb5	82	97	
522	52.907552	Bb4	70	77	512	58.048119	Bb4	70	97	
523	52.998698	F3	53	66	513	58.220351	F3	53	73	
524	53.110677	C#4	61	75	516	58.396963	C#4	61	70	
525	53.130208	G#5	80	90	514	58.379419	G#5	80	92	
526	53.132812	G#4	68	86	515	58.385267	G#4	68	92	
527	53.227865	F3	53	68	517	58.560263	F3	53	82	
528	53.347656	F4	65	71	520	58.750951	F4	65	69	
529	53.377604	Bb5	82	95	518	58.716468	Bb5	82	92	
530	53.380208	Bb4	70	92	519	58.727963	Bb4	70	92	
531	53.510417	F3	53	64	521	58.911312	F3	53	73	
532	53.690104	C3	48	52	523	59.087096	C3	48	87	
533	53.756510	C6	84	91	524	59.092745	C6	84	92	
534	53.766927	C5	72	82	522	59.087096	C5	72	92	
535	53.934896	G3	55	56	525	59.255764	G3	55	84	
536	54.046875	E4	64	63	526	59.428451	E4	64	69	
537	54.160156	G3	55	47	527	59.589563	G3	55	74	
538	54.268229	G4	67	59	528	59.761785	G4	67	70	
539	54.398438	G3	55	54	529	59.911785	G3	55	70	
540	54.492188	Bb4	70	70	530	60.084007	Bb4	70	66	
541	54.524740	C3	48	51	531	60.095842	C3	48	63	
542	54.656250	F3	53	40	532	60.278925	F3	53	61	
543	54.738281	G#4	68	72	533	60.437267	G#4	68	68	
544	54.743490	C#4	61	58	534	60.448963	C#4	61	64	
545	54.893229	F3	53	46	535	60.623451	F3	53	68	
546	55.001302	Bb4	70	69	536	60.779221	Bb4	70	69	
547	55.003906	F4	65	40	537	60.802209	F4	65	66	
548	55.092448	F3	53	51	538	60.968252	F3	53	64	
549	55.361979	C3	48	36	540	61.144196	C3	48	62	
550	55.442708	C5	72	63	539	61.138546	C5	72	73	
551	55.657552	G3	55	41	541	61.307530	G3	55	62	
552	55.813802	E4	64	41	542	61.480872	E4	64	62	
553	55.949219	G3	55	49	543	61.641984	G3	55	64	
554	56.063802	G4	67	59	544	61.808650	G4	67	67	
555	56.195312	G3	55	54	545	61.969762	G3	55	69	
556	56.316406	C3	48	58	546	62.137123	C3	48	86	
557	56.329427	C#7	97	84	547	62.174623	C#7	97	89	
558	56.345052	C#6	85	72	548	62.180873	C#6	85	79	
559	56.526042	F3	53	62	549	62.323617	G#3	56	69	
560	56.593750	C#7	97	91	550	62.409696	C#7	97	90	
561	56.601562	C#6	85	86	551	62.421929	C#6	85	80	
562	56.705729	C#4	61	64	552	62.507258	F4	65	70	
563	56.759115	C#7	97	88	553	62.616020	C#7	97	93	
564	56.760417	C#6	85	86	554	62.622044	C#6	85	81	
565	56.859375	F3	53	62	555	62.682033	G#3	56	68	
566	56.907552	C#6	85	93	557	62.812881	C#6	85	80	
567	56.908854	C#7	97	91	556	62.806963	C#7	97	90	
568	56.998698	F4	65	63	558	62.865961	G#4	68	65	
569	57.115885	C#5	73	99	560	63.000637	C#5	73	85	
570	57.115885	C#6	85	90	559	62.989009	C#6	85	94	
571	57.160156	C5	72	53	*	-1	*	-1	-1	
572	57.165365	F3	53	54	561	63.035521	G#3	56	70	
573	57.350260	C3	48	65	562	63.214050	C3	48	79	
574	57.467448	C#6	85	85	563	63.219765	C#6	85	93	
575	57.470052	C#5	73	99	564	63.225479	C#5	73	83	
576	57.700521	G3	55	58	565	63.384282	G3	55	67	
577	57.872396	E4	64	58	566	63.552009	E4	64	71	
578	58.009115	G3	55	56	567	63.712291	G3	55	70	
579	58.154948	C6	84	84	569	63.878037	C6	84	83	
580	58.161458	G4	67	62	570	63.883561	G4	67	71	
581	58.162760	C5	72	71	568	63.878037	C5	72	73	
582	58.316406	G3	55	55	571	64.049307	G3	55	68	
583	58.434896	C3	48	59	572	64.220578	C3	48	64	
584	58.489583	C#6	85	76	573	64.282706	C#6	85	70	
585	58.623698	F3	53	56	574	64.401420	G#3	56	52	
586	58.695312	C#6	85	78	575	64.500339	C#6	85	68	
587	58.776042	C#4	61	55	576	64.592289	F4	65	52	
588	58.846354	C#6	85	70	577	64.725772	C#6	85	69	
589	58.915365	F3	53	51	578	64.767904	G#3	56	56	
590	58.990885	C#6	85	68	579	64.934787	C#6	85	72	
591	59.041667	F4	65	50	580	64.952539	G#4	68	55	
592	59.136719	C#5	73	68	581	65.110643	C#5	73	73	
593	59.148438	F3	53	50	582	65.128084	G#3	56	53	
594	59.354167	C3	48	48	583	65.289472	C3	48	61	
595	59.398438	C#5	73	73	584	65.323758	C#5	73	74	
596	59.583333	G3	55	52	585	65.465418	G3	55	55	
597	59.718750	E4	64	56	586	65.627402	E4	64	52	
598	59.842448	G3	55	50	587	65.809722	G3	55	54	
599	59.946615	G4	67	67	588	65.958893	G4	67	53	
600	59.955729	C5	72	73	589	65.964418	C5	72	71	
601	60.084635	G3	55	66	590	66.141213	G3	55	67	
602	60.188802	C3	48	71	593	66.309253	C3	48	81	
603	60.230469	Bb4	70	88	592	66.309253	Bb4	70	80	
604	60.230469	Bb5	82	90	591	66.302963	Bb5	82	90	
605	60.378906	F3	53	66	594	66.496757	F3	53	70	
606	60.475260	C5	72	94	596	66.564659	C5	72	81	
607	60.475260	C6	84	96	595	66.546140	C6	84	91	
608	60.507812	C#4	61	74	597	66.681037	C#4	61	73	
609	60.653646	F3	53	70	600	66.856249	F3	53	74	
610	60.653646	Bb5	82	96	598	66.741754	Bb5	82	93	
611	60.657552	Bb4	70	96	601	66.939868	G#4	68	82	
612	60.816406	F4	65	77	603	67.034614	F4	65	72	
613	60.855469	G#4	68	92	*	-1	*	-1	-1	
614	60.855469	G#5	80	91	602	66.945820	G#5	80	90	
615	61.059896	F3	53	70	606	67.210124	F3	53	73	
616	61.121094	Bb4	70	85	604	67.140255	Bb4	70	81	
617	61.127604	Bb5	82	90	605	67.146103	Bb5	82	91	
618	61.417969	C3	48	63	609	67.382840	C3	48	84	
619	61.514323	C6	84	90	607	67.359983	C6	84	91	
620	61.522135	C5	72	81	608	67.365697	C5	72	81	
621	61.751302	G3	55	53	610	67.547229	G3	55	76	
622	61.916667	E4	64	57	611	67.714737	E4	64	76	
623	62.049479	G3	55	57	612	67.869433	G3	55	73	
624	62.179688	G4	67	53	613	68.046229	G4	67	70	
625	62.335938	G3	55	47	614	68.211975	G3	55	71	
626	62.540365	C3	48	42	616	68.378485	C3	48	59	
627	62.593750	Bb4	70	56	615	68.372195	Bb4	70	60	
628	62.776042	F3	53	46	617	68.566146	F3	53	58	
629	62.856771	C5	72	66	618	68.627951	C5	72	65	
630	62.950521	C#4	61	42	619	68.750653	C#4	61	60	
631	63.057292	Bb4	70	68	620	68.835686	Bb4	70	65	
632	63.115885	F3	53	50	621	68.920060	F3	53	58	
633	63.300781	G#4	68	67	622	69.027631	G#4	68	66	
634	63.308594	F4	65	48	623	69.110577	F4	65	58	
635	63.548177	F3	53	42	625	69.283630	F3	53	57	
636	63.558594	Bb4	70	68	624	69.217510	Bb4	70	60	
637	63.882812	C3	48	43	627	69.473715	C3	48	56	
638	63.927083	C5	72	65	626	69.442659	C5	72	62	
639	64.233073	G3	55	40	628	69.668737	G3	55	59	
640	64.437500	E4	64	41	629	69.856473	E4	64	51	
641	64.657552	G3	55	41	630	70.040684	G3	55	54	
642	64.888021	G4	67	47	631	70.238052	G4	67	49	
643	65.220052	G3	55	37	632	70.435421	G3	55	54	
644	65.727865	F2	41	43	633	70.639992	F2	41	51	
645	66.076823	C3	48	39	634	70.807222	C3	48	52	
646	66.369792	G#3	56	35	635	70.968795	G#3	56	54	
647	66.394531	F4	65	61	636	70.984420	F4	65	62	
648	66.579427	C3	48	40	637	71.119837	C3	48	54	
649	66.701823	G4	67	63	639	71.291712	G4	67	63	
650	66.739583	Bb3	58	44	638	71.276087	Bb3	58	55	
651	66.863281	C3	48	43	640	71.432337	C3	48	57	
652	66.958333	F2	41	59	641	71.578170	F2	41	55	
653	67.087240	C3	48	48	642	71.744837	C3	48	54	
654	67.156250	G#4	68	74	644	71.911503	G#4	68	60	
655	67.184896	C4	60	53	643	71.901087	C4	60	55	
656	67.272135	C3	48	49	645	72.057337	C3	48	53	
657	67.368490	Bb4	70	79	646	72.213587	Bb4	70	65	
658	67.393229	C#4	61	63	647	72.213587	C#4	61	55	
659	67.529948	C3	48	49	648	72.369837	C3	48	55	
660	67.584635	F2	41	65	649	72.526087	F2	41	55	
661	67.682292	C3	48	59	650	72.682337	C3	48	55	
662	67.783854	C5	72	75	651	72.833378	C5	72	73	
663	67.798177	C4	60	67	652	72.843795	C4	60	55	
664	67.904948	C3	48	51	653	72.989628	C3	48	59	
665	68.006510	C#5	73	71	654	73.093795	C#5	73	68	
666	68.045573	Bb3	58	57	656	73.145878	Bb3	58	61	
667	68.082031	Eb5	75	83	655	73.130253	Eb5	75	76	
668	68.164062	C#5	73	78	657	73.177128	C#5	73	73	
669	68.222656	C3	48	45	658	73.307337	C3	48	63	
670	68.408854	F2	41	59	660	73.458378	F2	41	64	
671	68.467448	C5	72	76	659	73.442753	C5	72	76	
672	68.631510	C3	48	54	661	73.619837	C3	48	63	
673	68.727865	G#5	80	82	662	73.765670	G#5	80	76	
674	68.751302	G#3	56	61	663	73.776087	G#3	56	62	
675	68.858073	C3	48	58	664	73.927128	C3	48	62	
676	68.921875	G5	79	85	666	74.093795	G5	79	82	
677	68.949219	Bb3	58	66	665	74.083378	Bb3	58	62	
678	69.057292	C3	48	57	667	74.239628	C3	48	66	
679	69.101562	F5	77	91	669	74.406295	F5	77	89	
680	69.149740	F2	41	62	668	74.401087	F2	41	76	
681	69.292969	C3	48	57	670	74.552128	C3	48	76	
682	69.303385	C5	72	80	671	74.708378	C5	72	90	
683	69.368490	G#3	56	61	672	74.708378	G#3	56	76	
684	69.393229	C#5	73	79	674	74.921920	C#5	73	87	
685	69.460938	Eb5	75	82	675	74.963587	Eb5	75	87	
686	69.466146	C3	48	63	673	74.859420	C3	48	77	
687	69.532552	C#5	73	85	677	75.041712	C#5	73	85	
688	69.570312	Bb3	58	68	676	75.010462	Bb3	58	78	
689	69.680990	C3	48	64	678	75.166712	C3	48	75	
690	69.751302	C5	72	84	679	75.312545	C5	72	86	
691	69.773438	F2	41	66	680	75.333378	F2	41	77	
692	69.893229	C3	48	66	681	75.479212	C3	48	72	
693	69.980469	G#4	68	88	683	75.656295	G#4	68	84	
694	69.981771	G#3	56	70	682	75.640670	G#3	56	78	
695	70.054688	C3	48	57	684	75.786503	C3	48	71	
696	70.203125	F4	65	89	686	75.968795	F4	65	84	
697	70.212240	C4	60	47	685	75.953170	C4	60	78	
698	70.343750	C3	48	65	687	76.104212	C3	48	68	
699	70.454427	F2	41	65	688	76.265670	F2	41	83	
700	70.579427	C4	60	93	689	76.286503	C4	60	99	
701	70.773438	C3	48	63	690	76.432337	C3	48	61	
702	70.880208	G3	55	61	691	76.583378	G3	55	68	
703	70.976562	C3	48	54	692	76.739628	C3	48	60	
704	71.059896	G#3	56	71	693	76.895878	G#3	56	76	
705	71.183594	C3	48	54	694	77.041712	C3	48	70	
706	71.250000	F2	41	67	695	77.203170	F2	41	75	
707	71.363281	C3	48	62	696	77.364628	C3	48	62	
708	71.475260	Bb3	58	69	697	77.526087	Bb3	58	74	
709	71.611979	C3	48	50	698	77.682337	C3	48	61	
710	71.708333	G3	55	57	699	77.838587	G3	55	68	
711	71.820312	C3	48	43	700	77.994837	C3	48	55	
712	71.947917	F2	41	50	701	78.151087	F2	41	59	
713	72.087240	C3	48	56	702	78.307337	C3	48	55	
714	72.212240	G#3	56	54	703	78.463587	G#3	56	55	
715	72.234375	F4	65	64	704	78.468795	F4	65	61	
716	72.346354	C3	48	50	705	78.614628	C3	48	56	
717	72.459635	G4	67	73	707	78.781295	G4	67	64	
718	72.468750	Bb3	58	51	706	78.770878	Bb3	58	60	
719	72.565104	C3	48	45	708	78.921920	C3	48	62	
720	72.658854	F2	41	64	709	79.083378	F2	41	61	
721	72.750000	C3	48	56	710	79.234420	C3	48	60	
722	72.845052	G#4	68	77	712	79.416712	G#4	68	58	
723	72.861979	C4	60	62	711	79.401087	C4	60	59	
724	72.930990	C3	48	54	713	79.552128	C3	48	63	
725	73.019531	C#4	61	75	714	79.708378	C#4	61	59	
726	73.029948	Bb4	70	82	715	79.724003	Bb4	70	62	
727	73.162760	C3	48	55	716	79.864628	C3	48	57	
728	73.216146	F2	41	70	717	80.026087	F2	41	57	
729	73.312500	C3	48	59	718	80.177128	C3	48	60	
730	73.398438	C5	72	80	719	80.333378	C5	72	72	
731	73.421875	C4	60	65	720	80.338587	C4	60	60	
732	73.528646	C3	48	51	721	80.489628	C3	48	62	
733	73.554688	C#5	73	74	722	80.567753	C#5	73	65	
734	73.617188	Eb5	75	80	723	80.609420	Eb5	75	67	
735	73.632812	Bb3	58	65	724	80.645878	Bb3	58	64	
736	73.674479	C#5	73	84	725	80.661503	C#5	73	76	
737	73.742188	C3	48	48	726	80.802128	C3	48	66	
738	73.873698	F2	41	57	728	80.963587	F2	41	66	
739	73.930990	C5	72	79	727	80.942753	C5	72	76	
740	74.055990	C3	48	53	729	81.114628	C3	48	66	
741	74.188802	G#3	56	56	730	81.276087	G#3	56	69	
742	74.223958	C6	84	83	731	81.286503	C6	84	72	
743	74.276042	C3	48	53	732	81.427128	C3	48	71	
744	74.419271	G#5	80	88	734	81.599003	G#5	80	78	
745	74.421875	C4	60	46	733	81.588587	C4	60	75	
746	74.501302	C3	48	51	735	81.739628	C3	48	77	
747	74.598958	F2	41	68	737	81.901087	F2	41	79	
748	74.615885	G5	79	82	736	81.890670	G5	79	86	
749	74.694010	C3	48	66	738	82.057337	C3	48	78	
750	74.798177	Bb3	58	73	739	82.213587	Bb3	58	77	
751	74.807292	C5	72	85	740	82.234420	C5	72	85	
752	74.894531	C3	48	62	741	82.369837	C3	48	79	
753	74.981771	C#5	73	87	742	82.520878	C#5	73	81	
754	74.983073	G3	55	73	743	82.526087	G3	55	75	
755	75.083333	C3	48	57	744	82.682337	C3	48	78	
756	75.164062	F2	41	66	745	82.843795	F2	41	81	
757	75.164062	C5	72	89	746	82.854212	C5	72	81	
758	75.276042	C3	48	60	747	83.000045	C3	48	80	
759	75.386719	G4	67	91	748	83.140670	G4	67	83	
760	75.390625	Bb3	58	70	749	83.151087	Bb3	58	77	
761	75.492188	C3	48	58	750	83.307337	C3	48	77	
762	75.597656	G3	55	75	751	83.463587	G3	55	78	
763	75.615885	C4	60	91	752	83.474003	C4	60	82	
764	75.736979	C3	48	72	753	83.614628	C3	48	77	
765	75.848958	F2	41	81	755	83.770878	F2	41	83	
766	75.921875	F4	65	94	754	83.770878	F4	65	79	
767	76.063802	G4	67	91	757	83.944189	G4	67	82	
768	76.082031	B2	47	69	756	83.938634	B2	47	79	
769	76.203125	G#4	68	97	759	84.136718	G#4	68	95	
770	76.217448	G#3	56	78	758	84.109515	G#3	56	87	
771	76.365885	B2	47	65	760	84.266363	B2	47	76	
772	76.475260	C#4	61	75	761	84.430840	C#4	61	93	
773	76.600260	B2	47	62	762	84.584315	B2	47	84	
774	76.709635	F2	41	70	763	84.747280	F2	41	90	
775	76.828125	B2	47	66	764	84.914672	B2	47	77	
776	76.963542	G#3	56	73	765	85.092584	G#3	56	85	
777	77.122396	B2	47	61	766	85.269833	B2	47	79	
778	77.355469	C#4	61	81	767	85.452327	C#4	61	81	
779	77.582031	B2	47	49	768	85.632568	B2	47	73	
780	77.916667	F2	41	56	769	85.822303	F2	41	66	
781	78.165365	C3	48	40	770	85.985343	C3	48	72	
782	78.351562	F5	77	84	772	86.146586	F5	77	69	
783	78.352865	G#3	56	49	771	86.125753	G#3	56	73	
784	78.358073	F4	65	72	773	86.157003	F4	65	64	
785	78.524740	C3	48	51	774	86.297628	C3	48	75	
786	78.679688	G5	79	81	776	86.464295	G5	79	70	
787	78.692708	G4	67	71	777	86.464295	G4	67	65	
788	78.697917	Bb3	58	49	775	86.448670	Bb3	58	73	
789	78.835938	C3	48	53	778	86.599711	C3	48	76	
790	78.914062	F2	41	63	779	86.761170	F2	41	73	
791	79.022135	C3	48	58	780	86.917420	C3	48	73	
792	79.118490	G#5	80	90	782	87.099711	G#5	80	73	
793	79.126302	G#4	68	80	783	87.099711	G#4	68	68	
794	79.153646	C4	60	57	781	87.073670	C4	60	76	
795	79.240885	C3	48	57	784	87.224711	C3	48	75	
796	79.341146	Bb5	82	89	785	87.370545	Bb5	82	75	
797	79.343750	C#4	61	69	787	87.380961	C#4	61	75	
798	79.352865	Bb4	70	76	786	87.380961	Bb4	70	70	
799	79.462240	C3	48	59	788	87.537211	C3	48	75	
800	79.526042	F2	41	73	789	87.698670	F2	41	73	
801	79.622396	C3	48	64	790	87.849711	C3	48	80	
802	79.736979	C4	60	65	791	88.005961	C4	60	84	
803	79.740885	C6	84	91	793	88.016378	C6	84	71	
804	79.746094	C5	72	81	792	88.016378	C5	72	65	
805	79.829427	C3	48	48	794	88.151795	C3	48	84	
806	79.953125	Bb3	58	66	796	88.318461	Bb3	58	89	
807	80.009115	C#6	85	85	795	88.318461	C#6	85	74	
808	80.016927	C#5	73	75	797	88.323670	C#5	73	69	
809	80.087240	C3	48	53	798	88.464295	C3	48	82	
810	80.250000	F2	41	57	801	88.630961	F2	41	82	
811	80.322917	C6	84	81	799	88.615336	C6	84	78	
812	80.326823	C5	72	73	800	88.620545	C5	72	73	
813	80.450521	C3	48	57	802	88.787211	C3	48	83	
814	80.591146	G#3	56	62	805	88.948670	G#3	56	87	
815	80.636719	G#6	92	93	803	88.922628	G#6	92	78	
816	80.640625	G#5	80	79	804	88.933045	G#5	80	73	
817	80.707031	C3	48	55	806	89.099711	C3	48	85	
818	80.812500	Bb3	58	66	809	89.261170	Bb3	58	86	
819	80.843750	G6	91	90	808	89.240336	G6	91	86	
820	80.845052	G5	79	84	807	89.235128	G5	79	81	
821	80.923177	C3	48	60	810	89.412211	C3	48	89	
822	81.026042	F2	41	70	813	89.578878	F2	41	90	
823	81.046875	F6	89	97	811	89.537211	F6	89	88	
824	81.050781	F5	77	88	812	89.547628	F5	77	84	
825	81.153646	C3	48	67	814	89.729920	C3	48	87	
826	81.242188	G#3	56	70	817	89.891378	G#3	56	86	
827	81.242188	C6	84	97	815	89.870545	C6	84	90	
828	81.244792	C5	72	95	816	89.875753	C5	72	84	
829	81.324219	C3	48	53	818	90.042420	C3	48	86	
830	81.429688	C#6	85	97	821	90.203878	C#6	85	92	
831	81.430990	Bb3	58	77	819	90.198670	Bb3	58	85	
832	81.432292	C#5	73	98	820	90.203878	C#5	73	87	
833	81.524740	C3	48	58	822	90.349711	C3	48	84	
834	81.625000	F2	41	72	823	90.511170	F2	41	83	
835	81.640625	C6	84	101	824	90.526795	C6	84	91	
836	81.644531	C5	72	90	825	90.532003	C5	72	86	
837	81.750000	C3	48	58	826	90.672628	C3	48	88	
838	81.845052	G#3	56	68	828	90.823670	G#3	56	86	
839	81.876302	G#4	68	97	829	90.828878	G#4	68	85	
840	81.876302	G#5	80	98	827	90.823670	G#5	80	91	
841	81.907552	C3	48	47	830	90.974711	C3	48	87	
842	81.940104	F#5	78	22	*	-1	*	-1	-1	
843	82.097656	C4	60	65	831	91.141378	C4	60	83	
844	82.145833	F4	65	88	833	91.162211	F4	65	85	
845	82.145833	F5	77	97	832	91.146586	F5	77	91	
846	82.239583	C3	48	51	834	91.292420	C3	48	84	
847	82.438802	F2	41	57	835	91.448670	F2	41	87	
848	82.605469	C5	72	92	836	91.464295	C5	72	97	
849	82.606771	C4	60	90	837	91.474711	C4	60	92	
850	82.828125	C3	48	48	838	91.604920	C3	48	86	
851	82.955729	G3	55	64	839	91.755961	G3	55	89	
852	83.085938	C3	48	44	840	91.912211	C3	48	89	
853	83.153646	G#3	56	64	841	92.068461	G#3	56	87	
854	83.283854	C3	48	48	842	92.224711	C3	48	86	
855	83.385417	F2	41	58	843	92.375753	F2	41	80	
856	83.490885	C3	48	58	844	92.537211	C3	48	78	
857	83.631510	Bb3	58	64	845	92.693461	Bb3	58	79	
858	83.794271	C3	48	41	846	92.839295	C3	48	77	
859	83.914062	G3	55	52	847	92.995545	G3	55	79	
860	84.067708	C3	48	35	848	93.151795	C3	48	75	
861	84.257812	F2	41	46	849	93.318461	F2	41	62	
862	84.457031	C3	48	44	850	93.479920	C3	48	58	
863	84.686198	A3	57	43	851	93.636170	A3	57	59	
864	84.710938	F5	77	65	852	93.646586	F5	77	67	
865	84.716146	F4	65	57	853	93.651795	F4	65	67	
866	84.886719	C3	48	35	854	93.782003	C3	48	62	
867	85.052083	G5	79	63	856	93.959086	G5	79	68	
868	85.062500	G4	67	61	857	93.964295	G4	67	68	
869	85.083333	Bb3	58	49	855	93.943461	Bb3	58	62	
870	85.234375	C3	48	41	858	94.089295	C3	48	62	
871	85.365885	F2	41	62	859	94.255961	F2	41	64	
872	85.490885	C3	48	58	860	94.401795	C3	48	65	
873	85.585938	A5	81	74	861	94.558045	A5	81	74	
874	85.588542	A4	69	71	862	94.563253	A4	69	73	
875	85.608073	C4	60	58	863	94.568461	C4	60	66	
876	85.721354	C3	48	56	864	94.714295	C3	48	67	
877	85.829427	Bb5	82	84	865	94.854920	Bb5	82	77	
878	85.842448	C#4	61	62	867	94.880961	C#4	61	72	
879	85.843750	Bb4	70	71	866	94.875753	Bb4	70	74	
880	85.938802	C3	48	66	868	95.026795	C3	48	71	
881	86.096354	F2	41	80	869	95.188253	F2	41	77	
882	86.321615	F#3	54	67	870	95.344503	F#3	54	75	
883	86.427083	C6	84	89	872	95.495545	C6	84	83	
884	86.429688	C5	72	88	871	95.495545	C5	72	83	
885	86.451823	Eb4	63	75	873	95.511170	Eb4	63	73	
886	86.563802	F#3	54	75	874	95.662211	F#3	54	72	
887	86.647135	F4	65	81	877	95.818461	F4	65	75	
888	86.660156	C#6	85	98	875	95.802836	C#6	85	85	
889	86.661458	C#5	73	88	876	95.813253	C#5	73	85	
890	86.750000	F#3	54	79	878	95.964295	F#3	54	73	
891	86.912760	F2	41	87	881	96.130961	F2	41	76	
892	86.985677	Eb5	75	98	879	96.125753	Eb5	75	89	
893	86.985677	Eb6	87	93	880	96.130961	Eb6	87	99	
894	87.205729	F#3	54	59	882	96.287211	F#3	54	74	
895	87.257812	G#3	56	32	*	-1	*	-1	-1	
896	87.326823	F#4	66	66	883	96.443461	F#4	66	74	
897	87.414062	F#3	54	70	884	96.599711	F#3	54	69	
898	87.535156	F#4	66	62	885	96.755961	F#4	66	67	
899	87.601562	F#3	54	69	886	96.896586	F#3	54	65	
900	87.792969	F2	41	65	887	97.068461	F2	41	54	
901	87.910156	D3	50	63	888	97.224711	D3	50	59	
902	88.014323	G#3	56	60	889	97.380961	G#3	56	61	
903	88.026042	B5	83	69	891	97.401795	B5	83	63	
904	88.027344	B4	71	62	890	97.396586	B4	71	63	
905	88.118490	D3	50	54	892	97.542420	D3	50	65	
906	88.214844	A3	57	68	893	97.698670	A3	57	66	
907	88.225260	C6	84	83	895	97.709086	C6	84	69	
908	88.231771	C5	72	72	894	97.709086	C5	72	69	
909	88.321615	D3	50	68	896	97.854920	D3	50	68	
910	88.408854	F2	41	76	897	98.011170	F2	41	69	
911	88.485677	D3	50	70	898	98.167420	D3	50	71	
912	88.583333	B3	59	76	899	98.323670	B3	59	77	
913	88.602865	D6	86	91	900	98.354920	D6	86	78	
914	88.604167	D5	74	87	901	98.360128	D5	74	78	
915	88.669271	D3	50	46	902	98.474711	D3	50	81	
916	88.787760	C#4	61	75	903	98.630961	C#4	61	84	
917	88.791667	E6	88	95	904	98.641378	E6	88	84	
918	88.794271	E5	76	87	905	98.651795	E5	76	84	
919	88.872396	D3	50	77	906	98.787211	D3	50	86	
920	88.970052	F2	41	80	907	98.948670	F2	41	89	
921	89.005208	G#2	44	48	*	-1	*	-1	-1	
922	89.048177	D3	50	80	908	99.104920	D3	50	86	
923	89.162760	F6	89	98	911	99.297628	F6	89	91	
924	89.165365	F5	77	96	910	99.292420	F5	77	76	
925	89.177083	D4	62	72	909	99.261170	D4	62	91	
926	89.252604	D3	50	75	912	99.417420	D3	50	89	
927	89.368490	E4	64	82	913	99.573670	E4	64	89	
928	89.373698	G6	91	108	914	99.578878	G6	91	92	
929	89.376302	G5	79	101	915	99.584086	G5	79	95	
930	89.451823	D3	50	76	916	99.729920	D3	50	79	
931	89.598958	F2	41	87	917	99.880961	F2	41	92	
932	89.622396	G#5	80	103	919	99.896586	G#5	80	97	
933	89.622396	G#6	92	108	918	99.896586	G#6	92	97	
934	89.660156	Bb5	82	59	*	-1	*	-1	-1	
935	89.734375	D3	50	72	920	100.037211	D3	50	79	
936	89.962240	F4	65	20	921	100.198670	F4	65	81	
937	90.022135	D3	50	61	922	100.354920	D3	50	80	
938	90.136719	F4	65	70	923	100.505961	F4	65	80	
939	90.279948	D3	50	57	924	100.662211	D3	50	77	
940	90.455729	F2	41	61	925	100.823348	F2	41	56	
941	90.627604	C#3	49	61	926	100.977987	C#3	49	55	
942	90.726562	E4	64	57	928	101.137675	E4	64	63	
943	90.730469	E5	76	64	929	101.142803	E5	76	64	
944	90.756510	Bb3	58	55	927	101.127419	Bb3	58	56	
945	90.852865	C#3	49	51	930	101.281265	C#3	49	60	
946	90.942708	F5	77	64	933	101.450365	F5	77	64	
947	90.946615	C#4	61	59	931	101.435059	C#4	61	59	
948	90.946615	F4	65	51	932	101.445263	F4	65	64	
949	91.041667	C#3	49	56	934	101.593222	C#3	49	59	
950	91.157552	F2	41	59	935	101.746283	F2	41	63	
951	91.165365	G#5	80	68	937	101.761512	G#5	80	67	
952	91.201823	G#4	68	52	936	101.761512	G#4	68	67	
953	91.272135	C#3	49	60	938	101.898568	C#3	49	64	
954	91.385417	G5	79	78	940	102.055902	G5	79	70	
955	91.395833	Bb3	58	61	939	102.050852	Bb3	58	62	
956	91.395833	G4	67	68	941	102.071054	G4	67	69	
957	91.473958	C#3	49	57	942	102.202367	C#3	49	64	
958	91.561198	G#5	80	87	945	102.384135	G#5	80	67	
959	91.562500	C#4	61	65	943	102.353882	C#4	61	67	
960	91.566406	G#4	68	76	944	102.379109	G#4	68	67	
961	91.657552	C#3	49	61	946	102.499712	C#3	49	69	
962	91.733073	F2	41	71	947	102.655491	F2	41	70	
963	91.752604	C6	84	93	949	102.675592	C6	84	71	
964	91.761719	C5	72	80	948	102.665542	C5	72	71	
965	91.824219	C#3	49	70	950	102.805592	C#3	49	72	
966	91.825521	A2	45	4	*	-1	*	-1	-1	
967	91.921875	Bb3	58	75	951	102.955592	Bb3	58	73	
968	91.921875	Bb5	82	94	953	102.975592	Bb5	82	71	
969	91.929688	Bb4	70	82	952	102.965592	Bb4	70	71	
970	92.003906	C#3	49	63	954	103.100045	C#3	49	72	
971	92.072917	C6	84	100	956	103.259249	C6	84	76	
972	92.083333	C5	72	83	957	103.264224	C5	72	76	
973	92.085938	C#4	61	71	955	103.249298	C#4	61	74	
974	92.182292	C#3	49	67	958	103.388109	C#3	49	77	
975	92.247396	Eb6	87	98	961	103.561376	Eb6	87	76	
976	92.252604	Eb5	75	88	960	103.556426	Eb5	75	76	
977	92.261719	F2	41	70	959	103.551475	F2	41	77	
978	92.352865	C#3	49	73	962	103.699429	C#3	49	74	
979	92.364583	C3	48	3	*	-1	*	-1	-1	
980	92.420573	C#6	85	95	965	103.861991	C#6	85	80	
981	92.423177	C#5	73	94	964	103.857065	C#5	73	80	
982	92.438802	Bb3	58	75	963	103.847213	Bb3	58	77	
983	92.532552	C#3	49	71	966	103.989611	C#3	49	75	
984	92.571615	Eb6	87	103	967	104.121964	Eb6	87	82	
985	92.574219	Eb5	75	95	968	104.131768	Eb5	75	81	
986	92.585938	C#4	61	65	969	104.141572	C#4	61	78	
987	92.713542	C#3	49	51	970	104.283274	C#3	49	78	
988	92.763021	F6	89	102	972	104.444250	F6	89	84	
989	92.764323	F5	77	99	973	104.449128	F5	77	84	
990	92.776042	F2	41	71	971	104.434494	F2	41	80	
991	92.846354	C#3	49	67	974	104.575602	C#3	49	81	
992	92.959635	Bb3	58	78	977	104.721233	Bb3	58	78	
993	92.973958	E5	76	99	976	104.711524	E5	76	86	
994	92.973958	E6	88	100	975	104.701815	E6	88	86	
995	93.058594	C#3	49	65	978	104.861681	C#3	49	81	
996	93.149740	C#4	61	81	981	105.011440	C#4	61	78	
997	93.180990	F5	77	103	980	105.001778	F5	77	87	
998	93.180990	F6	89	106	979	104.996947	F6	89	87	
999	93.281250	C#3	49	77	982	105.146473	C#3	49	81	
1000	93.411458	G#6	92	95	983	105.300319	G#6	92	87	
1001	93.412760	F2	41	80	984	105.300319	F2	41	85	
1002	93.412760	G#5	80	99	985	105.314742	G#5	80	87	
1003	93.462240	F#6	90	33	*	-1	*	-1	-1	
1004	93.473958	G5	79	32	*	-1	*	-1	-1	
1005	93.546875	C#3	49	75	986	105.434705	C#3	49	82	
1006	93.657552	G5	79	92	989	105.587815	G5	79	91	
1007	93.660156	G6	91	98	988	105.587815	G6	91	91	
1008	93.665365	Bb3	58	86	987	105.578245	Bb3	58	81	
1009	93.781250	C#3	49	81	990	105.716729	C#3	49	85	
1010	93.885417	G#5	80	102	993	105.877784	G#5	80	90	
1011	93.886719	G#6	92	107	991	105.872784	G#6	92	90	
1012	93.890625	C#4	61	92	992	105.872784	C#4	61	85	
1013	94.015625	C#3	49	84	994	106.020794	C#3	49	90	
1014	94.197917	F2	41	79	997	106.194535	F2	41	91	
1015	94.203125	A5	81	101	995	106.164773	A5	81	83	
1016	94.204427	A6	93	100	996	106.170725	A6	93	94	
1017	94.372396	Bb5	82	100	998	106.359836	Bb5	82	91	
1018	94.375000	C#3	49	73	1000	106.359836	C#3	49	90	
1019	94.377604	Bb6	94	107	999	106.359836	Bb6	94	101	
1020	94.397135	B6	95	84	*	-1	*	-1	-1	
1021	94.515625	C#6	85	103	1002	106.556944	C#6	85	96	
1022	94.520833	Bb3	58	83	1001	106.539703	Bb3	58	90	
1023	94.520833	C#7	97	90	1003	106.568438	C#7	97	107	
1024	94.532552	D7	98	98	*	-1	*	-1	-1	
1025	94.561198	C7	96	60	*	-1	*	-1	-1	
1026	94.575521	Eb6	87	27	*	-1	*	-1	-1	
1027	94.653646	C#3	49	69	1004	106.705096	C#3	49	88	
1028	94.778646	C#4	61	70	1005	106.881985	C#4	61	86	
1029	94.906250	C#3	49	58	1006	107.089754	C#3	49	79	
1030	95.058594	F2	41	55	1007	107.325554	F2	41	76	
1031	95.171875	C#3	49	59	1008	107.553017	C#3	49	74	
1032	95.337240	Bb3	58	66	1009	107.779292	Bb3	58	69	
1033	95.480469	C#3	49	54	1010	108.005829	C#3	49	64	
1034	95.583333	E5	76	75	1012	108.219781	E5	76	79	
1035	95.585938	E4	64	72	1011	108.219781	E4	64	75	
1036	95.609375	C#4	61	65	1013	108.233295	C#4	61	60	
1037	95.779948	C#3	49	53	1014	108.426598	C#3	49	58	
1038	95.950521	F2	41	60	1017	108.631856	F2	41	64	
1039	96.000000	G5	79	80	1015	108.625759	G5	79	72	
1040	96.006510	G4	67	74	1016	108.625759	G4	67	71	
1041	96.157552	C#3	49	62	1018	108.802107	C#3	49	65	
1042	96.334635	Bb3	58	64	1019	108.982507	Bb3	58	63	
1043	96.334635	G4	67	78	1020	108.988495	G4	67	72	
1044	96.334635	G5	79	83	1021	108.988495	G5	79	80	
1045	96.490885	C#3	49	63	1022	109.154846	C#3	49	63	
1046	96.661458	G5	79	82	1024	109.342774	G5	79	79	
1047	96.670573	G4	67	75	1025	109.342774	G4	67	68	
1048	96.677083	C#4	61	56	1023	109.336926	C#4	61	64	
1049	96.858073	C#3	49	51	1026	109.505398	C#3	49	64	
1050	97.104167	F2	41	45	1029	109.700572	F2	41	65	
1051	97.153646	G5	79	79	1027	109.689144	G5	79	83	
1052	97.165365	G4	67	66	1028	109.689144	G4	67	77	
1053	97.411458	C3	48	46	1030	109.876324	C3	48	66	
1054	97.593750	G#3	56	44	1031	110.044455	G#3	56	66	
1055	97.763021	C3	48	43	1032	110.205566	C3	48	66	
1056	97.981771	F5	77	64	1034	110.361122	F5	77	65	
1057	98.005208	F4	65	49	1033	110.361122	F4	65	72	
1058	98.007812	C4	60	38	1035	110.372233	C4	60	63	
1059	98.321615	C3	48	33	1036	110.538900	C3	48	65	
1060	98.627604	F2	41	34	1038	110.700338	F2	41	51	
1061	98.666667	G4	67	55	1037	110.694455	G4	67	58	
1062	98.884115	C#3	49	42	1039	110.876430	C#3	49	52	
1063	99.013021	G4	67	62	1040	111.044969	G4	67	61	
1064	99.046875	Bb3	58	54	1041	111.056530	Bb3	58	55	
1065	99.162760	C#3	49	53	1042	111.223529	C#3	49	59	
1066	99.279948	G4	67	60	1043	111.388789	G4	67	68	
1067	99.304688	C#4	61	49	1044	111.394470	C#4	61	59	
1068	99.445312	C#3	49	49	1045	111.558251	C#3	49	60	
1069	99.597656	G4	67	60	1046	111.726038	G4	67	71	
1070	99.609375	F2	41	48	1047	111.731594	F2	41	57	
1071	99.759115	C3	48	51	1048	111.898260	C3	48	57	
1072	99.878906	G#3	56	58	1049	112.070483	G#3	56	58	
1073	100.006510	C3	48	56	1050	112.231011	C3	48	56	
1074	100.132812	F4	65	68	1051	112.389841	F4	65	68	
1075	100.134115	C4	60	58	1052	112.395276	C4	60	55	
1076	100.263021	C3	48	57	1053	112.557850	C3	48	52	
1077	100.386719	F2	41	64	1054	112.725057	F2	41	63	
1078	100.453125	E5	76	81	1055	112.765993	E5	76	79	
1079	100.458333	E4	64	74	1056	112.777689	E4	64	65	
1080	100.578125	C#3	49	67	1057	112.899884	C#3	49	66	
1081	100.717448	Eb5	75	95	1059	113.084027	Eb5	75	81	
1082	100.723958	Bb3	58	64	1058	113.072598	Bb3	58	65	
1083	100.731771	Eb4	63	75	1060	113.095455	Eb4	63	73	
1084	100.843750	C#3	49	58	1061	113.243217	C#3	49	63	
1085	100.962240	C#4	61	66	1062	113.411822	C#4	61	66	
1086	101.054688	E5	76	77	1063	113.417408	E5	76	81	
1087	101.065104	E4	64	70	1064	113.422995	E4	64	73	
1088	101.250000	C#3	49	45	1065	113.572936	C#3	49	63	
1089	101.548177	F2	41	45	1066	113.743417	F2	41	59	
1090	101.625000	F5	77	70	1068	113.781879	F5	77	80	
1091	101.643229	F4	65	52	1067	113.776384	F4	65	73	
1092	101.875000	C3	48	46	1069	113.913747	C3	48	63	
1093	102.055990	G#3	56	41	1070	114.078582	G#3	56	64	
1094	102.194010	C3	48	37	1071	114.237923	C3	48	64	
1095	102.391927	C4	60	40	1072	114.408253	C4	60	65	
1096	102.598958	C3	48	39	1073	114.567593	C3	48	65	
1097	102.839844	E4	64	59	1074	114.715945	E4	64	65	
1098	102.841146	F2	41	38	1075	114.739191	F2	41	52	
1099	103.088542	C#3	49	43	1076	114.909818	C#3	49	52	
1100	103.315104	Eb4	63	59	1077	115.083533	Eb4	63	58	
1101	103.334635	Bb3	58	42	1078	115.089281	Bb3	58	53	
1102	103.498698	C#3	49	42	1079	115.254510	C#3	49	52	
1103	103.657552	E4	64	66	1080	115.417309	E4	64	65	
1104	103.683594	C#4	61	42	1081	115.422864	C#4	61	48	
1105	103.854167	C#3	49	44	1082	115.588674	C#3	49	50	
1106	104.143229	F2	41	36	1083	115.756700	F2	41	56	
1107	104.223958	F4	65	58	1084	115.772657	F4	65	70	
1108	104.500000	C3	48	43	1085	115.906177	C3	48	51	
1109	104.670573	G#3	56	47	1086	116.078714	G#3	56	51	
1110	104.816406	C3	48	43	1087	116.236679	C3	48	50	
1111	105.006510	C4	60	43	1088	116.401667	C4	60	53	
1112	105.236979	C3	48	46	1089	116.568211	C3	48	57	
1113	105.449219	F2	41	50	1092	116.723767	F2	41	76	
1114	105.548177	G6	91	80	1094	116.900178	G6	91	87	
1115	105.552083	G5	79	76	1093	116.900178	G5	79	82	
1116	105.850260	C#3	49	45	1095	116.940628	C#3	49	77	
1117	105.966146	G6	91	85	1097	117.054453	G6	91	89	
1118	105.975260	G5	79	78	1096	117.054453	G5	79	77	
1119	106.110677	Bb3	58	64	1098	117.140855	Bb3	58	73	
1120	106.190104	G5	79	92	1100	117.206993	G5	79	77	
1121	106.192708	G6	91	95	1099	117.200414	G6	91	90	
1122	106.356771	G5	79	95	1102	117.351257	G5	79	83	
1123	106.359375	G6	91	103	1103	117.357793	G6	91	91	
1124	106.372396	C#3	49	61	1101	117.338185	C#3	49	73	
1125	106.476562	G5	79	98	*	-1	*	-1	-1	
1126	106.476562	G6	91	104	*	-1	*	-1	-1	
1127	106.601562	G5	79	107	1105	117.520050	G5	79	81	
1128	106.604167	G6	91	107	1104	117.513598	G6	91	98	
1129	106.626302	C#4	61	80	1106	117.532953	C#4	61	72	
1130	106.858073	C#3	49	71	1107	117.718567	C#3	49	79	
1131	107.026042	G4	67	93	1108	117.794597	G4	67	85	
1132	107.026042	G5	79	93	1109	117.794597	G5	79	74	
1133	107.200521	F2	41	67	1112	117.914134	F2	41	77	
1134	107.332031	G4	67	96	1111	117.914134	G4	67	93	
1135	107.335938	G5	79	94	1110	117.907884	G5	79	89	
1136	107.652344	C3	48	51	1113	118.094107	C3	48	73	
1137	107.852865	G#3	56	50	1114	118.284408	G#3	56	77	
1138	108.040365	C3	48	49	1115	118.460535	C3	48	75	
1139	108.311198	F5	77	75	1116	118.628741	F5	77	83	
1140	108.321615	F4	65	61	1117	118.634729	F4	65	76	
1141	108.324219	C4	60	56	1118	118.646634	C4	60	75	
1142	108.596354	C3	48	50	1119	118.819253	C3	48	71	
1143	108.963542	F2	41	42	1121	119.009019	F2	41	56	
1144	109.113281	G5	79	60	1120	119.009019	G5	79	72	
1145	109.390625	C#3	49	41	1123	119.207090	C#3	49	57	
1146	109.427083	G5	79	63	1122	119.186682	G5	79	71	
1147	109.571615	G5	79	59	1124	119.342455	G5	79	72	
1148	109.608073	Bb3	58	48	1125	119.416326	Bb3	58	59	
1149	109.692708	G5	79	73	1126	119.483306	G5	79	72	
1150	109.785156	C#3	49	43	1127	119.609884	C#3	49	58	
1151	109.841146	G5	79	68	1128	119.636374	G5	79	74	
1152	110.001302	G5	79	57	1129	119.788169	G5	79	72	
1153	110.024740	C#4	61	48	1130	119.814485	C#4	61	56	
1154	110.325521	C#3	49	36	1131	119.990531	C#3	49	56	
1155	110.492188	G4	67	57	1132	120.081273	G4	67	71	
1156	110.688802	F2	41	38	1134	120.197195	F2	41	52	
1157	110.808594	G4	67	61	1133	120.190785	G4	67	72	
1158	111.052083	C3	48	45	1135	120.388646	C3	48	56	
1159	111.236979	G#3	56	42	1136	120.584331	G#3	56	52	
1160	111.416667	C3	48	40	1137	120.752967	C3	48	53	
1161	111.678385	C4	60	48	1139	120.956940	C4	60	54	
1162	111.690104	F4	65	52	1138	120.944670	F4	65	66	
1163	111.989583	C3	48	44	1140	121.140391	C3	48	55	
1164	112.260417	F2	41	63	1141	121.322301	F2	41	69	
1165	112.376302	E5	76	87	1142	121.337226	E5	76	92	
1166	112.384115	E4	64	80	1143	121.344689	E4	64	92	
1167	112.641927	C#3	49	62	1145	121.545134	C#3	49	69	
1168	112.726562	F5	77	102	1146	121.552487	F5	77	92	
1169	112.729167	F4	65	93	1144	121.545134	F4	65	92	
1170	112.930990	Bb3	58	77	1149	121.764331	Bb3	58	70	
1171	112.992188	G4	67	97	1148	121.749838	G4	67	91	
1172	112.994792	G5	79	98	1147	121.742592	G5	79	91	
1173	113.200521	C#3	49	73	1152	121.980371	C#3	49	72	
1174	113.253906	G#4	68	101	1150	121.973229	G#4	68	90	
1175	113.253906	G#5	80	102	1151	121.980371	G#5	80	90	
1176	113.544271	C#4	61	77	1153	122.185950	C#4	61	66	
1177	113.596354	Bb4	70	98	1155	122.207077	Bb4	70	91	
1178	113.596354	Bb5	82	97	1154	122.192992	Bb5	82	91	
1179	114.029948	C#3	49	58	1156	122.381808	C#3	49	65	
1180	114.078125	G#4	68	98	1157	122.409586	G#4	68	93	
1181	114.080729	G#5	80	93	1158	122.416531	G#5	80	95	
1182	114.687500	F2	41	48	1159	122.602266	F2	41	65	
1183	114.720052	F5	77	97	1160	122.615965	F5	77	94	
1184	114.722656	F4	65	96	1161	122.622814	F4	65	94	
1185	115.261719	C3	48	41	1162	122.806030	C3	48	67	
1186	115.483073	G#3	56	44	1163	123.006658	G#3	56	69	
1187	115.662760	C3	48	50	1164	123.198711	C3	48	65	
1188	115.893229	C4	60	48	1165	123.404009	C4	60	68	
1189	116.166667	C3	48	45	1166	123.602684	C3	48	68	
1190	116.501302	F2	41	39	1167	123.809231	F2	41	57	
1191	116.621094	E4	64	51	1168	123.825624	E4	64	62	
1192	116.919271	C#3	49	35	1169	124.046203	C#3	49	54	
1193	116.959635	F4	65	55	1170	124.054333	F4	65	65	
1194	117.166667	Bb3	58	41	1171	124.288925	Bb3	58	58	
1195	117.180990	G4	67	60	1172	124.296990	G4	67	61	
1196	117.358073	G#4	68	67	1174	124.529058	G#4	68	58	
1197	117.365885	C#3	49	41	1173	124.521122	C#3	49	54	
1198	117.544271	Bb4	70	66	1176	124.774340	Bb4	70	62	
1199	117.557292	C#4	61	50	1175	124.766466	C#4	61	57	
1200	117.723958	G#4	68	66	1178	125.025017	G#4	68	61	
1201	117.739583	C#3	49	44	1177	124.993767	C#3	49	54	
1202	117.998698	F2	41	44	1180	125.226749	F2	41	54	
1203	118.037760	F4	65	56	1181	125.273261	F4	65	67	
1204	118.330729	C3	48	44	1182	125.476085	C3	48	55	
1205	118.550781	G#3	56	49	1183	125.713243	G#3	56	55	
1206	118.761719	C3	48	40	1184	125.937824	C3	48	54	
1207	119.009115	C4	60	35	1185	126.197664	C4	60	56	
1208	119.330729	C3	48	37	1186	126.453324	C3	48	58	
1209	119.736979	F2	41	36	1187	126.703263	F2	41	63	
1210	119.813802	Bb6	94	44	1188	126.726701	Bb6	94	65	
1211	120.170573	C6	84	40	1189	126.961076	C6	84	65	
1212	120.373698	G#6	92	53	1190	127.164201	G#6	92	72	
1213	120.519531	C6	84	48	1191	127.336076	C6	84	68	
1214	120.674479	Bb6	94	53	1193	127.515763	Bb6	94	73	
1215	120.680990	C#6	85	40	1192	127.515763	C#6	85	60	
1216	120.805990	C6	84	49	1195	127.656388	C6	84	74	
1217	120.821615	F5	77	46	1194	127.656388	F5	77	48	
1218	120.944010	G#6	92	63	1197	127.828263	G#6	92	73	
1219	120.972656	C#6	85	43	1196	127.828263	C#6	85	59	
1220	121.065104	C6	84	58	1199	127.984513	C6	84	74	
1221	121.113281	F5	77	48	1198	127.984513	F5	77	57	
1222	121.195312	Bb6	94	65	1201	128.164201	Bb6	94	73	
1223	121.207031	C#6	85	57	1200	128.164201	C#6	85	63	
1224	121.332031	C6	84	60	1203	128.343888	C6	84	66	
1225	121.346354	F5	77	53	1202	128.343888	F5	77	55	
1226	121.458333	G#6	92	65	1205	128.554826	G#6	92	68	
1227	121.466146	C#6	85	57	1204	128.554826	C#6	85	63	
1228	121.589844	C6	84	47	1207	128.765763	C6	84	58	
1229	121.611979	F5	77	43	1206	128.765763	F5	77	52	
1230	121.703125	G6	91	68	1209	129.023576	G6	91	68	
1231	121.714844	Bb5	82	55	1208	129.023576	Bb5	82	55	
1232	121.852865	G#5	80	59	1211	129.304826	G#5	80	65	
1233	121.856771	F5	77	44	1210	129.304826	F5	77	46	
1234	121.988281	F6	89	64	1213	129.539201	F6	89	69	
1235	122.013021	Bb5	82	47	1212	129.539201	Bb5	82	62	
1236	122.121094	G#5	80	50	1215	129.726701	G#5	80	66	
1237	122.135417	F5	77	46	1214	129.726701	F5	77	37	
1238	122.268229	G6	91	58	1217	129.945451	G6	91	70	
1239	122.279948	Bb5	82	44	1216	129.945451	Bb5	82	60	
1240	122.429688	G#5	80	46	1219	130.101701	G#5	80	67	
1241	122.442708	F5	77	42	1218	130.101701	F5	77	44	
1242	122.597656	F6	89	50	1221	130.328263	F6	89	74	
1243	122.602865	Bb5	82	43	1220	130.328263	Bb5	82	62	
1244	122.777344	G#5	80	36	1223	130.539201	G#5	80	65	
1245	122.790365	F5	77	42	1222	130.539201	F5	77	44	
1246	122.951823	G6	91	47	1224	130.797013	G6	91	65	
1247	122.967448	Bb5	82	35	1225	130.797013	Bb5	82	55	
1248	123.130208	G#5	80	38	1227	131.070451	G#5	80	62	
1249	123.140625	F5	77	39	1226	131.070451	F5	77	42	
1250	123.343750	Bb5	82	45	1228	131.375138	Bb5	82	53	
1251	123.343750	F6	89	42	1229	131.375138	F6	89	68	
1252	123.593750	F5	77	44	1230	131.843888	F5	77	42	
1253	123.608073	G#5	80	42	1231	131.843888	G#5	80	62	
1254	124.375000	F7	101	46	1233	133.047013	F7	101	65	
1255	124.378906	F4	65	30	1232	133.047013	F4	65	52	
*	-1	*	-1	-1	142	17.788154	C3	48	56	
*	-1	*	-1	-1	1090	116.723767	G6	91	90	
*	-1	*	-1	-1	1091	116.723767	G5	79	82	
*	-1	*	-1	-1	1179	125.203493	G#4	68	52	
*	-1	*	-1	-1	599	66.741754	Bb4	70	83	
