// alignID alignOntime alignSitch alignPitch alignOnvel refID refOntime refSitch refPitch refOnvel
0	4.978125	B3	59	34	0	1.429680	B3	59	40	
1	5.712500	C#4	61	61	1	1.917484	C#4	61	43	
2	6.315625	D4	62	59	2	2.500404	D4	62	45	
3	7.115625	Bb3	58	53	3	3.026688	Bb3	58	41	
4	8.240625	G5	79	45	6	3.514492	G5	79	33	
5	8.289583	C#4	61	19	4	3.514492	C#4	61	33	
6	8.289583	E5	76	20	5	3.514492	E5	76	33	
7	8.993750	F#5	78	54	9	4.245268	F#5	78	30	
8	9.014583	D4	62	36	7	4.245268	D4	62	30	
9	9.016667	D5	74	37	8	4.245268	D5	74	30	
10	9.615625	C#5	73	43	11	4.726762	C#5	73	28	
11	9.620833	E5	76	46	12	4.726762	E5	76	28	
12	9.650000	E4	64	34	10	4.726762	E4	64	28	
13	10.379167	C#5	73	47	15	5.214566	C#5	73	26	
14	10.396875	Bb4	70	31	14	5.214566	Bb4	70	26	
15	10.415625	G4	67	21	13	5.214566	G4	67	26	
16	11.458333	C#4	61	50	16	5.702370	C#4	61	46	
17	12.134375	D4	62	62	17	6.190174	D4	62	49	
18	12.800000	E4	64	67	18	6.677978	E4	64	51	
19	13.612500	B3	59	52	19	7.165782	B3	59	46	
20	14.692708	B5	83	52	22	7.653586	B5	83	35	
21	14.709375	G5	79	44	21	7.653586	G5	79	35	
22	14.738542	E4	64	37	20	7.653586	E4	64	35	
23	15.407292	A5	81	61	25	8.141390	A5	81	33	
24	15.430208	F#4	66	40	23	8.141390	F#4	66	33	
25	15.430208	F#5	78	40	24	8.141390	F#5	78	33	
26	16.030208	G5	79	53	28	8.629194	G5	79	30	
27	16.056250	E5	76	37	27	8.629194	E5	76	30	
28	16.060417	G4	67	32	26	8.629194	G4	67	30	
29	16.853125	B4	71	29	30	9.116998	B4	71	28	
30	16.855208	E5	76	39	31	9.116998	E5	76	28	
31	16.865625	G4	67	28	29	9.116998	G4	67	28	
32	17.886458	C4	60	52	32	9.604802	C4	60	50	
33	18.817708	G3	55	43	33	10.105633	G3	55	41	
34	19.461458	E5	76	40	35	10.668058	E5	76	31	
35	19.480208	C5	72	22	34	10.668058	C5	72	31	
36	20.113542	G4	67	42	37	11.155862	G4	67	27	
37	20.131250	E4	64	32	36	11.155862	E4	64	27	
38	20.765625	B3	59	59	38	11.643666	B3	59	46	
39	21.605208	G3	55	41	39	12.131470	G3	55	37	
40	22.271875	E5	76	48	41	12.619274	E5	76	28	
41	22.277083	B4	71	40	40	12.619274	B4	71	28	
42	23.044792	G4	67	42	43	13.117848	G4	67	24	
43	23.050000	E4	64	30	42	13.117848	E4	64	24	
44	24.209375	E5	76	64	47	13.632350	E5	76	71	
45	24.217708	C#5	73	52	46	13.632350	C#5	73	71	
46	24.218750	E4	64	47	45	13.632350	E4	64	71	
47	24.232292	Bb3	58	53	44	13.632350	Bb3	58	71	
48	25.129167	G3	55	59	48	14.120154	G3	55	68	
49	25.675000	F#3	54	60	49	14.449775	F#3	54	65	
50	25.812500	A3	57	60	50	14.532419	A3	57	65	
51	25.987500	G3	55	60	51	14.615064	G3	55	64	
52	27.640625	F#3	54	53	52	15.354782	F#3	54	58	
53	28.087500	F#3	54	36	54	15.598684	F#3	54	56	
54	28.103125	B2	47	39	53	15.598684	B2	47	56	
55	29.139583	F#4	66	39	56	16.087496	F#4	66	44	
56	29.156250	D4	62	30	55	16.087496	D4	62	44	
57	30.211458	D5	74	43	58	16.576308	D5	74	33	
58	30.217708	B4	71	37	57	16.576308	B4	71	33	
59	32.551042	D4	62	65	59	17.551916	D4	62	56	
60	33.456250	E4	64	63	60	18.046826	E4	64	59	
61	34.056250	F#4	66	66	61	18.542693	F#4	66	61	
62	34.807292	C#4	61	58	62	19.039842	C#4	61	54	
63	35.734375	Bb5	82	50	64	19.558260	Bb5	82	41	
64	35.753125	G5	79	36	63	19.558260	G5	79	41	
65	36.493750	A5	81	48	66	20.096738	A5	81	38	
66	36.500000	F#5	78	43	65	20.096738	F#5	78	38	
67	37.087500	G5	79	54	69	20.688621	G5	79	35	
68	37.088542	E4	64	51	67	20.688621	E4	64	43	
69	37.105208	E5	76	41	68	20.688621	E5	76	35	
70	37.688542	F#4	66	74	70	21.347962	F#4	66	53	
71	37.709375	E5	76	59	72	21.347962	E5	76	32	
72	37.711458	C#5	73	54	71	21.347962	C#5	73	32	
73	38.218750	G4	67	74	73	22.022662	G4	67	60	
74	38.755208	A4	69	73	74	22.745554	A4	69	64	
75	39.256250	A4	69	77	75	23.993728	A4	69	68	
76	39.452083	Bb4	70	66	76	24.296759	Bb4	70	69	
77	40.471875	D4	62	43	77	26.114941	D4	62	62	
78	41.576042	D6	86	56	80	27.933123	D6	86	44	
79	41.600000	Bb5	82	42	79	27.933123	Bb5	82	44	
80	41.614583	G4	67	32	78	27.933123	G4	67	44	
81	42.234375	C6	84	71	83	28.754430	C6	84	41	
82	42.263542	A4	69	44	81	28.754430	A4	69	41	
83	42.277083	A5	81	39	82	28.754430	A5	81	41	
84	42.870833	Bb5	82	54	86	29.254430	Bb5	82	38	
85	42.889583	Bb4	70	33	84	29.254430	Bb4	70	38	
86	42.889583	G5	79	41	85	29.254430	G5	79	38	
87	43.671875	G5	79	44	89	29.754430	G5	79	35	
88	43.685417	Bb4	70	33	87	29.754430	Bb4	70	35	
89	43.711458	D5	74	33	88	29.754430	D5	74	36	
90	45.032292	Eb4	63	42	90	30.255489	Eb4	63	44	
91	45.695833	G5	79	50	*	-1	*	-1	-1	
92	45.723958	Bb4	70	26	92	30.755489	Bb4	70	42	
93	45.728125	G4	67	23	91	30.755489	G4	67	42	
94	45.742708	Eb5	75	29	93	30.755489	Eb5	75	42	
95	45.776042	G5	79	4	94	30.755489	G5	79	42	
96	46.123958	F4	65	45	95	31.005489	F4	65	44	
97	46.202083	Eb4	63	57	96	31.088822	Eb4	63	44	
98	46.527083	D4	62	47	97	31.255489	D4	62	45	
99	46.529167	G5	79	54	101	31.255489	G5	79	45	
100	46.547917	Bb4	70	27	99	31.255489	Bb4	70	45	
101	46.547917	Eb5	75	36	100	31.255489	Eb5	75	45	
102	46.555208	G4	67	27	98	31.255489	G4	67	45	
103	46.848958	Eb4	63	70	102	31.506548	Eb4	63	46	
104	47.138542	G4	67	67	103	31.756548	G4	67	47	
105	47.155208	G5	79	59	106	31.756548	G5	79	47	
106	47.183333	Eb5	75	37	105	31.756548	Eb5	75	47	
107	47.442708	Eb4	63	65	107	32.006548	Eb4	63	48	
108	47.782292	Eb4	63	52	108	32.256548	Eb4	63	50	
109	48.406250	G5	79	57	112	32.756548	G5	79	46	
110	48.412500	C#5	73	45	111	32.756548	C#5	73	46	
111	48.430208	G4	67	24	109	32.756548	G4	67	46	
112	48.716667	D4	62	59	113	33.007608	D4	62	46	
113	49.077083	G5	79	57	118	33.257608	G5	79	44	
114	49.086458	D4	62	37	114	33.257608	D4	62	44	
115	49.098958	D5	74	41	117	33.257608	C#5	73	44	
116	49.113542	G4	67	12	115	33.257608	G4	67	44	
117	49.118750	Bb4	70	18	116	33.257608	Bb4	70	44	
118	49.912500	G5	79	51	122	33.757608	G5	79	41	
119	49.936458	D5	74	39	121	33.757608	C#5	73	41	
120	49.942708	Bb4	70	29	120	33.757608	Bb4	70	41	
121	49.948958	G4	67	33	119	33.757608	G4	67	41	
122	51.166667	D4	62	32	123	34.257608	D4	62	48	
123	51.833333	F5	77	41	126	34.758667	F5	77	46	
124	51.843750	G#4	68	32	124	34.758667	G#4	68	46	
125	51.855208	Bb4	70	28	125	34.758667	Bb4	70	46	
126	51.855208	G#5	80	39	127	34.758667	G#5	80	46	
127	52.155208	Eb4	63	47	128	35.008667	Eb4	63	47	
128	52.228125	D4	62	46	129	35.092000	D4	62	48	
129	52.572917	G#5	80	49	134	35.258667	G#5	80	48	
130	52.586458	C#4	61	45	130	35.258667	C#4	61	48	
131	52.589583	Bb4	70	33	132	35.258667	Bb4	70	48	
132	52.589583	F5	77	40	133	35.258667	F5	77	48	
133	52.592708	G#4	68	31	131	35.258667	G#4	68	48	
134	52.894792	D4	62	62	135	35.508667	D4	62	49	
135	53.185417	F4	65	57	136	35.758667	F4	65	50	
136	53.202083	Bb4	70	34	138	35.758667	Bb4	70	50	
137	53.202083	G#5	80	53	140	35.758667	G#5	80	50	
138	53.218750	G#4	68	27	137	35.758667	G#4	68	50	
139	53.219792	F5	77	49	139	35.758667	F5	77	50	
140	53.480208	D4	62	63	141	36.009726	D4	62	51	
141	53.800000	D4	62	46	142	36.259726	D4	62	53	
142	54.482292	G5	79	56	145	36.759726	G5	79	51	
143	54.494792	G4	67	42	143	36.759726	G4	67	51	
144	54.503125	E5	76	46	144	36.759726	E5	76	51	
145	54.808333	C#4	61	61	146	37.009726	C#4	61	48	
146	55.151042	A5	81	67	150	37.259726	A5	81	53	
147	55.159375	E5	76	54	149	37.259726	E5	76	53	
148	55.162500	C#4	61	47	147	37.259726	C#4	61	46	
149	55.167708	A4	69	44	148	37.259726	A4	69	53	
150	55.857292	Bb5	82	75	153	37.760786	Bb5	82	56	
151	55.873958	E5	76	55	152	37.760786	E5	76	56	
152	55.876042	Bb4	70	56	151	37.760786	Bb4	70	56	
153	56.497917	Bb5	82	75	157	38.260786	Bb5	82	61	
154	56.501042	Bb4	70	58	154	38.260786	Bb4	70	61	
155	56.503125	E5	76	61	156	38.260786	E5	76	61	
156	56.505208	C#5	73	58	155	38.260786	C#5	73	61	
157	57.146875	Bb3	58	70	158	38.760786	Bb3	58	62	
158	57.883333	A3	57	66	159	39.259685	A3	57	65	
159	58.652083	G3	55	69	160	39.759685	G3	55	68	
160	59.713542	F#3	54	59	162	40.260744	F#3	54	74	
161	59.729167	F#2	42	50	161	40.260744	F#2	42	74	
162	60.636458	E5	76	47	164	40.759643	E5	76	69	
163	60.656250	Bb4	70	38	163	40.759643	Bb4	70	69	
164	61.108333	Bb3	58	54	165	41.009643	Bb3	58	65	
165	61.742708	C#6	85	60	170	41.259643	C#6	85	59	
166	61.756250	G5	79	42	169	41.259643	G5	79	59	
167	61.768750	C#5	73	36	167	41.259643	C#5	73	59	
168	61.773958	Bb3	58	38	166	41.259643	Bb3	58	61	
169	65.739583	B3	59	31	172	44.258500	B3	59	40	
170	65.751042	B2	47	31	171	44.258500	B2	47	40	
171	66.331250	G5	79	49	173	44.508500	G5	79	42	
172	66.633333	C#4	61	56	175	44.758500	C#4	61	43	
173	66.636458	C#3	49	55	174	44.758500	C#3	49	43	
174	66.938542	G5	79	76	176	44.998886	G5	79	45	
175	67.222917	D3	50	67	177	45.257399	D3	50	47	
176	67.232292	D4	62	63	178	45.257399	D4	62	47	
177	67.553125	G5	79	67	179	45.507399	G5	79	44	
178	67.864583	Bb3	58	56	181	45.757399	Bb3	58	42	
179	67.868750	Bb2	46	56	180	45.757399	Bb2	46	42	
180	68.282292	G5	79	57	182	46.008458	G5	79	40	
181	68.865625	C#4	61	33	183	46.258458	C#4	61	31	
182	68.904167	G6	91	68	185	46.258458	G6	91	31	
183	68.948958	E6	88	32	184	46.258458	E6	88	31	
184	69.414583	G5	79	47	186	46.498844	G5	79	30	
185	69.722917	F#6	90	71	189	46.757357	F#6	90	30	
186	69.750000	D6	86	42	188	46.757357	D6	86	30	
187	69.777083	D4	62	32	187	46.757357	D4	62	30	
188	70.052083	G5	79	46	190	47.007357	G5	79	29	
189	70.315625	E6	88	64	193	47.257357	E6	88	28	
190	70.334375	E4	64	43	191	47.257357	E4	64	29	
191	70.346875	C#6	85	42	192	47.257357	C#6	85	28	
192	70.636458	G5	79	49	194	47.508417	G5	79	27	
193	70.916667	C#6	85	50	197	47.758417	C#6	85	27	
194	70.931250	G4	67	36	195	47.758417	G4	67	28	
195	70.963542	Bb5	82	32	196	47.758417	Bb5	82	27	
196	71.244792	G5	79	46	198	47.997034	G5	79	26	
197	71.557292	C#3	49	51	199	48.251193	C#3	49	44	
198	71.557292	C#4	61	54	200	48.251193	C#4	61	44	
199	71.876042	G5	79	63	201	48.499127	G5	79	45	
200	72.144792	D3	50	74	202	48.747060	D3	50	46	
201	72.146875	D4	62	74	203	48.747060	D4	62	46	
202	72.448958	G5	79	77	204	48.994994	G5	79	48	
203	72.744792	E4	64	70	206	49.242927	E4	64	50	
204	72.750000	E3	52	66	205	49.242927	E3	52	50	
205	73.081250	G5	79	75	207	49.496818	G5	79	48	
206	73.422917	B2	47	40	208	49.746818	B2	47	46	
207	73.425000	B3	59	50	209	49.746818	B3	59	46	
208	73.860417	G5	79	60	210	49.996818	G5	79	44	
209	74.332292	E4	64	42	212	50.246818	E4	64	35	
210	74.333333	B6	95	73	214	50.246818	B6	95	35	
211	74.800000	G5	79	50	215	50.496818	G5	79	34	
212	75.122917	F#4	66	46	216	50.746818	F#4	66	34	
213	75.131250	A6	93	73	218	50.746818	A6	93	34	
214	75.162500	F#6	90	44	217	50.746818	F#6	90	34	
215	75.433333	G5	79	48	219	50.997877	G5	79	33	
216	75.709375	G6	91	62	222	51.247877	G6	91	32	
217	75.719792	E6	88	56	221	51.247877	E6	88	32	
218	75.727083	G4	67	44	220	51.247877	G4	67	32	
219	76.016667	G5	79	49	223	51.497877	G5	79	31	
220	76.306250	E6	88	56	226	51.747877	E6	88	30	
221	76.339583	B4	71	47	224	51.747877	B4	71	30	
222	76.342708	B5	83	32	225	51.747877	B5	83	30	
223	76.630208	G5	79	46	227	51.997877	G5	79	30	
224	76.961458	C4	60	56	229	52.247877	C4	60	51	
225	76.967708	E3	52	54	228	52.247877	E3	52	51	
226	77.277083	G5	79	62	230	52.498937	G5	79	49	
227	77.555208	G3	55	57	233	52.748937	G3	55	44	
228	77.562500	D3	50	49	232	52.748937	D3	50	44	
229	77.587500	B2	47	41	231	52.748937	B2	47	44	
230	77.875000	G5	79	50	234	52.998937	G5	79	46	
231	78.180208	E6	88	51	238	53.248937	E6	88	35	
232	78.187500	C5	72	38	235	53.248937	C5	72	35	
233	78.206250	E5	76	38	236	53.248937	E5	76	35	
234	78.518750	G5	79	42	239	53.498937	G5	79	33	
235	78.786458	D5	74	40	241	53.748937	D5	74	31	
236	78.795833	B5	83	36	242	53.748937	B5	83	31	
237	78.797917	D6	86	44	243	53.748937	D6	86	31	
238	78.810417	G4	67	29	240	53.748937	G4	67	31	
239	79.077083	G5	79	64	244	53.999996	G5	79	30	
240	79.364583	B3	59	64	247	54.249996	B3	59	47	
241	79.373958	G3	55	59	246	54.249996	G3	55	47	
242	79.376042	E3	52	56	245	54.249996	E3	52	47	
243	79.706250	G5	79	65	248	54.499996	G5	79	46	
244	79.979167	D3	50	50	250	54.749996	D3	50	40	
245	79.979167	G3	55	56	251	54.749996	G3	55	40	
246	80.016667	B2	47	39	249	54.749996	B2	47	40	
247	80.287500	G5	79	66	252	54.999996	G5	79	42	
248	80.620833	B4	71	39	253	55.249996	B4	71	31	
249	80.620833	E6	88	66	256	55.249996	E6	88	31	
250	80.626042	E5	76	38	254	55.249996	E5	76	31	
251	80.688542	B5	83	11	255	55.249996	B5	83	31	
252	81.004167	G5	79	42	257	55.503227	G5	79	30	
253	81.282292	D5	74	41	259	55.757465	D5	74	29	
254	81.286458	D6	86	51	261	55.757465	D6	86	29	
255	81.297917	B5	83	28	260	55.757465	B5	83	29	
256	81.311458	G4	67	36	258	55.757465	G4	67	29	
257	81.645833	G5	79	41	262	56.011702	G5	79	28	
258	82.077083	C#3	49	45	264	56.265940	C#3	49	41	
259	82.082292	Bb2	46	39	263	56.265940	Bb2	46	41	
260	82.082292	E3	52	43	265	56.265940	E3	52	41	
261	82.082292	Bb3	58	41	266	56.265940	Bb3	58	41	
262	82.659375	G5	79	43	267	56.520177	G5	79	38	
263	82.964583	G3	55	63	269	56.774415	G3	55	37	
264	82.969792	G2	43	56	268	56.774415	G2	43	37	
265	83.277083	G5	79	74	270	57.031994	G5	79	39	
266	83.571875	G3	55	64	274	57.290615	G3	55	39	
267	83.573958	E3	52	59	273	57.290615	E3	52	39	
268	83.588542	G2	43	54	271	57.290615	G2	43	39	
269	83.588542	C#3	49	50	272	57.290615	C#3	49	39	
270	83.916667	A5	81	75	275	57.549235	A5	81	40	
271	84.244792	F#3	54	54	277	57.807856	F#3	54	36	
272	84.247917	F#2	42	53	276	57.807856	F#2	42	36	
273	84.630208	Bb5	82	67	278	58.066476	Bb5	82	41	
274	85.141667	F#3	54	38	281	58.325097	F#3	54	41	
275	85.145833	B2	47	34	279	58.325097	B2	47	41	
276	85.151042	D3	50	39	280	58.325097	D3	50	41	
277	85.732292	B5	83	42	283	58.587177	B5	83	39	
278	85.754167	B4	71	25	282	58.587177	B4	71	39	
279	86.379167	B5	83	62	285	59.113492	B5	83	42	
280	86.391667	B4	71	47	284	59.113492	B4	71	42	
281	87.027083	B5	83	75	287	59.639807	B5	83	45	
282	87.050000	B4	71	57	286	59.639807	B4	71	45	
283	88.045833	B5	83	48	289	60.169705	B5	83	48	
284	88.052083	B4	71	39	288	60.169705	B4	71	48	
285	88.940625	D3	50	36	290	60.437562	D3	50	44	
286	88.940625	D4	62	32	291	60.437562	D4	62	44	
287	89.405208	B5	83	45	293	60.705419	B5	83	45	
288	89.416667	B4	71	33	292	60.705419	B4	71	45	
289	89.730208	E3	52	54	294	60.973276	E3	52	47	
290	89.732292	E4	64	53	295	60.973276	E4	64	47	
291	90.021875	B5	83	74	297	61.241133	B5	83	46	
292	90.035417	B4	71	59	296	61.241133	B4	71	46	
293	90.302083	F#3	54	71	298	61.508990	F#3	54	48	
294	90.306250	F#4	66	69	299	61.508990	F#4	66	48	
295	90.631250	Bb5	82	76	301	61.782469	Bb5	82	47	
296	90.650000	Bb4	70	47	300	61.782469	Bb4	70	47	
297	90.973958	C#4	61	63	303	62.057698	C#4	61	45	
298	90.975000	C#3	49	66	302	62.057698	C#3	49	45	
299	91.404167	Bb5	82	60	305	62.332928	Bb5	82	44	
300	91.417708	Bb4	70	41	304	62.332928	Bb4	70	44	
301	92.045833	Bb6	94	77	307	62.608157	Bb6	94	37	
302	92.089583	G6	91	48	306	62.608157	G6	91	37	
303	92.567708	Bb4	70	47	308	62.883387	Bb4	70	36	
304	92.600000	Bb5	82	43	309	62.883387	Bb5	82	36	
305	92.896875	A6	93	78	311	63.158616	A6	93	34	
306	92.916667	F#6	90	59	310	63.158616	F#6	90	34	
307	93.197917	Bb5	82	53	313	63.441840	Bb5	82	33	
308	93.530208	G6	91	72	317	63.727555	G6	91	32	
309	93.544792	E3	52	47	314	63.727555	E3	52	39	
310	93.553125	E4	64	38	315	63.727555	E4	64	39	
311	93.995833	Bb5	82	55	319	64.059028	Bb5	82	31	
312	94.050000	Bb4	70	16	318	64.059028	Bb4	70	31	
313	94.270833	F#4	66	69	321	64.434028	F#4	66	42	
314	94.271875	E6	88	74	322	64.434028	E6	88	29	
315	94.280208	F#3	54	66	320	64.434028	F#3	54	42	
316	94.551042	Bb5	82	79	324	64.809028	Bb5	82	28	
317	94.555208	Bb4	70	66	323	64.809028	Bb4	70	28	
318	94.807292	G3	55	78	325	65.184028	G3	55	45	
319	94.813542	G4	67	84	326	65.184028	G4	67	45	
320	95.089583	Bb5	82	81	328	65.491840	Bb5	82	47	
321	95.091667	Bb4	70	65	327	65.491840	Bb4	70	47	
322	95.336458	A4	69	87	330	65.735742	A4	69	48	
323	95.337500	A3	57	80	329	65.735742	A3	57	48	
324	95.584375	Bb5	82	76	332	65.979644	Bb5	82	49	
325	95.586458	Bb4	70	63	331	65.979644	Bb4	70	49	
326	95.704167	A4	69	86	334	66.142246	A4	69	50	
327	95.709375	A3	57	78	333	66.142246	A3	57	50	
328	96.027083	Bb4	70	75	336	66.223546	Bb4	70	51	
329	96.034375	Bb3	58	69	335	66.223546	Bb3	58	51	
330	96.430208	Bb5	82	66	338	66.467448	Bb5	82	50	
331	96.438542	Bb4	70	51	337	66.467448	Bb4	70	50	
332	96.805208	D4	62	51	340	66.711350	D4	62	49	
333	96.811458	D3	50	52	339	66.711350	D3	50	49	
334	97.271875	Bb5	82	60	342	66.955252	Bb5	82	48	
335	97.290625	Bb4	70	43	341	66.955252	Bb4	70	48	
336	97.962500	D7	98	71	345	67.199231	D7	98	37	
337	97.995833	Bb6	94	50	344	67.199231	Bb6	94	37	
338	98.011458	G4	67	34	343	67.199231	G4	67	37	
339	98.509375	Bb5	82	46	347	67.449231	Bb5	82	36	
340	98.516667	Bb4	70	37	346	67.449231	Bb4	70	36	
341	98.816667	C7	96	70	350	67.699231	C7	96	36	
342	98.858333	F#4	66	40	348	67.699231	F#4	66	36	
343	98.863542	A6	93	46	349	67.699231	A6	93	36	
344	99.134375	Bb5	82	44	352	67.949231	Bb5	82	35	
345	99.165625	Bb4	70	31	351	67.949231	Bb4	70	35	
346	99.437500	Bb6	94	64	355	68.199231	Bb6	94	34	
347	99.462500	G4	67	36	353	68.199231	G4	67	34	
348	99.464583	G6	91	43	354	68.199231	G6	91	34	
349	99.807292	Bb5	82	41	357	68.449231	Bb5	82	33	
350	99.827083	Bb4	70	34	356	68.449231	Bb4	70	33	
351	100.169792	D6	86	42	358	68.693234	D6	86	33	
352	100.177083	G6	91	48	359	68.693234	G6	91	33	
353	100.646875	Bb5	82	35	361	68.937136	Bb5	82	32	
354	100.655208	Bb4	70	37	360	68.937136	Bb4	70	32	
355	101.555208	Eb4	63	54	365	69.181038	Eb4	63	44	
356	101.563542	Bb3	58	51	364	69.181038	Bb3	58	40	
357	101.571875	Eb3	51	50	362	69.181038	Eb3	51	44	
358	101.571875	G3	55	48	363	69.181038	G3	55	40	
359	102.055208	G5	79	39	367	69.424940	G5	79	37	
360	102.055208	Bb5	82	46	368	69.424940	Bb5	82	37	
361	102.060417	Bb4	70	23	366	69.424940	Bb4	70	37	
362	102.686458	F3	53	51	369	69.838803	F3	53	42	
363	102.702083	F4	65	52	370	69.838803	F4	65	42	
364	102.721875	Bb5	82	43	375	69.920104	Bb5	82	38	
365	102.748958	G5	79	30	374	69.920104	G5	79	38	
366	102.848958	Eb3	51	61	371	69.920104	Eb3	51	42	
367	102.855208	Eb4	63	61	372	69.920104	Eb4	63	42	
368	103.181250	D4	62	60	377	70.164006	D4	62	43	
369	103.183333	D3	50	64	376	70.164006	D3	50	43	
370	103.509375	Eb3	51	70	378	70.407908	Eb3	51	44	
371	103.525000	Eb4	63	73	379	70.407908	Eb4	63	44	
372	103.531250	Bb5	82	52	382	70.407908	Bb5	82	40	
373	103.555208	G5	79	39	381	70.407908	G5	79	40	
374	103.570833	Bb4	70	9	380	70.407908	Bb4	70	40	
375	103.808333	G4	67	77	384	70.651810	G4	67	45	
376	103.820833	G3	55	66	383	70.651810	G3	55	45	
377	104.117708	Eb4	63	75	386	70.895712	Eb4	63	46	
378	104.122917	Eb3	51	70	385	70.895712	Eb3	51	46	
379	104.141667	Bb4	70	46	387	70.895712	Bb4	70	42	
380	104.141667	Bb5	82	59	389	70.895712	Bb5	82	42	
381	104.169792	G5	79	5	388	70.895712	G5	79	42	
382	104.421875	Eb4	63	60	393	71.139614	Eb4	63	49	
383	104.430208	Eb3	51	53	390	71.139614	Eb3	51	49	
384	104.431250	G3	55	54	391	71.139614	G3	55	46	
385	104.433333	Bb3	58	54	392	71.139614	Bb3	58	46	
386	104.739583	Bb5	82	56	397	71.383516	Bb5	82	41	
387	104.745833	G5	79	50	396	71.383516	G5	79	41	
388	104.747917	Bb4	70	42	394	71.383516	Bb4	70	41	
389	104.759375	C#5	73	34	395	71.383516	C#5	73	41	
390	105.013542	D4	62	55	399	71.627494	D4	62	45	
391	105.041667	D3	50	50	398	71.627494	D3	50	45	
392	105.336458	Bb4	70	44	400	71.877494	Bb4	70	39	
393	105.352083	Bb5	82	45	403	71.877494	Bb5	82	39	
394	105.353125	D5	74	39	401	71.877494	C#5	73	39	
395	105.362500	G5	79	42	402	71.877494	G5	79	39	
396	105.669792	D4	62	49	407	72.127494	D4	62	41	
397	105.675000	G3	55	51	405	72.127494	G3	55	39	
398	105.678125	Bb3	58	48	406	72.127494	Bb3	58	39	
399	105.695833	D3	50	40	404	72.127494	D3	50	41	
400	106.039583	Bb5	82	52	411	72.377494	Bb5	82	38	
401	106.046875	Bb4	70	38	408	72.377494	Bb4	70	38	
402	106.051042	D5	74	37	409	72.377494	C#5	73	38	
403	106.057292	G5	79	44	410	72.377494	G5	79	38	
404	106.930208	Bb5	82	47	415	72.877494	Bb5	82	36	
405	106.943750	Bb4	70	31	412	72.877494	Bb4	70	36	
406	106.948958	D5	74	29	413	72.877494	C#5	73	36	
407	106.951042	G5	79	40	414	72.877494	G5	79	36	
408	107.669792	D4	62	41	420	73.121701	D4	62	45	
409	107.693750	F3	53	41	417	73.121701	F3	53	41	
410	107.696875	D3	50	38	416	73.121701	D3	50	45	
411	107.706250	Bb3	58	36	419	73.121701	Bb3	58	41	
412	107.732292	G#3	56	38	418	73.121701	G#3	56	41	
413	108.265625	Bb5	82	39	424	73.365603	Bb5	82	39	
414	108.269792	Bb4	70	26	421	73.365603	Bb4	70	39	
415	108.276042	F5	77	32	422	73.365603	F5	77	39	
416	108.280208	G#5	80	37	423	73.365603	G#5	80	39	
417	108.857292	Eb4	63	48	426	73.772106	Eb4	63	44	
418	108.860417	Eb3	51	53	425	73.772106	Eb3	51	44	
419	108.886458	Bb5	82	32	432	73.853407	Bb5	82	41	
420	108.889583	G#5	80	33	431	73.853407	G#5	80	41	
421	108.977083	D3	50	61	427	73.853407	D3	50	44	
422	109.008333	D4	62	54	428	73.853407	D4	62	44	
423	109.263542	C#3	49	63	433	74.097493	C3	48	45	
424	109.265625	C#4	61	60	434	74.097493	C4	60	45	
425	109.558333	D3	50	72	435	74.348570	D3	50	47	
426	109.565625	D4	62	69	436	74.348570	D4	62	47	
427	109.588542	G#5	80	43	439	74.348570	G#5	80	43	
428	109.588542	Bb5	82	42	440	74.348570	Bb5	82	43	
429	109.600000	Bb4	70	31	437	74.348570	Bb4	70	43	
430	109.622917	F5	77	19	438	74.348570	F5	77	43	
431	109.869792	F4	65	75	442	74.592472	F4	65	48	
432	109.880208	F3	53	68	441	74.592472	F3	53	48	
433	110.157292	D4	62	72	444	74.836374	D4	62	49	
434	110.161458	D3	50	70	443	74.836374	D3	50	49	
435	110.165625	Bb5	82	55	448	74.836374	Bb5	82	44	
436	110.192708	Bb4	70	39	445	74.836374	Bb4	70	44	
437	110.213542	G#5	80	45	447	74.836374	G#5	80	44	
438	110.233333	F5	77	28	446	74.836374	F5	77	44	
439	110.468750	D4	62	54	452	75.080276	D4	62	53	
440	110.480208	Bb3	58	54	451	75.080276	Bb3	58	50	
441	110.485417	G3	55	52	450	75.080276	G3	55	50	
442	110.487500	D3	50	55	449	75.080276	D3	50	53	
443	110.795833	Bb4	70	39	453	75.324178	Bb4	70	46	
444	110.802083	Bb5	82	46	456	75.324178	Bb5	82	46	
445	110.803125	G5	79	46	455	75.324178	G5	79	46	
446	110.821875	E5	76	37	454	75.324178	E5	76	46	
447	111.114583	C#4	61	53	458	75.568080	C4	60	48	
448	111.119792	C#3	49	54	457	75.568080	C3	48	48	
449	111.420833	Bb5	82	46	462	75.811982	Bb5	82	43	
450	111.426042	Bb4	70	33	459	75.811982	Bb4	70	43	
451	111.430208	G5	79	41	461	75.811982	G5	79	43	
452	111.438542	E5	76	37	460	75.811982	E5	76	43	
453	111.727083	C#3	49	48	463	76.055960	C3	48	43	
454	111.735417	Bb3	58	44	465	76.055960	Bb3	58	40	
455	111.737500	G3	55	48	464	76.055960	G3	55	40	
456	111.743750	C#4	61	42	466	76.055960	C4	60	43	
457	112.079167	Bb5	82	53	470	76.305960	Bb5	82	40	
458	112.086458	Bb4	70	34	467	76.305960	Bb4	70	40	
459	112.086458	E5	76	44	468	76.305960	E5	76	40	
460	112.088542	G5	79	48	469	76.305960	G5	79	40	
461	112.706250	C#3	49	56	471	76.805960	C3	48	45	
462	112.707292	Bb4	70	47	473	76.805960	Bb4	70	42	
463	112.714583	Bb5	82	55	476	76.805960	Bb5	82	42	
464	112.717708	C#4	61	45	472	76.805960	C4	60	45	
465	112.740625	G5	79	44	475	76.805960	G5	79	42	
466	112.743750	E5	76	41	474	76.805960	E5	76	42	
467	113.037500	C#3	49	54	477	77.055960	C3	48	47	
468	113.039583	C#4	61	50	478	77.055960	C4	60	47	
469	113.492708	C#5	73	45	480	77.305960	C#5	73	46	
470	113.494792	Bb4	70	44	479	77.305960	Bb4	70	46	
471	113.494792	Bb5	82	61	482	77.305960	Bb5	82	46	
472	113.498958	E5	76	48	481	77.305960	E5	76	46	
473	113.820833	Bb3	58	61	484	77.549964	Bb3	58	51	
474	113.837500	Bb2	46	55	483	77.549964	Bb2	46	51	
475	114.148958	Bb5	82	74	488	77.793866	Bb5	82	51	
476	114.150000	E5	76	57	487	77.793866	E5	76	51	
477	114.157292	C#5	73	53	486	77.793866	C#5	73	51	
478	114.160417	Bb4	70	52	485	77.793866	Bb4	70	51	
479	114.448958	A3	57	70	490	78.037768	A3	57	55	
480	114.463542	A2	45	64	489	78.037768	A2	45	55	
481	114.779167	E5	76	72	493	78.281670	E5	76	56	
482	114.780208	Bb5	82	82	494	78.281670	Bb5	82	56	
483	114.781250	Bb4	70	72	491	78.281670	Bb4	70	56	
484	114.782292	C#5	73	65	492	78.281670	C#5	73	56	
485	115.125000	G3	55	83	496	78.525756	G3	55	60	
486	115.136458	G2	43	70	495	78.525756	G2	43	60	
487	115.500000	E5	76	71	499	78.776833	E5	76	60	
488	115.505208	Bb5	82	80	500	78.776833	Bb5	82	60	
489	115.506250	C#5	73	65	498	78.776833	C#5	73	60	
490	115.509375	Bb4	70	70	497	78.776833	Bb4	70	60	
491	115.909375	C#3	49	70	502	79.020735	C3	48	63	
492	115.910417	E3	52	67	503	79.020735	Eb3	51	63	
493	115.911458	F#3	54	75	504	79.020735	F#3	54	63	
494	115.915625	F#2	42	65	501	79.020735	F#2	42	63	
495	116.370833	E5	76	67	507	79.264637	E5	76	59	
496	116.373958	Bb5	82	80	508	79.264637	Bb5	82	59	
497	116.379167	C#5	73	60	506	79.264637	C#5	73	59	
498	116.385417	Bb4	70	65	505	79.264637	Bb4	70	59	
499	116.802083	Bb3	58	75	509	79.508539	Bb3	58	56	
500	117.341667	C#6	85	81	513	79.752441	C#6	85	53	
501	117.353125	C#5	73	63	510	79.752441	C#5	73	53	
502	117.353125	G5	79	64	512	79.752441	Bb5	82	53	
503	117.363542	E5	76	55	511	79.752441	E5	76	53	
504	118.014583	Bb3	58	45	514	79.996343	Bb3	58	50	
505	119.373958	E6	88	57	518	80.240245	E6	88	46	
506	119.394792	E5	76	36	515	80.240245	E5	76	46	
507	119.401042	C#6	85	45	517	80.240245	C#6	85	46	
508	119.404167	G5	79	32	516	80.240245	G5	79	46	
509	123.634375	D3	50	40	520	82.953786	D3	50	40	
510	123.657292	G2	43	31	519	82.953786	G2	43	40	
511	124.292708	B3	59	40	521	83.208024	B3	59	41	
512	124.612500	E3	52	56	522	83.462261	E3	52	42	
513	124.618750	C4	60	46	523	83.462261	C4	60	42	
514	124.916667	C#4	61	65	524	83.716499	C#4	61	44	
515	125.239583	F3	53	66	526	83.970848	F3	53	45	
516	125.240625	E4	64	57	527	83.970848	E4	64	45	
517	125.253125	G2	43	40	525	83.970848	G2	43	45	
518	125.542708	D4	62	52	528	84.234005	D4	62	43	
519	125.968750	C#3	49	36	529	84.497221	C#3	49	41	
520	125.980208	Bb3	58	39	530	84.497221	Bb3	58	41	
521	126.917708	E5	76	41	531	85.009380	E5	76	33	
522	126.922917	G5	79	48	532	85.009380	G5	79	33	
523	127.362500	E6	88	54	533	85.253282	E6	88	32	
524	127.682292	F#6	90	70	536	85.497184	F#6	90	31	
525	127.695833	D5	74	41	534	85.497184	D5	74	31	
526	127.698958	F#5	78	33	535	85.497184	F#5	78	31	
527	127.978125	A6	93	67	537	85.741086	A6	93	30	
528	128.279167	G6	91	63	540	85.985117	G6	91	29	
529	128.280208	C#5	73	40	538	85.985117	C#5	73	29	
530	128.305208	E5	76	34	539	85.985117	E5	76	29	
531	128.602083	E6	88	50	541	86.239354	E6	88	28	
532	128.966667	G4	67	27	542	86.493592	G4	67	27	
533	128.983333	Bb4	70	40	543	86.493592	Bb4	70	27	
534	129.373958	C#6	85	40	544	86.747829	C#6	85	26	
535	129.921875	G2	43	40	545	87.002178	G2	43	44	
536	129.925000	E3	52	48	546	87.002178	E3	52	44	
537	130.268750	C#4	61	66	547	87.265336	C#4	61	45	
538	130.552083	F#3	54	74	548	87.528552	F#3	54	47	
539	130.565625	D4	62	60	549	87.528552	D4	62	47	
540	130.853125	Eb4	63	64	550	87.796409	Eb4	63	48	
541	131.159375	F#4	66	56	553	88.040710	F#4	66	50	
542	131.171875	G3	55	64	552	88.040710	G3	55	50	
543	131.180208	G2	43	56	551	88.040710	G2	43	50	
544	131.495833	E4	64	50	554	88.284612	E4	64	48	
545	131.922917	E3	52	50	555	88.528514	E3	52	46	
546	131.922917	B3	59	38	556	88.528514	B3	59	46	
547	133.030208	B5	83	33	558	89.016369	B5	83	35	
548	133.034375	G5	79	32	557	89.016369	G5	79	35	
549	133.391667	C#6	85	55	559	89.264302	C#6	85	35	
550	133.670833	Eb6	87	63	562	89.512236	Eb6	87	34	
551	133.677083	F#5	78	43	560	89.512236	F#5	78	34	
552	133.693750	A5	81	36	561	89.512236	A5	81	34	
553	133.982292	F#6	90	71	563	89.760169	F#6	90	34	
554	134.292708	E6	88	62	566	90.008103	E6	88	33	
555	134.305208	E5	76	39	564	90.008103	E5	76	33	
556	134.311458	G5	79	44	565	90.008103	G5	79	33	
557	134.615625	B6	95	58	567	90.256036	B6	95	33	
558	134.998958	E5	76	42	569	90.504049	E5	76	32	
559	135.003125	G4	67	35	568	90.504049	G4	67	32	
560	135.443750	E7	100	39	570	90.758286	E7	100	32	
561	136.154167	E3	52	51	572	91.012524	E3	52	47	
562	136.164583	G2	43	45	571	91.012524	G2	43	47	
563	136.537500	Bb3	58	39	573	91.266761	Bb3	58	54	
564	136.550000	C4	60	50	574	91.266761	C4	60	54	
565	137.266667	E4	64	53	575	91.690490	E4	64	46	
566	137.329167	D4	62	62	576	91.775236	D4	62	45	
567	137.863542	D5	74	33	578	92.031992	D5	74	35	
568	137.875000	Bb4	70	37	577	92.031992	Bb4	70	35	
569	138.305208	D6	86	46	580	92.305651	D6	86	33	
570	138.312500	Bb5	82	35	579	92.305651	Bb5	82	33	
571	138.659375	G4	67	44	582	92.549553	G4	67	30	
572	138.667708	E4	64	25	581	92.549553	E4	64	30	
573	138.953125	G5	79	51	584	92.793455	G5	79	28	
574	138.966667	E5	76	45	583	92.793455	E5	76	28	
575	139.295833	F2	41	63	585	93.037357	F2	41	50	
576	139.301042	F3	53	65	586	93.037357	F3	53	50	
577	139.614583	C4	60	61	588	93.281259	C4	60	56	
578	139.622917	Bb3	58	46	587	93.281259	Bb3	58	56	
579	140.280208	E4	64	58	589	93.694782	E4	64	49	
580	140.331250	D4	62	63	590	93.779528	D4	62	47	
581	140.842708	D5	74	41	592	94.033766	D5	74	37	
582	140.847917	Bb4	70	43	591	94.033766	Bb4	70	37	
583	141.310417	D6	86	44	594	94.288003	D6	86	35	
584	141.320833	Bb5	82	40	593	94.288003	Bb5	82	35	
585	141.646875	F4	65	44	596	94.542241	F4	65	30	
586	141.678125	D4	62	46	595	94.542241	D4	62	30	
587	142.003125	F5	77	57	598	94.796478	F5	77	26	
588	142.015625	D5	74	50	597	94.796478	D5	74	26	
589	142.523958	E3	52	76	600	95.050886	E3	52	57	
590	142.529167	E2	40	71	599	95.050886	E2	40	57	
591	143.023958	C#4	61	78	603	95.317645	C#4	61	65	
592	143.040625	G3	55	49	601	95.317645	G3	55	65	
593	143.040625	Bb3	58	52	602	95.317645	Bb3	58	65	
594	143.395833	E4	64	79	604	95.561547	E4	64	59	
595	143.980208	E6	88	57	606	95.805449	E6	88	56	
596	143.997917	E5	76	43	605	95.805449	E5	76	56	
597	144.126042	F#4	66	64	607	95.886750	F#4	66	54	
598	144.203125	A4	69	73	608	95.968050	A4	69	53	
599	144.321875	G4	67	78	609	96.049351	G4	67	52	
600	144.464583	F#6	90	74	610	96.130652	F#6	90	51	
601	144.535417	A6	93	82	611	96.211952	A6	93	50	
602	144.630208	G6	91	86	613	96.293253	G6	91	48	
603	144.643750	G5	79	73	612	96.293253	G5	79	48	
604	144.766667	F#2	42	65	614	96.496505	F#2	42	44	
605	144.853125	E3	52	66	615	96.516830	C#3	49	44	
606	145.026042	Bb3	58	59	616	96.537284	Bb3	58	44	
607	145.750000	F#4	66	63	617	96.791522	F#4	66	37	
608	145.935417	F#6	90	62	619	96.791522	F#6	90	37	
609	145.956250	F#5	78	46	618	96.791522	F#5	78	37	
610	146.089583	B2	47	44	620	96.982200	B2	47	31	
611	146.290625	F#3	54	47	621	97.003386	F#3	54	31	
612	146.475000	D4	62	40	622	97.024573	D4	62	31	
613	146.842708	F#4	66	45	623	97.045759	F#4	66	31	
614	147.546875	G6	91	54	625	97.172878	G6	91	31	
615	147.572917	G5	79	44	624	97.172878	G5	79	31	
616	147.817708	F#6	90	58	627	97.299997	F#6	90	30	
617	147.844792	F#5	78	49	626	97.299997	F#5	78	30	
618	148.628125	D6	86	40	629	97.681353	D6	86	27	
619	148.650000	D5	74	32	628	97.681353	D5	74	27	
620	148.846875	B5	83	48	631	97.808472	B5	83	26	
621	148.852083	B4	71	39	630	97.808472	B4	71	26	
622	149.583333	G5	79	46	633	98.196808	G5	79	23	
623	149.594792	G4	67	36	632	98.196808	G4	67	23	
624	149.773958	F#4	66	48	634	98.330736	F#4	66	22	
625	149.782292	F#5	78	51	635	98.330736	F#5	78	22	
626	150.556250	D5	74	49	637	98.697787	D5	74	19	
627	150.582292	D4	62	28	636	98.697787	D4	62	19	
628	150.768750	B4	71	45	639	98.819738	B4	71	18	
629	150.787500	B3	59	35	638	98.819738	B3	59	18	
630	151.760417	G4	67	43	641	99.307542	G4	67	16	
631	151.803125	G3	55	34	640	99.307542	G3	55	18	
632	152.228125	F#4	66	53	643	99.551573	F#4	66	19	
633	152.244792	F#3	54	39	642	99.551573	F#3	54	20	
634	152.588542	D4	62	58	645	99.805337	D4	62	21	
635	152.604167	D3	50	44	644	99.805337	D3	50	22	
636	152.922917	B3	59	62	647	100.049239	B3	59	24	
637	152.942708	B2	47	53	646	100.049239	B2	47	25	
638	153.269792	G3	55	72	649	100.293141	G3	55	27	
639	153.301042	G2	43	54	648	100.293141	G2	43	27	
640	153.630208	F#3	54	74	651	100.537043	F#3	54	29	
641	153.651042	F#2	42	60	650	100.537043	F#2	42	29	
642	154.073958	D2	38	54	652	100.780945	D2	38	31	
643	154.082292	D3	50	70	653	100.780945	D3	50	32	
644	154.937500	Bb1	34	39	654	101.024976	Bb1	34	33	
645	154.943750	Bb2	46	37	655	101.024976	Bb2	46	33	
646	155.905208	C#4	61	36	656	101.279085	C#4	61	36	
647	156.296875	E4	64	44	657	101.522987	E4	64	38	
648	156.604167	F#4	66	54	658	101.766889	F#4	66	40	
649	156.927083	A4	69	51	659	102.010791	A4	69	43	
650	157.265625	G4	67	50	660	102.254693	G4	67	40	
651	157.562500	E4	64	46	661	102.498724	E4	64	38	
652	157.868750	C#4	61	44	662	102.752961	C#4	61	36	
653	158.202083	Bb5	82	66	664	102.997036	Bb5	82	29	
654	158.229167	G5	79	48	663	102.997036	G5	79	29	
655	158.510417	E6	88	62	665	103.240938	E6	88	28	
656	158.796875	F#5	78	47	666	103.484840	F#5	78	25	
657	158.796875	A5	81	54	667	103.484840	A5	81	27	
658	158.801042	F#6	90	66	668	103.484840	F#6	90	27	
659	159.128125	A6	93	69	669	103.728742	A6	93	26	
660	159.462500	G5	79	58	671	103.972773	G5	79	25	
661	159.463542	E5	76	46	670	103.972773	E5	76	23	
662	159.466667	G6	91	59	672	103.972773	G6	91	25	
663	159.916667	C#4	61	63	673	104.226881	C#4	61	30	
664	159.978125	E6	88	55	674	104.226881	E6	88	24	
665	160.432292	E4	64	77	675	104.470783	E4	64	33	
666	160.456250	C#6	85	58	678	104.470783	C#6	85	23	
667	160.472917	E5	76	43	676	104.470783	E5	76	23	
668	160.478125	G5	79	39	677	104.470783	G5	79	23	
669	160.797917	Bb5	82	50	680	104.714685	Bb5	82	22	
670	160.803125	F#4	66	80	679	104.714685	F#4	66	35	
671	161.051042	Bb3	58	67	681	104.958587	Bb3	58	35	
672	161.114583	D4	62	62	682	104.958587	D4	62	35	
673	161.198958	G4	67	80	683	104.958587	G4	67	37	
674	161.433333	A4	69	77	684	105.202489	A4	69	40	
675	161.515625	G4	67	74	685	105.283790	G4	67	41	
676	161.614583	F#4	66	81	686	105.365090	F#4	66	42	
677	161.734375	Bb1	34	54	687	105.446520	Bb1	34	42	
678	161.740625	G4	67	79	689	105.446520	G4	67	42	
679	161.743750	Bb2	46	49	688	105.446520	Bb2	46	42	
680	162.161458	A4	69	75	690	105.695461	A4	69	45	
681	162.583333	C5	72	66	691	105.939363	C5	72	48	
682	163.083333	D6	86	66	694	106.183265	D6	86	36	
683	163.094792	Bb4	70	54	692	106.183265	Bb4	70	46	
684	163.097917	D5	74	50	693	106.183265	D5	74	36	
685	163.459375	G4	67	70	695	106.427167	G4	67	43	
686	163.463542	G6	91	90	697	106.427167	G6	91	38	
687	163.475000	G5	79	72	696	106.427167	G5	79	38	
688	163.755208	D4	62	75	698	106.671069	D4	62	40	
689	163.806250	A6	93	93	700	106.671069	A6	93	39	
690	163.808333	A5	81	76	699	106.671069	A5	81	39	
691	164.102083	Bb1	34	75	701	106.915021	Bb1	34	37	
692	164.117708	Bb2	46	76	702	106.915021	Bb2	46	37	
693	164.117708	Bb6	94	90	704	106.915021	Bb6	94	40	
694	164.123958	Bb5	82	81	703	106.915021	Bb5	82	40	
695	164.146875	G6	91	50	*	-1	*	-1	-1	
696	164.416667	C7	96	88	705	107.162955	C7	96	42	
697	164.510417	Bb6	94	79	706	107.224938	Bb6	94	43	
698	164.555208	A6	93	84	707	107.286921	A6	93	43	
699	164.625000	Bb6	94	76	708	107.348905	Bb6	94	44	
700	164.747917	C6	84	83	714	107.452581	C6	84	44	
701	164.753125	Eb5	75	64	709	107.410914	Eb5	75	44	
702	164.759375	A5	81	68	713	107.431747	A5	81	44	
703	164.761458	C7	96	93	712	107.410914	C7	96	44	
704	164.763542	Eb6	87	87	710	107.410914	Eb6	87	44	
705	165.195833	Eb7	99	96	715	107.660914	Eb7	99	46	
706	165.352083	D5	74	72	716	107.910967	D5	74	48	
707	165.441667	G5	79	65	720	107.932153	G5	79	48	
708	165.506250	Bb5	82	67	721	107.953340	Bb5	82	48	
709	165.526042	D7	98	96	719	107.910967	D7	98	48	
710	165.541667	G6	91	52	718	107.910967	G6	91	48	
711	165.544792	D6	86	75	717	107.910967	D6	86	48	
712	165.886458	Bb6	94	86	722	108.165316	Bb6	94	46	
713	166.078125	Bb4	70	56	723	108.437913	Bb4	70	45	
714	166.102083	D5	74	67	726	108.465386	D5	74	45	
715	166.206250	G5	79	66	727	108.492858	G5	79	45	
716	166.206250	G6	91	74	725	108.437913	G6	91	45	
717	166.230208	Bb5	82	65	724	108.437913	Bb5	82	45	
718	166.597917	D6	86	71	728	108.723627	D6	86	43	
719	166.748958	Bb2	46	75	729	108.926879	Bb2	46	43	
720	166.907292	G3	55	69	730	108.947204	G3	55	43	
721	167.122917	F#6	90	94	734	108.967529	F#6	90	41	
722	167.133333	D4	62	55	731	108.967529	D4	62	43	
723	167.143750	F#5	78	66	732	108.967529	F#5	78	41	
724	167.150000	Bb5	82	59	733	108.967529	Bb5	82	41	
725	167.628125	G6	91	98	737	109.211431	G6	91	44	
726	167.631250	Eb4	63	67	735	109.211431	Eb4	63	45	
727	167.643750	G5	79	84	736	109.211431	G5	79	44	
728	167.978125	Bb6	94	95	742	109.455333	Bb6	94	46	
729	167.992708	Bb5	82	78	740	109.455333	Bb5	82	46	
730	167.994792	Eb6	87	66	741	109.455333	Eb6	87	46	
731	167.995833	G4	67	56	739	109.455333	G4	67	47	
732	168.016667	Bb3	58	49	738	109.455333	Bb3	58	47	
733	168.105208	Eb6	87	29	*	-1	*	-1	-1	
734	168.250000	Eb4	63	70	743	109.699235	Eb4	63	49	
735	168.316667	G6	91	95	745	109.699235	G6	91	49	
736	168.332292	G5	79	80	744	109.699235	G5	79	49	
737	168.436458	F6	89	45	*	-1	*	-1	-1	
738	168.467708	Bb2	46	54	746	109.902487	Bb2	46	51	
739	168.520833	F3	53	69	748	109.922812	F3	53	51	
740	168.539583	G5	79	57	747	109.902487	G5	79	51	
741	168.582292	G#5	80	70	749	109.922812	G#5	80	51	
742	168.587500	G#3	56	67	750	109.943137	G#3	56	51	
743	168.680208	G6	91	87	752	109.943137	G6	91	52	
744	168.707292	Eb4	63	67	751	109.943137	Eb4	63	51	
745	168.735417	F6	89	25	*	-1	*	-1	-1	
746	169.112500	Bb1	34	68	753	110.187039	Bb1	34	50	
747	169.302083	F6	89	93	755	110.308990	F6	89	49	
748	169.317708	F5	77	75	754	110.308990	F5	77	49	
749	169.566667	F6	89	84	759	110.430941	F6	89	48	
750	169.582292	Bb2	46	51	756	110.430941	Bb2	46	49	
751	169.588542	G#5	80	59	758	110.430941	G#5	80	48	
752	169.589583	G#3	56	45	757	110.430941	G#3	56	49	
753	169.589583	F5	77	60	*	-1	*	-1	-1	
754	169.596875	F3	53	39	*	-1	*	-1	-1	
755	170.238542	D4	62	47	760	110.677969	D4	62	48	
756	170.542708	Bb2	46	58	761	110.886302	Bb2	46	48	
757	170.579167	F3	53	68	762	110.907135	F3	53	48	
758	170.609375	G#3	56	63	763	110.927969	G#3	56	48	
759	170.687500	G#5	80	59	766	110.927969	G#5	80	49	
760	170.688542	E6	88	90	767	110.927969	E6	88	49	
761	170.697917	E5	76	73	765	110.927969	E5	76	49	
762	170.744792	C#4	61	64	764	110.927969	C#4	61	48	
763	171.077083	F6	89	95	770	111.174843	F6	89	51	
764	171.091667	D4	62	72	768	111.174843	D4	62	51	
765	171.092708	F5	77	83	769	111.174843	F5	77	51	
766	171.301042	Bb5	82	37	774	111.418745	Bb5	82	53	
767	171.407292	G#6	92	100	775	111.418745	G#6	92	53	
768	171.414583	G#5	80	87	773	111.418745	G#5	80	53	
769	171.417708	F4	65	71	772	111.418745	F4	65	54	
770	171.426042	G#3	56	64	*	-1	*	-1	-1	
771	171.428125	Bb3	58	63	771	111.418745	Bb3	58	54	
772	171.659375	D4	62	75	776	111.664713	D4	62	58	
773	171.735417	F6	89	100	778	111.664713	F6	89	55	
774	171.738542	F5	77	87	777	111.664713	F5	77	55	
775	171.891667	Bb2	46	55	779	111.871325	Bb2	46	62	
776	171.940625	Eb3	51	69	780	111.891986	Eb3	51	61	
777	171.993750	G3	55	68	781	111.912647	G3	55	61	
778	172.120833	F6	89	102	786	111.912647	F6	89	59	
779	172.128125	C#6	85	84	785	111.912647	C#6	85	59	
780	172.133333	Bb5	82	81	784	111.912647	Bb5	82	59	
781	172.135417	F5	77	77	783	111.912647	F5	77	59	
782	172.157292	C#4	61	80	782	111.912647	C#4	61	61	
783	172.527083	Bb1	34	77	787	112.158514	Bb1	34	60	
784	172.718750	Eb6	87	95	789	112.280465	Eb6	87	55	
785	172.728125	Eb5	75	81	788	112.280465	Eb5	75	55	
786	172.979167	Eb6	87	84	798	112.402467	Eb6	87	54	
787	172.985417	C#6	85	73	797	112.402467	C#6	85	54	
788	172.987500	Bb3	58	53	790	112.402467	Bb3	58	58	
789	173.000000	G4	67	58	792	112.402467	G4	67	58	
790	173.001042	Eb5	75	62	794	112.402467	Eb5	75	54	
791	173.001042	G5	79	51	795	112.402467	G5	79	54	
792	173.006250	Bb5	82	58	796	112.402467	Bb5	82	54	
793	173.021875	Eb4	63	52	*	-1	*	-1	-1	
794	173.082292	C#4	61	29	791	112.402467	C#4	61	58	
795	173.747917	C#5	73	61	799	112.651545	C#5	73	56	
796	174.171875	Bb3	58	56	802	112.901545	Bb3	58	56	
797	174.285417	Eb4	63	54	803	112.901545	Eb4	63	56	
798	174.346875	G#4	68	59	804	112.901545	G#4	68	56	
799	174.477083	Eb5	75	44	800	112.859879	Eb5	75	59	
800	174.480208	B4	71	69	805	112.901545	B4	71	56	
801	174.551042	G#5	80	49	801	112.880712	G#5	80	59	
802	174.639583	Eb6	87	69	806	112.901545	Eb6	87	59	
803	175.167708	C5	72	70	807	113.151545	C5	72	57	
804	175.565625	Eb5	75	77	808	113.401545	Eb5	75	59	
805	175.893750	C5	72	71	809	113.651545	C5	72	60	
806	175.957292	Eb6	87	85	812	113.651545	Eb6	87	62	
807	175.972917	Eb5	75	57	810	113.651545	Eb5	75	62	
808	176.100000	Bb3	58	58	813	113.857770	Bb3	58	61	
809	176.152083	Eb4	63	61	814	113.878095	Eb4	63	61	
810	176.191667	G4	67	64	815	113.898420	G4	67	61	
811	176.303125	C5	72	72	816	113.898420	C5	72	61	
812	176.308333	D6	86	71	818	113.898420	D6	86	63	
813	176.322917	D5	74	61	817	113.898420	D5	74	63	
814	176.784375	Eb6	87	83	820	114.142322	Eb6	87	64	
815	176.791667	Eb5	75	65	819	114.142322	Eb5	75	64	
816	176.940625	Bb4	70	82	821	114.265331	Bb4	70	63	
817	177.134375	G6	91	88	827	114.399875	G6	91	66	
818	177.148958	G5	79	69	826	114.399875	G5	79	66	
819	177.164583	Bb4	70	61	825	114.399875	Bb4	70	63	
820	177.177083	Eb4	63	50	823	114.376940	Eb4	63	63	
821	177.183333	G4	67	52	824	114.399875	G4	67	63	
822	177.206250	Bb3	58	49	822	114.354004	Bb3	58	63	
823	177.508333	Bb1	34	74	830	114.785082	Bb1	34	65	
824	177.511458	Eb6	87	91	829	114.661116	Eb6	87	67	
825	177.525000	Eb5	75	75	*	-1	*	-1	-1	
826	177.898958	Eb6	87	88	836	114.909049	Eb6	87	68	
827	177.910417	Bb5	82	72	835	114.909049	Bb5	82	68	
828	177.915625	G4	67	58	832	114.909049	G4	67	66	
829	177.917708	Bb3	58	55	831	114.909049	Bb3	58	66	
830	177.921875	Eb5	75	72	833	114.909049	Eb5	75	68	
831	177.936458	G#5	80	51	834	114.909049	G#5	80	68	
832	178.303125	G#4	68	80	837	115.156983	G#4	68	67	
833	178.459375	D6	86	87	839	115.280949	D6	86	69	
834	178.472917	D5	74	70	838	115.280949	D5	74	69	
835	178.656250	D6	86	83	843	115.404916	D6	86	70	
836	178.666667	Bb3	58	58	840	115.404916	Bb3	58	68	
837	178.671875	D5	74	65	842	115.404916	D5	74	70	
838	178.672917	Bb5	82	59	*	-1	*	-1	-1	
839	178.676042	C5	72	65	841	115.404916	C5	72	68	
840	178.680208	G#5	80	43	*	-1	*	-1	-1	
841	179.025000	G#4	68	65	844	115.652850	G#4	68	69	
842	179.409375	G4	67	60	847	115.900783	G4	67	70	
843	179.409375	C#6	85	80	851	115.900783	C#6	85	72	
844	179.432292	G#3	56	49	845	115.900783	G#3	56	70	
845	179.433333	C#5	73	54	848	115.900783	C#5	73	72	
846	179.440625	Bb5	82	62	850	115.900783	Bb5	82	72	
847	179.457292	Bb3	58	43	846	115.900783	Bb3	58	70	
848	179.459375	G#5	80	39	849	115.900783	G#5	80	72	
849	179.881250	D6	86	84	853	116.150292	D6	86	73	
850	179.894792	D5	74	77	852	116.150292	D5	74	73	
851	180.037500	F4	65	76	854	116.275292	F4	65	72	
852	180.247917	F6	89	92	861	116.400292	F6	89	74	
853	180.260417	Bb3	58	52	856	116.400292	Bb3	58	73	
854	180.265625	F4	65	62	857	116.400292	F4	65	73	
855	180.265625	F5	77	64	858	116.400292	F5	77	74	
856	180.280208	G#3	56	46	855	116.400292	G#3	56	73	
857	180.285417	G#5	80	43	859	116.400292	G#5	80	74	
858	180.352083	G#5	80	17	*	-1	*	-1	-1	
859	180.703125	D6	86	84	863	116.650292	D6	86	75	
860	180.713542	Bb2	46	47	*	-1	*	-1	-1	
861	180.716667	D5	74	79	*	-1	*	-1	-1	
862	180.721875	Bb1	34	51	864	116.775292	Bb1	34	74	
863	181.230208	C#6	85	78	870	116.900292	C#6	85	76	
864	181.243750	Bb5	82	61	869	116.900292	Bb5	82	76	
865	181.247917	Eb4	63	54	866	116.900292	Eb4	63	75	
866	181.248958	C#5	73	61	867	116.900292	C#5	73	76	
867	181.253125	Eb3	51	52	865	116.900292	Eb3	51	75	
868	181.254167	G5	79	49	868	116.900292	G5	79	76	
869	181.776042	E4	64	48	872	117.159444	E4	64	76	
870	181.796875	E3	52	51	871	117.159444	E3	52	76	
871	182.150000	Bb5	82	83	878	117.433716	Bb5	82	79	
872	182.165625	Bb4	70	65	875	117.433716	Bb4	70	79	
873	182.166667	E5	76	63	877	117.433716	E5	76	79	
874	182.170833	G4	67	66	874	117.433716	G4	67	77	
875	182.180208	C#5	73	57	876	117.433716	C#5	73	79	
876	182.193750	G3	55	52	873	117.433716	G3	55	77	
877	182.529167	E4	64	72	880	117.695398	E4	64	79	
878	182.544792	E3	52	63	879	117.695398	E3	52	79	
879	182.852083	A5	81	88	886	117.939351	A5	81	81	
880	182.853125	C4	60	69	882	117.939351	C4	60	80	
881	182.853125	A4	69	80	883	117.939351	A4	69	81	
882	182.855208	G5	79	71	885	117.939351	G5	79	81	
883	182.863542	C3	48	63	881	117.939351	C3	48	80	
884	182.883333	E5	76	42	884	117.939351	E5	76	81	
885	183.191667	C#4	61	81	888	118.187284	C#4	61	81	
886	183.192708	C#3	49	73	887	118.187284	C#3	49	81	
887	183.495833	Bb4	70	60	892	118.435218	Bb4	70	83	
888	183.495833	G5	79	95	894	118.435218	G5	79	83	
889	183.497917	C#5	73	81	893	118.435218	C#5	73	83	
890	183.498958	G4	67	82	891	118.435218	G4	67	83	
891	183.500000	E4	64	78	890	118.435218	E4	64	82	
892	183.504167	E3	52	69	889	118.435218	E3	52	82	
893	183.820833	C#4	61	89	896	118.683151	C#4	61	83	
894	183.828125	C#3	49	74	895	118.683151	C#3	49	83	
895	184.151042	A3	57	73	898	118.931085	A3	57	84	
896	184.154167	E6	88	99	902	118.931085	E6	88	85	
897	184.157292	A2	45	73	897	118.931085	A2	45	84	
898	184.157292	E5	76	89	899	118.931085	E5	76	85	
899	184.157292	C#6	85	86	901	118.931085	C#6	85	85	
900	184.161458	G5	79	59	900	118.931085	G5	79	85	
901	184.520833	Bb2	46	81	903	119.176952	Bb2	46	86	
902	184.523958	Bb3	58	94	904	119.176952	Bb3	58	86	
903	184.894792	C#6	85	99	911	119.420904	C#6	85	87	
904	184.896875	C#5	73	103	907	119.420904	C#5	73	87	
905	184.898958	Bb5	82	82	910	119.420904	Bb5	82	87	
906	184.904167	C#4	61	88	906	119.420904	C#4	61	87	
907	184.909375	C#3	49	81	905	119.420904	C#3	49	87	
908	185.271875	Bb3	58	96	913	119.668838	Bb3	58	88	
909	185.280208	Bb2	46	82	912	119.668838	Bb2	46	88	
910	185.683333	C#5	73	82	917	119.916771	C#5	73	90	
911	185.685417	Bb4	70	94	916	119.916771	Bb4	70	90	
912	185.685417	E5	76	82	918	119.916771	E5	76	90	
913	185.686458	Bb5	82	96	919	119.916771	Bb5	82	90	
914	185.691667	F#3	54	93	915	119.916771	F#3	54	89	
915	185.698958	F#2	42	79	914	119.916771	F#2	42	89	
916	186.136458	G3	55	94	921	120.164705	G3	55	90	
917	186.139583	G2	43	87	920	120.164705	G2	43	90	
918	186.655208	Bb3	58	99	923	120.412638	B3	59	92	
919	186.657292	C#5	73	70	925	120.412638	C#5	73	92	
920	186.659375	E5	76	77	926	120.412638	E5	76	92	
921	186.660417	A4	69	97	924	120.412638	A4	69	92	
922	186.660417	A5	81	97	927	120.412638	A5	81	92	
923	186.672917	Bb2	46	78	922	120.412638	B2	47	92	
924	187.259375	C#2	37	97	929	120.658506	C#2	37	93	
925	187.260417	C#1	25	89	928	120.658506	C#1	25	93	
926	187.291667	G4	67	93	930	120.658506	G4	67	94	
927	187.292708	Bb4	70	82	931	120.658506	B4	71	94	
928	187.292708	E5	76	82	932	120.658506	E5	76	94	
929	187.295833	G5	79	91	933	120.658506	G5	79	94	
930	187.643750	D2	38	104	*	-1	*	-1	-1	
931	187.656250	D1	26	83	934	120.821107	D1	26	93	
932	187.703125	C#1	25	33	*	-1	*	-1	-1	
933	188.067708	D4	62	92	939	120.902408	D4	62	97	
934	188.071875	D5	74	103	940	120.902408	D5	74	97	
935	188.073958	A3	57	77	938	120.902408	A3	57	97	
936	188.073958	A5	81	90	942	120.902408	A5	81	97	
937	188.073958	D6	86	96	943	120.902408	D6	86	97	
938	188.077083	F#3	54	79	937	120.902408	F#3	54	97	
939	188.078125	D3	50	79	936	120.902408	D3	50	100	
940	188.078125	F#5	78	86	941	120.902408	F#5	78	97	
941	188.644792	A5	81	85	946	121.146310	A5	81	97	
942	188.651042	D6	86	98	947	121.146310	D6	86	97	
943	188.654167	F#5	78	79	945	121.146310	F#5	78	97	
944	188.655208	D5	74	100	944	121.146310	D5	74	97	
945	189.544792	D3	50	70	948	121.634114	D3	50	99	
946	189.546875	D4	62	92	951	121.634114	D4	62	96	
947	189.551042	A3	57	72	950	121.634114	A3	57	96	
948	189.552083	F#3	54	78	949	121.634114	F#3	54	96	
949	189.697917	A5	81	72	954	121.634114	A5	81	96	
950	189.702083	D6	86	92	955	121.634114	D6	86	96	
951	189.703125	F#5	78	73	953	121.634114	F#5	78	96	
952	189.704167	D5	74	97	952	121.634114	D5	74	96	
953	189.805208	A2	45	67	956	121.837365	A2	45	99	
954	189.876042	D3	50	78	957	121.857690	D3	50	96	
955	189.920833	F#3	54	85	958	121.878016	F#3	54	96	
956	189.997917	D4	62	96	959	121.878016	D4	62	96	
957	190.378125	A5	81	84	962	122.121918	A5	81	95	
958	190.379167	D5	74	103	960	122.121918	D5	74	95	
959	190.379167	D6	86	97	963	122.121918	D6	86	95	
960	190.384375	F#5	78	80	961	122.121918	F#5	78	95	
961	190.977083	A2	45	73	964	122.609722	A2	45	98	
962	191.031250	D3	50	73	965	122.609722	D3	50	95	
963	191.065625	F#3	54	84	966	122.609722	F#3	54	95	
964	191.155208	D4	62	92	967	122.609722	D4	62	95	
965	191.233333	D5	74	100	968	122.609722	D5	74	95	
966	191.233333	A5	81	88	970	122.609722	A5	81	95	
967	191.234375	D6	86	96	971	122.609722	D6	86	95	
968	191.235417	F#5	78	85	969	122.609722	F#5	78	95	
969	191.358333	F#2	42	79	972	122.812973	F#2	42	97	
970	191.432292	D3	50	80	973	122.833298	D3	50	94	
971	191.493750	F#3	54	81	974	122.853624	F#3	54	94	
972	191.565625	D4	62	97	976	123.097526	D5	74	94	
973	191.983333	A5	81	94	986	123.610552	A5	81	93	
974	191.985417	D5	74	95	984	123.610552	D5	74	93	
975	191.987500	F#5	78	80	985	123.610552	F#5	78	93	
976	191.987500	D6	86	97	987	123.610552	D6	86	93	
977	192.598958	F#2	42	53	*	-1	*	-1	-1	
978	192.664583	D3	50	73	*	-1	*	-1	-1	
979	192.713542	F#3	54	84	*	-1	*	-1	-1	
980	192.810417	D4	62	93	*	-1	*	-1	-1	
981	192.901042	D5	74	94	*	-1	*	-1	-1	
982	192.901042	D6	86	94	*	-1	*	-1	-1	
983	192.905208	F#5	78	83	*	-1	*	-1	-1	
984	192.906250	A5	81	85	*	-1	*	-1	-1	
985	192.945833	C#3	49	16	*	-1	*	-1	-1	
986	193.076042	A2	45	77	*	-1	*	-1	-1	
987	193.144792	D3	50	79	*	-1	*	-1	-1	
988	193.185417	F#3	54	87	*	-1	*	-1	-1	
989	193.269792	D4	62	98	*	-1	*	-1	-1	
990	193.837500	D5	74	98	992	124.127793	D5	74	93	
991	193.837500	A5	81	96	994	124.127793	A5	81	93	
992	193.837500	D6	86	96	995	124.127793	D6	86	93	
993	193.841667	F#5	78	83	993	124.127793	F#5	78	93	
994	194.818750	A2	45	76	996	124.645034	A2	45	95	
995	194.898958	D3	50	77	997	124.645034	D3	50	92	
996	194.957292	F#3	54	86	998	124.645034	F#3	54	92	
997	195.078125	D4	62	98	999	124.645034	D4	62	92	
998	195.117708	D5	74	98	1000	124.645034	D5	74	92	
999	195.118750	D6	86	99	1003	124.645034	D6	86	92	
1000	195.125000	A5	81	91	1002	124.645034	A5	81	92	
1001	195.126042	F#5	78	86	1001	124.645034	F#5	78	92	
1002	195.494792	D2	38	86	1004	124.903655	D2	38	95	
1003	195.630208	A2	45	83	1006	124.925207	A2	45	92	
1004	195.806250	F#3	54	95	1007	124.946758	F#3	54	92	
1005	196.112500	D4	62	94	1008	124.946758	D4	62	92	
1006	196.112500	D5	74	101	1009	124.946758	D5	74	92	
1007	196.113542	D6	86	97	1005	124.903655	D6	86	92	
1008	196.118750	A5	81	92	1011	124.946758	A5	81	92	
1009	196.125000	F#5	78	86	1010	124.946758	F#5	78	92	
1010	197.055208	E5	76	99	1013	125.427758	E5	76	93	
1011	197.063542	E4	64	100	1012	125.427758	E4	64	93	
1012	197.719792	F4	65	94	1014	125.954073	F4	65	94	
1013	197.719792	F5	77	99	1015	125.954073	F5	77	94	
1014	198.656250	C#4	61	87	1016	126.480388	C#4	61	88	
1015	198.660417	C#5	73	103	1017	126.480388	C#5	73	90	
1016	199.961458	G#2	44	78	1018	127.107552	G#2	44	93	
1017	199.998958	D3	50	80	1019	127.130074	D3	50	93	
1018	200.001042	F3	53	87	1020	127.152597	F3	53	93	
1019	200.026042	B6	95	103	1025	127.152597	B6	95	93	
1020	200.030208	B5	83	103	1022	127.152597	B5	83	93	
1021	200.031250	D6	86	87	1023	127.152597	D6	86	93	
1022	200.031250	F6	89	91	1024	127.152597	F6	89	93	
1023	200.042708	B3	59	95	1021	127.152597	B3	59	93	
1024	200.588542	G#2	44	82	1026	127.377822	G#2	44	93	
1025	200.662500	D3	50	76	1027	127.400345	D3	50	93	
1026	200.707292	F3	53	76	1028	127.422867	F3	53	93	
1027	200.743750	B5	83	98	1030	127.422867	B5	83	93	
1028	200.747917	B3	59	99	1029	127.422867	B3	59	93	
1029	200.750000	B6	95	102	1033	127.422867	B6	95	93	
1030	200.759375	D6	86	75	1031	127.422867	D6	86	93	
1031	200.759375	F6	89	86	1032	127.422867	F6	89	93	
1032	201.212500	D4	62	87	1034	127.558003	D4	62	88	
1033	201.216667	D5	74	97	1035	127.558003	D5	74	88	
1034	201.881250	E5	76	98	1037	127.828273	E5	76	85	
1035	201.883333	E4	64	91	1036	127.828273	E4	64	85	
1036	202.586458	F5	77	96	1039	128.098544	F5	77	88	
1037	202.593750	F4	65	95	1038	128.098544	F4	65	88	
1038	203.600000	C#4	61	83	1040	128.379572	C#4	61	83	
1039	203.600000	C#5	73	91	1041	128.379572	C#5	73	84	
1040	204.753125	G#2	44	75	1042	128.767921	G#2	44	93	
1041	204.781250	D3	50	77	1043	128.792193	D3	50	93	
1042	204.810417	F3	53	85	1044	128.816465	F3	53	93	
1043	204.854167	B6	95	105	1049	128.816465	B6	95	93	
1044	204.855208	B3	59	91	1045	128.816465	B3	59	93	
1045	204.857292	F6	89	91	1048	128.816465	F6	89	93	
1046	204.858333	D6	86	86	1047	128.816465	D6	86	93	
1047	204.862500	B5	83	97	1046	128.816465	B5	83	93	
1048	205.579167	G#2	44	84	1050	129.059183	G#2	44	93	
1049	205.655208	D3	50	77	1051	129.083455	D3	50	93	
1050	205.688542	F3	53	81	1052	129.107727	F3	53	93	
1051	205.730208	B5	83	95	1054	129.107727	B5	83	93	
1052	205.733333	B3	59	99	1053	129.107727	B3	59	93	
1053	205.734375	B6	95	99	1057	129.107727	B6	95	93	
1054	205.742708	D6	86	72	1055	129.107727	D6	86	93	
1055	205.750000	F6	89	76	1056	129.107727	F6	89	93	
1056	206.584375	D4	62	68	1058	129.253358	D4	62	84	
1057	207.166667	D5	74	57	1059	129.350445	D5	74	85	
1058	207.405208	D6	86	64	1060	129.447533	D6	86	86	
1059	207.605208	E4	64	77	1061	129.544620	E4	64	87	
1060	207.801042	E5	76	76	1062	129.641707	E5	76	88	
1061	208.025000	E6	88	83	1063	129.738795	E6	88	89	
1062	208.266667	F4	65	85	1064	129.835882	F4	65	91	
1063	208.577083	F5	77	80	1065	129.932969	F5	77	91	
1064	208.797917	F6	89	88	1066	130.017394	F6	89	89	
1065	209.006250	C#4	61	81	1067	130.092063	C#4	61	88	
1066	209.209375	C#5	73	84	1068	130.181349	C#5	73	88	
1067	209.410417	C#6	85	84	1069	130.266343	C#6	85	87	
1068	209.620833	B3	59	74	1070	130.347643	B3	59	86	
1069	209.865625	B4	71	74	1071	130.428944	B4	71	86	
1070	210.109375	B5	83	77	1072	130.510245	B5	83	85	
1071	210.316667	G#3	56	77	1073	130.591545	G#3	56	84	
1072	210.526042	G#4	68	77	1074	130.672846	G#4	68	83	
1073	210.734375	G#5	80	84	1075	130.754147	G#5	80	83	
1074	210.936458	F3	53	87	1076	130.835447	F3	53	82	
1075	211.140625	F4	65	85	1077	130.916748	F4	65	81	
1076	211.375000	F5	77	83	1078	130.998049	F5	77	81	
1077	211.597917	C#3	49	89	1079	131.079349	C#3	49	80	
1078	211.831250	C#4	61	84	1080	131.160650	C#4	61	79	
1079	212.094792	C#5	73	91	1081	131.241951	C#5	73	79	
1080	212.344792	B2	47	91	1082	131.323251	B2	47	78	
1081	212.670833	B3	59	86	1083	131.404552	B3	59	77	
1082	212.948958	B4	71	92	1084	131.485853	B4	71	77	
1083	213.234375	G#2	44	93	1085	131.567153	G#2	44	76	
1084	213.520833	G#3	56	92	1086	131.648454	G#3	56	75	
1085	213.792708	G#4	68	91	1087	131.729755	G#4	68	75	
1086	214.102083	F2	41	99	1088	131.811055	F2	41	74	
1087	214.416667	F3	53	88	1089	131.892356	F3	53	73	
1088	214.748958	F4	65	90	1090	131.973657	F4	65	72	
1089	215.057292	C#2	37	95	1091	132.054957	C#2	37	76	
1090	215.394792	C#3	49	94	1092	132.136258	C#3	49	80	
1091	215.744792	C#4	61	93	1093	132.217559	C#4	61	84	
1092	216.109375	B1	35	90	1094	132.298859	B1	35	88	
1093	216.488542	B2	47	93	1095	132.380160	B2	47	92	
1094	216.937500	B3	59	92	1096	132.461461	B3	59	96	
1095	217.428125	G1	31	94	1097	132.542761	G1	31	100	
1096	218.027083	G2	43	96	1098	132.624062	G2	43	103	
1097	218.730208	G3	55	93	1099	132.706455	G3	55	107	
1098	219.702083	F#1	30	80	1100	132.789789	F#1	30	116	
1099	219.702083	F#2	42	96	1101	132.789789	F#2	42	116	
1100	219.706250	F#3	54	96	1102	132.789789	F#3	54	116	
1101	220.447917	F#5	78	99	1109	132.914421	F#5	78	110	
1102	220.448958	F#4	66	102	1106	132.914421	F#4	66	110	
1103	220.452083	D5	74	89	1108	132.914421	D5	74	110	
1104	220.454167	D4	62	81	1105	132.914421	D4	62	110	
1105	220.454167	B4	71	92	1107	132.914421	B4	71	110	
1106	220.459375	B3	59	79	1104	132.914421	B3	59	110	
1107	220.461458	F#3	54	76	1103	132.914421	F#3	54	110	
1108	222.296875	F#4	66	103	1113	133.159484	F#4	66	109	
1109	222.301042	F#5	78	100	1116	133.159484	F#5	78	109	
1110	222.303125	D4	62	80	1112	133.159484	D4	62	109	
1111	222.306250	B4	71	85	1114	133.159484	B4	71	109	
1112	222.308333	F#3	54	69	1110	133.159484	F#3	54	109	
1113	222.312500	B3	59	73	1111	133.159484	B3	59	109	
1114	222.332292	D5	74	41	1115	133.159484	D5	74	109	
1115	222.922917	F#2	42	94	1118	133.281435	F#2	42	112	
1116	222.925000	F#3	54	96	1119	133.281435	F#3	54	112	
1117	222.926042	F#1	30	90	1117	133.281435	F#1	30	112	
1118	223.610417	F#5	78	99	1126	133.403386	F#5	78	107	
1119	223.614583	B4	71	89	1125	133.403386	B4	71	107	
1120	223.617708	F#4	66	99	1123	133.403386	F#4	66	107	
1121	223.617708	G#4	68	90	1124	133.403386	G#4	68	107	
1122	223.625000	B3	59	79	1122	133.403386	B3	59	107	
1123	223.628125	F#3	54	76	1120	133.403386	F#3	54	107	
1124	223.630208	G#3	56	77	1121	133.403386	G#3	56	107	
1125	225.655208	F#4	66	91	1130	133.647288	F#4	66	105	
1126	225.660417	B3	59	71	1129	133.647288	B3	59	105	
1127	225.661458	G#4	68	89	1131	133.647288	G#4	68	105	
1128	225.662500	F#5	78	94	1133	133.647288	F#5	78	105	
1129	225.664583	F#3	54	69	1127	133.647288	F#3	54	105	
1130	225.692708	G#3	56	62	1128	133.647288	G#3	56	105	
1131	226.477083	F#3	54	96	1136	133.769239	F#3	54	110	
1132	226.480208	F#2	42	95	1135	133.769239	F#2	42	110	
1133	226.482292	F#1	30	85	1134	133.769239	F#1	30	110	
1134	227.597917	F#5	78	100	1143	133.891190	F#5	78	101	
1135	227.604167	F#4	66	86	1140	133.891190	F#4	66	101	
1136	227.604167	Bb4	70	86	1141	133.891190	Bb4	70	101	
1137	227.605208	C#5	73	88	1142	133.891190	C#5	73	101	
1138	227.609375	C#4	61	79	1139	133.891190	C#4	61	101	
1139	227.614583	Bb3	58	73	1138	133.891190	Bb3	58	101	
1140	227.615625	F#3	54	71	1137	133.891190	F#3	54	101	
1141	230.063542	C#4	61	61	1147	134.175742	C#4	61	88	
1142	230.065625	F#5	78	89	1151	134.175742	F#5	78	88	
1143	230.066667	F#3	54	63	1146	134.175742	F#3	54	88	
1144	230.067708	C#5	73	78	1150	134.175742	C#5	73	88	
1145	230.072917	F#4	66	73	1148	134.175742	F#4	66	88	
1146	230.076042	Bb4	70	68	1149	134.175742	Bb4	70	88	
1147	230.082292	C#3	49	56	1145	134.175742	C#3	49	88	
1148	230.098958	Bb2	46	47	1144	134.175742	Bb2	46	88	
1149	231.214583	F#2	42	57	1152	134.318018	F#2	42	81	
1150	231.380208	C#3	49	66	1153	134.338343	C#3	49	81	
1151	231.581250	F#3	54	72	1154	134.358668	F#3	54	81	
1152	231.911458	F#5	78	87	1159	134.378994	F#5	78	81	
1153	231.917708	Bb4	70	63	1157	134.378994	Bb4	70	81	
1154	231.919792	F#4	66	68	1156	134.378994	F#4	66	81	
1155	231.919792	C#5	73	72	1158	134.378994	C#5	73	81	
1156	231.922917	Bb3	58	65	*	-1	*	-1	-1	
1157	238.520833	B2	47	28	1164	135.395252	B3	59	43	
1158	238.540625	B1	35	26	*	-1	*	-1	-1	
1159	238.592708	Eb3	51	38	1165	135.395252	Eb4	63	43	
1160	238.942708	F#3	54	51	*	-1	*	-1	-1	
1161	239.183333	Eb4	63	73	*	-1	*	-1	-1	
1162	239.435417	C#3	49	52	1167	135.476553	C#3	49	44	
1163	239.440625	Eb4	63	68	1170	135.476553	Eb4	63	44	
1164	239.456250	C#2	37	46	1166	135.476553	C#2	37	44	
1165	239.471875	E3	52	42	1168	135.476553	E3	52	44	
1166	239.815625	C#4	61	74	1171	135.598504	C#4	61	45	
1167	240.211458	Eb3	51	45	1173	135.723402	Eb3	51	47	
1168	240.212500	Eb2	39	45	1172	135.723402	Eb2	39	47	
1169	240.218750	C#4	61	60	1175	135.723402	C#4	61	47	
1170	240.223958	F#3	54	44	1174	135.723402	F#3	54	47	
1171	240.619792	B3	59	58	1176	135.848034	B3	59	45	
1172	241.096875	A3	57	47	1180	135.959468	A3	57	44	
1173	241.117708	Bb1	34	35	1177	135.959468	Bb1	34	42	
1174	241.123958	E3	52	31	1179	135.959468	E3	52	44	
1175	241.133333	Bb2	46	27	1178	135.959468	Bb2	46	42	
1176	241.714583	G3	55	44	1181	136.093097	G3	55	42	
1177	242.451042	Bb2	46	86	1182	136.215048	Bb2	46	73	
1178	242.457292	G3	55	91	1183	136.215048	G3	55	73	
1179	242.485417	G5	79	85	1185	136.215048	G5	79	73	
1180	242.494792	G4	67	68	1184	136.215048	G4	67	73	
1181	242.755208	F#3	54	91	1186	136.296349	F#3	54	75	
1182	242.755208	F#4	66	83	1187	136.296349	F#4	66	75	
1183	242.760417	F#5	78	95	1188	136.296349	F#5	78	75	
1184	242.795833	Eb3	51	45	*	-1	*	-1	-1	
1185	243.051042	Eb4	63	16	*	-1	*	-1	-1	
1186	243.086458	F#4	66	85	1190	136.377649	G#4	68	77	
1187	243.088542	G#6	92	101	1193	136.377649	G#6	92	77	
1188	243.091667	D4	62	65	1189	136.377649	E4	64	77	
1189	243.094792	G#5	80	92	1191	136.377649	G#5	80	77	
1190	243.094792	E6	88	83	1192	136.377649	E6	88	77	
1191	243.166667	G4	67	5	*	-1	*	-1	-1	
1192	243.383333	E4	64	54	1195	136.458950	E4	64	79	
1193	243.388542	E6	88	72	1198	136.458950	E6	88	79	
1194	243.388542	G#6	92	102	1199	136.458950	G#6	92	79	
1195	243.390625	G#5	80	97	1197	136.458950	G#5	80	79	
1196	243.391667	G#4	68	89	1196	136.458950	G#4	68	79	
1197	243.409375	F#3	54	71	1194	136.458950	F#3	54	79	
1198	243.427083	G#3	56	40	*	-1	*	-1	-1	
1199	243.779167	Eb4	63	80	1200	136.580901	Eb4	63	78	
1200	243.785417	F#6	90	104	1204	136.580901	F#6	90	77	
1201	243.786458	F#4	66	83	1201	136.580901	F#4	66	78	
1202	243.786458	F#5	78	93	1202	136.580901	F#5	78	77	
1203	243.820833	Eb6	87	48	1203	136.580901	Eb6	87	77	
1204	244.152083	Eb4	63	76	1206	136.702852	Eb4	63	76	
1205	244.152083	F#4	66	84	1207	136.702852	F#4	66	76	
1206	244.156250	F#3	54	66	1205	136.702852	F#3	54	76	
1207	244.160417	F#6	90	104	1210	136.702852	F#6	90	76	
1208	244.167708	F#5	78	91	1208	136.702852	F#5	78	76	
1209	244.530208	E6	88	104	1215	136.824803	E6	88	74	
1210	244.534375	E5	76	94	1213	136.824803	E5	76	74	
1211	244.539583	E4	64	75	1212	136.824803	E4	64	75	
1212	244.540625	C#4	61	78	1211	136.824803	C#4	61	75	
1213	244.542708	C#6	85	85	1214	136.824803	C#6	85	74	
1214	244.951042	E4	64	69	1218	136.946754	E4	64	73	
1215	244.953125	C#4	61	68	1217	136.946754	C#4	61	73	
1216	244.957292	F#3	54	64	1216	136.946754	F#3	54	73	
1217	244.961458	E6	88	90	1221	136.946754	E6	88	72	
1218	244.962500	C#6	85	84	1220	136.946754	C#6	85	72	
1219	244.964583	E5	76	86	1219	136.946754	E5	76	72	
1220	245.493750	C#6	85	85	1226	137.068705	C#6	85	70	
1221	245.506250	C#5	73	71	1224	137.068705	C#5	73	70	
1222	245.521875	Bb3	58	52	1222	137.068705	Bb3	58	72	
1223	245.526042	C#4	61	63	1223	137.068705	C#4	61	72	
1224	246.258333	C#2	37	37	1227	137.190656	C#2	37	46	
1225	246.263542	C#3	49	36	1228	137.190656	C#3	49	46	
1226	246.352083	E3	52	39	1229	137.190656	E3	52	46	
1227	246.605208	Bb3	58	60	1230	137.271957	Bb3	58	47	
1228	246.813542	E4	64	75	1231	137.353257	E4	64	48	
1229	247.072917	Eb3	51	59	1233	137.434558	Eb3	51	49	
1230	247.087500	Eb2	39	49	1232	137.434558	Eb2	39	49	
1231	247.087500	E4	64	60	1236	137.434558	E4	64	49	
1232	247.096875	F#3	54	44	1234	137.434558	F#3	54	49	
1233	247.104167	B3	59	31	1235	137.434558	B3	59	49	
1234	247.454167	Eb4	63	72	1237	137.556509	Eb4	63	50	
1235	247.818750	E3	52	44	1239	137.678460	E3	52	52	
1236	247.818750	Eb4	63	63	1242	137.678460	Eb4	63	52	
1237	247.839583	G3	55	48	1240	137.678460	G3	55	52	
1238	247.843750	E2	40	36	1238	137.678460	E2	40	52	
1239	248.266667	C#4	61	61	1243	137.800411	C#4	61	50	
1240	248.716667	B3	59	40	1247	137.922362	B3	59	48	
1241	248.732292	G3	55	18	1246	137.922362	G#3	56	48	
1242	248.734375	B2	47	30	1245	137.922362	B2	47	48	
1243	248.740625	B1	35	31	1244	137.922362	B1	35	48	
1244	249.268750	G3	55	47	1249	138.044313	G#3	56	46	
1245	249.284375	E3	52	32	1248	138.044313	E3	52	46	
1246	249.797917	G3	55	93	1251	138.166264	G3	55	78	
1247	249.800000	B2	47	80	1250	138.166264	B2	47	78	
1248	249.841667	G5	79	94	1253	138.166264	G5	79	78	
1249	249.847917	G4	67	81	1252	138.166264	G4	67	78	
1250	250.092708	G#3	56	93	1254	138.247565	G#3	56	79	
1251	250.096875	G#4	68	95	1255	138.247565	G#4	68	79	
1252	250.096875	G#5	80	98	1256	138.247565	G#5	80	79	
1253	250.398958	G#4	68	69	1257	138.328865	G#4	68	80	
1254	250.398958	B4	71	85	1258	138.328865	B4	71	80	
1255	250.398958	B6	95	103	1261	138.328865	B6	95	80	
1256	250.400000	B5	83	106	1259	138.328865	B5	83	80	
1257	250.409375	G#6	92	88	1260	138.328865	G#6	92	80	
1258	250.438542	Bb6	94	55	*	-1	*	-1	-1	
1259	250.677083	G#4	68	88	1263	138.410166	G#4	68	82	
1260	250.682292	B4	71	92	1264	138.410166	B4	71	82	
1261	250.685417	B6	95	101	1267	138.410166	B6	95	82	
1262	250.686458	B5	83	97	1265	138.410166	B5	83	82	
1263	250.687500	G#6	92	91	1266	138.410166	G#6	92	82	
1264	250.693750	B3	59	71	1262	138.410166	B3	59	82	
1265	251.089583	G#6	92	95	1272	138.532117	G#6	92	85	
1266	251.092708	G#4	68	90	1269	138.532117	G#4	68	84	
1267	251.093750	G#5	80	103	1270	138.532117	G#5	80	85	
1268	251.119792	E4	64	71	1268	138.532117	E4	64	84	
1269	251.415625	G#4	68	87	1275	138.656634	G#4	68	86	
1270	251.416667	E4	64	69	1274	138.656634	E4	64	86	
1271	251.426042	B3	59	66	1273	138.656634	B3	59	86	
1272	251.438542	G#5	80	99	1276	138.656634	G#5	80	86	
1273	251.441667	G#6	92	98	1278	138.656634	G#6	92	86	
1274	251.453125	E6	88	49	1277	138.656634	E6	88	86	
1275	251.716667	G#3	56	82	1279	138.781558	G#3	56	84	
1276	251.817708	E6	88	104	1283	138.781558	E6	88	84	
1277	251.818750	E5	76	91	1281	138.781558	E5	76	84	
1278	251.834375	G#5	80	78	1282	138.781558	B5	83	84	
1279	251.979167	B2	47	79	1284	138.862859	B2	47	82	
1280	252.055208	G#3	56	89	1285	138.883184	G#3	56	82	
1281	252.204167	E6	88	101	1289	138.903509	E6	88	82	
1282	252.211458	E4	64	80	1286	138.903509	E4	64	82	
1283	252.212500	E5	76	93	1287	138.903509	E5	76	82	
1284	252.218750	G#5	80	84	1288	138.903509	G#5	80	82	
1285	252.722917	B3	59	57	1291	139.025460	B3	59	80	
1286	252.735417	E3	52	55	1290	139.025460	E3	52	80	
1287	252.751042	B5	83	86	1294	139.025460	B5	83	80	
1288	252.758333	B4	71	73	1292	139.025460	B4	71	80	
1289	252.771875	G#5	80	50	1293	139.025460	G#5	80	80	
1290	253.300000	C3	48	39	1296	139.147411	C3	48	53	
1291	253.301042	C2	36	41	1295	139.147411	C2	36	53	
1292	253.544792	G3	55	55	1297	139.228712	G3	55	55	
1293	253.766667	E4	64	67	1299	139.310012	E4	64	57	
1294	253.785417	C4	60	53	1298	139.310012	C4	60	57	
1295	254.047917	G1	31	49	1300	139.391313	G1	31	58	
1296	254.047917	E4	64	60	1304	139.391313	E4	64	58	
1297	254.055208	G2	43	42	1301	139.391313	G2	43	58	
1298	254.081250	B3	59	36	1303	139.391313	B3	59	58	
1299	254.082292	F3	53	41	1302	139.391313	F3	53	58	
1300	254.437500	D4	62	64	1305	139.513264	D4	62	54	
1301	254.737500	F#3	54	79	1306	139.635215	F#3	54	81	
1302	254.796875	F#5	78	90	1308	139.635215	F#5	78	81	
1303	254.801042	F#4	66	87	1307	139.635215	F#4	66	81	
1304	255.015625	G4	67	94	1310	139.716516	G4	67	82	
1305	255.019792	G3	55	80	1309	139.716516	G3	55	82	
1306	255.020833	G5	79	101	1311	139.716516	G5	79	82	
1307	255.235417	A4	69	83	*	-1	*	-1	-1	
1308	255.237500	F4	65	59	1313	139.797816	F4	65	84	
1309	255.265625	A6	93	105	1316	139.797816	A6	93	84	
1310	255.268750	A5	81	96	1314	139.797816	A5	81	84	
1311	255.268750	F6	89	92	1315	139.797816	F6	89	84	
1312	255.363542	G3	55	75	1317	139.879117	G3	55	86	
1313	255.447917	F4	65	83	1318	139.879117	F4	65	86	
1314	255.509375	A5	81	99	1320	139.879117	A5	81	86	
1315	255.509375	A6	93	104	1322	139.879117	A6	93	86	
1316	255.510417	F6	89	80	1321	139.879117	F6	89	86	
1317	255.520833	A4	69	92	1319	139.879117	A4	69	86	
1318	255.917708	F4	65	73	1324	140.001068	F4	65	84	
1319	255.933333	B3	59	63	1323	140.001068	B3	59	84	
1320	255.966667	F6	89	99	1327	140.001068	F6	89	84	
1321	255.972917	F5	77	84	1325	140.001068	F5	77	84	
1322	256.453125	C3	48	41	1329	140.123019	C3	48	57	
1323	256.454167	C2	36	42	1328	140.123019	C2	36	57	
1324	256.625000	C3	48	5	*	-1	*	-1	-1	
1325	256.711458	G3	55	53	1330	140.204706	G3	55	58	
1326	256.951042	E4	64	67	1332	140.287351	E4	64	60	
1327	256.982292	C4	60	45	1331	140.287351	C4	60	60	
1328	257.225000	G#2	44	58	1334	140.369995	G#2	44	62	
1329	257.230208	G#1	32	56	1333	140.369995	G#1	32	62	
1330	257.248958	E4	64	64	1337	140.369995	E4	64	62	
1331	257.280208	F3	53	50	1335	140.369995	F3	53	62	
1332	257.290625	B3	59	40	1336	140.369995	B3	59	62	
1333	257.648958	D4	62	71	1338	140.493962	D4	62	60	
1334	257.896875	G3	55	84	1339	140.617929	G3	55	93	
1335	257.957292	G5	79	97	1341	140.617929	G5	79	93	
1336	257.964583	G4	67	88	1340	140.617929	G4	67	93	
1337	258.213542	G#4	68	96	1343	140.700573	G#4	68	96	
1338	258.214583	G#5	80	99	1344	140.700573	G#5	80	96	
1339	258.218750	G#3	56	78	1342	140.700573	G#3	56	96	
1340	258.471875	F4	65	63	1345	140.783218	F4	65	98	
1341	258.504167	B6	95	105	1349	140.783218	B6	95	98	
1342	258.505208	B4	71	89	1346	140.783218	B4	71	98	
1343	258.510417	B5	83	94	1347	140.783218	B5	83	98	
1344	258.650000	G#3	56	90	1350	140.865862	G#3	56	101	
1345	258.742708	F4	65	80	1351	140.865862	F4	65	101	
1346	258.794792	B5	83	100	1353	140.865862	B5	83	98	
1347	258.796875	B6	95	107	1355	140.865862	B6	95	101	
1348	258.811458	B4	71	97	*	-1	*	-1	-1	
1349	259.180208	G#4	68	83	1357	140.989829	G#4	68	102	
1350	259.193750	D4	62	76	1356	140.989829	D4	62	102	
1351	259.294792	F6	89	107	1360	140.989829	G#6	92	102	
1352	259.296875	F5	77	93	1359	140.989829	D6	86	102	
1353	259.521875	F#2	42	67	1361	141.072473	F#2	42	104	
1354	259.576042	B2	47	76	1362	141.093134	B2	47	104	
1355	259.607292	G#2	44	36	*	-1	*	-1	-1	
1356	259.685417	Eb3	51	85	1363	141.113796	Eb3	51	104	
1357	259.854167	F#3	54	90	*	-1	*	-1	-1	
1358	259.859375	B5	83	66	1366	141.113796	B5	83	106	
1359	259.863542	G#6	92	99	1368	141.113796	G#6	92	106	
1360	259.864583	G#5	80	94	1365	141.113796	G#5	80	106	
1361	259.885417	Eb6	87	43	1367	141.113796	Eb6	87	106	
1362	260.190625	F#3	54	90	1369	141.196440	F#3	54	103	
1363	260.321875	F#5	78	14	*	-1	*	-1	-1	
1364	260.461458	F#6	90	102	1375	141.279085	F#6	90	103	
1365	260.468750	F#5	78	91	1372	141.279085	F#5	78	103	
1366	260.471875	B4	71	88	1371	141.279085	B4	71	103	
1367	260.472917	Eb6	87	82	1374	141.279085	Eb6	87	103	
1368	260.479167	B5	83	62	1373	141.279085	B5	83	103	
1369	260.480208	Eb4	63	72	1370	141.279085	Eb4	63	103	
1370	260.859375	B4	71	90	1377	141.361729	B4	71	102	
1371	260.878125	Eb4	63	77	1376	141.361729	Eb4	63	102	
1372	261.148958	Eb5	75	93	1378	141.444374	Eb5	75	101	
1373	261.148958	Eb6	87	100	1379	141.444374	Eb6	87	101	
1374	261.223958	F#4	66	95	1382	141.527018	F#4	66	100	
1375	261.247917	B3	59	68	1381	141.527018	B3	59	100	
1376	261.290625	F#3	54	72	1380	141.527018	F#3	54	100	
1377	261.405208	B4	71	88	1383	141.527018	B4	71	100	
1378	261.405208	B5	83	97	1384	141.527018	B5	83	100	
1379	261.531250	F#2	42	82	1385	141.568340	F#2	42	99	
1380	261.598958	C#3	49	86	1386	141.589001	C#3	49	99	
1381	261.690625	Bb2	46	41	*	-1	*	-1	-1	
1382	261.738542	F#6	90	94	1391	141.609663	F#6	90	99	
1383	261.745833	F#5	78	91	1388	141.609663	F#5	78	99	
1384	261.763542	Bb3	58	86	1387	141.609663	Bb3	58	99	
1385	262.050000	F#3	54	87	1392	141.692911	F#3	54	98	
1386	262.295833	Bb4	70	91	1394	141.777657	Bb4	70	97	
1387	262.300000	E6	88	100	1398	141.777657	E6	88	97	
1388	262.303125	E5	76	98	1395	141.777657	E5	76	97	
1389	262.307292	C#6	85	89	1397	141.777657	C#6	85	97	
1390	262.308333	Bb5	82	81	1396	141.777657	Bb5	82	97	
1391	262.312500	C#4	61	70	1393	141.777657	C#4	61	97	
1392	262.670833	Bb4	70	85	1400	141.862403	Bb4	70	96	
1393	262.688542	C#4	61	77	1399	141.862403	C#4	61	96	
1394	262.987500	C#6	85	90	1402	141.947149	C#6	85	95	
1395	262.994792	C#5	73	84	1401	141.947149	C#5	73	95	
1396	263.113542	F#3	54	73	1403	142.031895	F#3	54	94	
1397	263.115625	E4	64	76	1404	142.031895	E4	64	94	
1398	263.295833	Bb5	82	86	1406	142.031895	Bb5	82	94	
1399	263.307292	Bb4	70	69	1405	142.031895	Bb4	70	94	
1400	263.385417	B2	47	75	1407	142.116640	B2	47	93	
1401	263.530208	F#3	54	67	1408	142.116640	F#3	54	93	
1402	263.719792	B4	71	76	1410	142.116640	B4	71	93	
1403	263.735417	Eb4	63	60	1409	142.116640	Eb4	63	93	
1404	264.237500	B5	83	94	1411	142.201386	B5	83	89	
1405	264.620833	F#5	78	85	1412	142.286132	F#5	78	84	
1406	264.917708	Eb5	75	81	1413	142.370878	Eb5	75	80	
1407	265.183333	B4	71	75	1414	142.455624	B4	71	76	
1408	265.428125	F#4	66	77	1415	142.540370	F#4	66	72	
1409	265.692708	Eb4	63	72	1416	142.625115	Eb4	63	68	
1410	265.975000	B3	59	66	1417	142.709861	B3	59	63	
1411	266.253125	G#3	56	60	1418	142.794607	G#3	56	59	
1412	266.555208	F#3	54	52	1419	142.879408	F#3	54	55	
1413	266.895833	Eb3	51	50	1420	142.965615	Eb3	51	51	
1414	267.284375	B2	47	43	1421	143.053476	B2	47	47	
1415	267.941667	Eb2	39	34	1422	143.143627	Eb2	39	46	
1416	267.972917	Bb2	46	38	1423	143.143627	Bb2	46	46	
1417	267.978125	Eb3	51	32	1424	143.143627	Eb3	51	46	
1418	268.073958	F#3	54	36	1425	143.143627	F#3	54	46	
1419	268.365625	Bb3	58	57	1426	143.255987	Bb3	58	47	
1420	268.605208	F#4	66	73	1428	143.352374	F#4	66	48	
1421	268.890625	F3	53	50	1430	143.435019	F3	53	48	
1422	268.896875	F#4	66	57	1433	143.435019	F#4	66	48	
1423	268.904167	F2	41	53	1429	143.435019	F2	41	48	
1424	268.927083	D4	62	33	1432	143.435019	D4	62	48	
1425	268.935417	G#3	56	37	1431	143.435019	G#3	56	48	
1426	269.310417	F4	65	68	1434	143.558986	F4	65	50	
1427	269.676042	F4	65	60	1438	143.682952	F4	65	53	
1428	269.683333	F#3	54	53	1436	143.682952	F#3	54	53	
1429	269.691667	F#2	42	47	1435	143.682952	F#2	42	53	
1430	269.698958	Bb3	58	43	1437	143.682952	Bb3	58	53	
1431	270.122917	Eb4	63	60	1439	143.806919	Eb4	63	51	
1432	270.578125	D3	50	38	1441	143.930886	D3	50	50	
1433	270.594792	C#4	61	38	1444	143.930886	C#4	61	50	
1434	270.598958	F3	53	31	1442	143.930886	F3	53	50	
1435	270.602083	D2	38	32	1440	143.930886	D2	38	50	
1436	270.620833	G#3	56	21	1443	143.930886	G#3	56	50	
1437	271.172917	B3	59	44	1445	144.054853	B3	59	48	
1438	271.764583	D3	50	98	1447	144.178819	D3	50	78	
1439	271.765625	D2	38	88	1446	144.178819	D2	38	78	
1440	271.789583	D5	74	86	1449	144.178819	D5	74	78	
1441	271.792708	D4	62	79	1448	144.178819	D4	62	78	
1442	272.082292	C#3	49	99	1451	144.261464	C#3	49	79	
1443	272.083333	C#2	37	88	1450	144.261464	C#2	37	79	
1444	272.086458	C#4	61	79	1452	144.261464	C#4	61	79	
1445	272.087500	C#5	73	93	1453	144.261464	C#5	73	79	
1446	272.430208	B4	71	72	*	-1	*	-1	-1	
1447	272.452083	Eb5	75	92	1457	144.344108	Eb5	75	80	
1448	272.454167	Eb7	99	100	*	-1	*	-1	-1	
1449	272.461458	Eb6	87	95	1459	144.344108	Eb6	87	80	
1450	272.473958	B6	95	71	*	-1	*	-1	-1	
1451	272.744792	B4	71	82	*	-1	*	-1	-1	
1452	272.754167	Eb5	75	89	1463	144.426753	Eb5	75	82	
1453	272.758333	Eb6	87	96	1465	144.426753	Eb6	87	82	
1454	272.758333	Eb7	99	112	*	-1	*	-1	-1	
1455	272.759375	B6	95	83	*	-1	*	-1	-1	
1456	272.765625	C#4	61	73	1467	144.550720	C#4	61	83	
1457	272.795833	Eb4	63	33	*	-1	*	-1	-1	
1458	273.183333	C#7	97	97	*	-1	*	-1	-1	
1459	273.190625	Bb4	70	78	*	-1	*	-1	-1	
1460	273.191667	C#6	85	92	1470	144.550720	C#6	85	84	
1461	273.198958	C#5	73	98	1468	144.550720	C#5	73	84	
1462	273.379167	G4	67	32	1473	144.674712	C#4	61	86	
1463	273.530208	Bb4	70	83	*	-1	*	-1	-1	
1464	273.534375	C#4	61	72	*	-1	*	-1	-1	
1465	273.535417	C#5	73	90	1474	144.674712	C#5	73	89	
1466	273.539583	C#7	97	101	*	-1	*	-1	-1	
1467	273.541667	C#6	85	87	1476	144.674712	C#6	85	89	
1468	273.932292	G#4	68	79	1477	144.799686	G#3	56	84	
1469	273.932292	B4	71	81	1479	144.799686	B4	71	86	
1470	273.935417	B6	95	101	*	-1	*	-1	-1	
1471	273.936458	B5	83	94	1481	144.799686	B5	83	86	
1472	273.946875	G#6	92	90	*	-1	*	-1	-1	
1473	274.315625	C#4	61	73	1482	144.923653	C#3	49	82	
1474	274.315625	G#4	68	78	1483	144.923653	G#3	56	82	
1475	274.315625	B6	95	94	*	-1	*	-1	-1	
1476	274.316667	G#6	92	88	*	-1	*	-1	-1	
1477	274.318750	B4	71	79	1485	144.923653	B4	71	83	
1478	274.318750	B5	83	91	1487	144.923653	B5	83	83	
1479	274.857292	G#6	92	93	*	-1	*	-1	-1	
1480	274.863542	G#5	80	86	1492	145.047620	G#5	80	81	
1481	274.865625	F4	65	59	1491	145.047620	F5	77	81	
1482	274.884375	G#4	68	75	1490	145.047620	G#4	68	81	
1483	275.544792	F2	41	49	1493	145.171587	F2	41	54	
1484	275.565625	F3	53	40	1494	145.171587	F3	53	54	
1485	275.596875	B3	59	53	1495	145.171587	B3	59	54	
1486	275.846875	D4	62	77	1496	145.254231	D4	62	55	
1487	276.063542	G#4	68	86	1497	145.336876	G#4	68	56	
1488	276.317708	F#3	54	62	1499	145.419520	F#3	54	57	
1489	276.322917	G#4	68	69	1502	145.419520	G#4	68	57	
1490	276.327083	F#2	42	67	1498	145.419520	F#2	42	57	
1491	276.354167	A3	57	49	1500	145.419520	Bb3	58	57	
1492	276.359375	Eb4	63	42	1501	145.419520	Eb4	63	57	
1493	276.713542	F#4	66	72	1503	145.543487	F#4	66	58	
1494	277.083333	G#3	56	64	1505	145.667454	G#3	56	61	
1495	277.093750	G#2	44	61	1504	145.667454	G#2	44	61	
1496	277.102083	F#4	66	61	1508	145.667454	F#4	66	61	
1497	277.129167	B3	59	39	1506	145.667454	B3	59	61	
1498	277.130208	D4	62	35	1507	145.667454	D4	62	61	
1499	277.563542	F4	65	58	1509	145.791420	F4	65	59	
1500	277.988542	Eb3	51	52	1511	145.915387	Eb3	51	58	
1501	278.001042	Eb2	39	43	1510	145.915387	Eb2	39	58	
1502	278.003125	B3	59	47	1512	145.915387	B3	59	58	
1503	278.019792	Eb4	63	49	1513	145.915387	Eb4	63	58	
1504	278.556250	B3	59	42	1515	146.039354	B3	59	56	
1505	278.565625	G#3	56	39	1514	146.039354	G#3	56	56	
1506	279.062500	D3	50	97	1517	146.163399	D3	50	86	
1507	279.065625	D2	38	94	1516	146.163399	D2	38	86	
1508	279.079167	D5	74	86	1518	146.163399	D5	74	86	
1509	279.083333	D4	62	73	*	-1	*	-1	-1	
1510	279.264583	G2	43	18	*	-1	*	-1	-1	
1511	279.343750	Eb3	51	102	1521	146.248145	Eb3	51	87	
1512	279.350000	Eb2	39	81	1520	146.248145	Eb2	39	87	
1513	279.353125	Eb5	75	94	1522	146.248145	Eb5	75	87	
1514	279.391667	E5	76	68	1523	146.248145	Eb6	87	87	
1515	279.677083	B4	71	66	1525	146.331762	B4	71	88	
1516	279.688542	Eb7	99	104	1529	146.331762	Eb7	99	88	
1517	279.691667	Eb6	87	103	1527	146.331762	Eb6	87	88	
1518	279.692708	Eb5	75	100	1526	146.331762	Eb5	75	88	
1519	279.707292	B6	95	65	1528	146.331762	B6	95	88	
1520	279.815625	B6	95	11	*	-1	*	-1	-1	
1521	280.004167	B4	71	76	1531	146.414406	B4	71	89	
1522	280.008333	Eb5	75	92	1532	146.414406	Eb5	75	89	
1523	280.011458	Eb7	99	98	1535	146.414406	Eb7	99	89	
1524	280.015625	Eb4	63	79	1530	146.414406	B3	59	89	
1525	280.018750	Eb6	87	100	1533	146.414406	Eb6	87	89	
1526	280.452083	G#4	68	76	1536	146.538373	G#4	68	91	
1527	280.463542	B4	71	81	1537	146.538373	B4	71	91	
1528	280.467708	B6	95	101	1540	146.538373	B6	95	91	
1529	280.469792	G#6	92	88	1539	146.538373	G#6	92	91	
1530	280.471875	B5	83	98	1538	146.538373	B5	83	91	
1531	280.818750	G#4	68	84	1542	146.662340	G#4	68	94	
1532	280.820833	B4	71	83	1543	146.662340	B4	71	94	
1533	280.834375	B6	95	100	1546	146.662340	B6	95	95	
1534	280.836458	B5	83	89	1544	146.662340	B5	83	95	
1535	280.842708	G#6	92	92	1545	146.662340	G#6	92	95	
1536	280.844792	Eb4	63	68	1541	146.662340	Eb4	63	94	
1537	281.219792	B3	59	60	1547	146.786306	B3	59	92	
1538	281.229167	G#4	68	90	1548	146.786306	G#4	68	92	
1539	281.233333	G#5	80	93	1549	146.786306	G#5	80	93	
1540	281.233333	G#6	92	98	1551	146.786306	G#6	92	93	
1541	281.501042	Eb3	51	79	1552	146.868951	Eb3	51	90	
1542	281.553125	B3	59	60	1553	146.889612	B3	59	90	
1543	281.665625	G#5	80	96	1555	146.910273	G#5	80	90	
1544	281.665625	G#6	92	101	1557	146.910273	G#6	92	90	
1545	281.666667	B5	83	59	1556	146.910273	B5	83	90	
1546	281.678125	G#4	68	89	1554	146.910273	G#4	68	90	
1547	282.338542	Eb6	87	92	1562	147.034240	Eb6	87	88	
1548	282.341667	G#3	56	59	1558	147.034240	G#3	56	88	
1549	282.348958	Eb5	75	80	1560	147.034240	Eb5	75	88	
1550	282.358333	Eb4	63	54	1559	147.034240	Eb4	63	88	
1551	283.452083	E2	40	47	1563	147.158207	E2	40	63	
1552	283.539583	D5	74	80	1566	147.158207	D5	74	77	
1553	283.561458	G#4	68	46	1565	147.158207	G#4	68	63	
1554	283.565625	E4	64	52	1564	147.158207	E4	64	63	
1555	284.046875	B2	47	43	1567	147.220190	B2	47	63	
1556	284.182292	E4	64	43	1568	147.240851	E4	64	64	
1557	284.186458	G#4	68	51	1569	147.240851	G#4	68	64	
1558	284.363542	D3	50	45	1570	147.282173	D3	50	64	
1559	284.516667	G#4	68	53	1572	147.323496	G#4	68	65	
1560	284.531250	E4	64	44	1571	147.323496	E4	64	65	
1561	284.555208	E3	52	55	1573	147.344157	E3	52	65	
1562	284.733333	B2	47	67	1574	147.406140	B2	47	66	
1563	284.763542	G#4	68	55	1576	147.406140	G#4	68	66	
1564	284.771875	E4	64	46	1575	147.406140	E4	64	66	
1565	284.915625	D3	50	64	1577	147.468123	D3	50	66	
1566	284.957292	E4	64	56	1578	147.488785	E4	64	67	
1567	284.972917	G#4	68	56	1579	147.488785	G#4	68	67	
1568	285.115625	E3	52	60	1580	147.530107	E3	52	67	
1569	285.115625	D5	74	90	1581	147.530107	D5	74	79	
1570	285.284375	G#4	68	57	1583	147.571429	G#4	68	68	
1571	285.287500	E4	64	59	1582	147.571429	E4	64	68	
1572	285.296875	B3	59	58	1584	147.592090	B3	59	69	
1573	285.501042	C#5	73	81	1588	147.654099	C#5	73	82	
1574	285.513542	E3	52	51	1585	147.654099	E3	52	69	
1575	285.523958	E4	64	53	1586	147.654099	E4	64	69	
1576	285.696875	G#3	56	63	1589	147.716599	G#3	56	68	
1577	285.912500	D5	74	75	1591	147.779074	D5	74	79	
1578	285.926042	B3	59	54	1590	147.779074	B3	59	67	
1579	286.107292	D4	62	63	1592	147.841057	D4	62	65	
1580	286.287500	F#5	78	58	*	-1	*	-1	-1	
1581	286.339583	E5	76	65	1595	147.903040	E5	76	76	
1582	286.347917	G#2	44	54	1594	147.903040	G#2	44	65	
1583	286.589583	D3	50	39	1596	147.965024	D3	50	64	
1584	286.853125	D5	74	57	1598	148.027007	D5	74	73	
1585	286.858333	E3	52	43	1597	148.027007	E3	52	64	
1586	287.097917	G#3	56	58	1599	148.088990	G#3	56	63	
1587	287.395833	B2	47	82	1601	148.150974	B2	47	100	
1588	287.396875	E3	52	92	1603	148.150974	E3	52	100	
1589	287.400000	E2	40	82	1600	148.150974	E2	40	100	
1590	287.406250	D3	50	83	1602	148.150974	D3	50	100	
1591	287.409375	C#5	73	94	1606	148.150974	C#5	73	100	
1592	287.412500	C#4	61	94	1604	148.150974	C#4	61	100	
1593	287.753125	D4	62	95	1607	148.233618	D4	62	101	
1594	287.755208	D5	74	100	1608	148.233618	D5	74	101	
1595	288.091667	D7	98	102	1614	148.316263	D7	98	102	
1596	288.092708	B4	71	72	1610	148.316263	B4	71	102	
1597	288.096875	D6	86	91	1612	148.316263	D6	86	102	
1598	288.103125	D5	74	86	1611	148.316263	D5	74	102	
1599	288.104167	E4	64	73	1609	148.316263	E4	64	102	
1600	288.104167	C7	96	69	*	-1	*	-1	-1	
1601	288.117708	B6	95	80	1613	148.316263	B6	95	102	
1602	288.365625	D7	98	98	1620	148.398907	D7	98	104	
1603	288.367708	D6	86	94	1618	148.398907	D6	86	104	
1604	288.375000	B6	95	87	1619	148.398907	B6	95	104	
1605	288.380208	B4	71	81	1616	148.398907	B4	71	104	
1606	288.383333	D5	74	93	1617	148.398907	D5	74	104	
1607	288.385417	E4	64	80	1615	148.398907	E4	64	104	
1608	288.388542	Bb6	94	40	*	-1	*	-1	-1	
1609	288.714583	C#7	97	96	1626	148.481552	C#7	97	105	
1610	288.717708	C#6	85	101	1624	148.481552	C#6	85	105	
1611	288.721875	C#5	73	91	1623	148.481552	C#5	73	105	
1612	288.737500	A4	69	77	1622	148.481552	A4	69	105	
1613	288.751042	A6	93	48	1625	148.481552	A6	93	105	
1614	288.979167	G#4	68	78	1628	148.564196	G#4	68	106	
1615	288.979167	B5	83	98	1630	148.564196	B5	83	106	
1616	288.980208	B6	95	93	1632	148.564196	B6	95	106	
1617	288.982292	B4	71	88	1629	148.564196	B4	71	106	
1618	288.983333	G#6	92	92	1631	148.564196	G#6	92	106	
1619	288.992708	E4	64	70	1627	148.564196	E4	64	106	
1620	289.041667	Bb6	94	35	*	-1	*	-1	-1	
1621	289.225000	B4	71	92	1635	148.646841	B4	71	110	
1622	289.225000	D6	86	80	1637	148.646841	D6	86	109	
1623	289.232292	G#4	68	84	1634	148.646841	G#4	68	110	
1624	289.233333	B5	83	92	1636	148.646841	B5	83	109	
1625	289.234375	B6	95	96	1638	148.646841	B6	95	109	
1626	289.239583	E4	64	79	1633	148.646841	E4	64	110	
1627	289.482292	F#4	66	68	1640	148.729485	F#4	66	108	
1628	289.490625	A6	93	103	1644	148.729485	A6	93	108	
1629	289.493750	A5	81	95	1642	148.729485	A5	81	108	
1630	289.494792	A4	69	79	1641	148.729485	A4	69	108	
1631	289.628125	G#4	68	78	1646	148.812130	G#4	68	106	
1632	289.743750	G#6	92	97	1649	148.812130	G#6	92	106	
1633	289.745833	G#5	80	91	1647	148.812130	G#5	80	106	
1634	289.760417	D6	86	34	1648	148.812130	D6	86	106	
1635	289.862500	E3	52	70	1650	148.894774	E3	52	104	
1636	289.872917	D3	50	51	*	-1	*	-1	-1	
1637	289.883333	B3	59	73	1651	148.894774	B3	59	104	
1638	290.036458	G#5	80	92	1653	148.894774	G#5	80	105	
1639	290.039583	G#4	68	86	*	-1	*	-1	-1	
1640	290.040625	G#6	92	100	1655	148.894774	G#6	92	105	
1641	290.317708	A3	57	64	1657	148.977419	A3	57	102	
1642	290.326042	F#6	90	86	1661	148.977419	F#6	90	104	
1643	290.334375	F#5	78	93	1659	148.977419	F#5	78	104	
1644	290.338542	F#4	66	80	1658	148.977419	F#4	66	102	
1645	290.542708	C#6	85	37	*	-1	*	-1	-1	
1646	290.702083	G#3	56	59	1663	149.060063	G#3	56	101	
1647	290.702083	E6	88	92	1667	149.060063	E6	88	103	
1648	290.706250	E5	76	82	1665	149.060063	E5	76	103	
1649	290.718750	E4	64	63	1664	149.060063	E4	64	101	
1650	290.722917	D6	86	63	1666	149.060063	D6	86	103	
1651	290.745833	E3	52	60	1662	149.060063	E3	52	101	
1652	291.244792	F2	41	78	1668	149.142787	F2	41	63	
1653	291.352083	D5	74	82	1671	149.142787	D5	74	76	
1654	291.370833	D4	62	55	1669	149.142787	D4	62	63	
1655	291.389583	G#4	68	43	1670	149.142787	G#4	68	63	
1656	291.714583	B2	47	54	1672	149.206346	B2	47	63	
1657	291.836458	D4	62	48	1673	149.227532	D4	62	64	
1658	291.850000	G#4	68	46	1674	149.227532	G#4	68	64	
1659	291.954167	D3	50	62	1675	149.269827	D3	50	64	
1660	292.135417	G#4	68	32	1677	149.311149	G#4	68	65	
1661	292.138542	D4	62	13	1676	149.311149	D4	62	65	
1662	292.145833	F3	53	61	1678	149.331810	F3	53	65	
1663	292.311458	B2	47	77	1679	149.393793	B2	47	66	
1664	292.346875	D4	62	41	1680	149.393793	D4	62	66	
1665	292.355208	G#4	68	42	1681	149.393793	G#4	68	66	
1666	292.484375	D3	50	65	1682	149.455777	D3	50	66	
1667	292.540625	G#4	68	43	1684	149.476438	G#4	68	67	
1668	292.553125	D4	62	37	1683	149.476438	D4	62	67	
1669	292.690625	D5	74	84	1686	149.517760	D5	74	76	
1670	292.695833	F3	53	63	1685	149.517760	F3	53	67	
1671	292.858333	G#4	68	56	1688	149.559082	G#4	68	68	
1672	292.863542	D4	62	56	1687	149.559082	D4	62	68	
1673	292.880208	B3	59	72	1689	149.579743	B3	59	69	
1674	293.062500	F3	53	69	1690	149.641727	F3	53	69	
1675	293.065625	C#5	73	79	1693	149.641727	C#5	73	79	
1676	293.084375	D4	62	46	1691	149.641727	D4	62	69	
1677	293.317708	G#3	56	66	1694	149.703710	G#3	56	68	
1678	293.516667	D5	74	82	1696	149.765694	D5	74	76	
1679	293.529167	B3	59	58	1695	149.765694	B3	59	67	
1680	293.712500	D4	62	73	1697	149.827677	D4	62	65	
1681	293.948958	F5	77	68	1698	149.848338	F5	77	74	
1682	293.988542	G#2	44	54	1699	149.889660	G#2	44	65	
1683	294.025000	E5	76	69	1700	149.889660	E5	76	73	
1684	294.321875	D3	50	55	1701	149.951644	D3	50	64	
1685	294.581250	F3	53	47	1702	150.013627	F3	53	64	
1686	294.584375	D5	74	64	1703	150.013627	D5	74	70	
1687	294.873958	G#3	56	54	1704	150.075610	G#3	56	63	
1688	295.230208	F3	53	95	1708	150.137594	F3	53	100	
1689	295.233333	F2	41	79	1705	150.137594	F2	41	100	
1690	295.234375	B2	47	77	1706	150.137594	B2	47	100	
1691	295.235417	D3	50	85	1707	150.137594	D3	50	100	
1692	295.243750	C#5	73	93	1711	150.137594	C#5	73	100	
1693	295.244792	C#4	61	87	1709	150.137594	C#4	61	100	
1694	295.600000	D4	62	88	1712	150.220238	D4	62	101	
1695	295.600000	D5	74	103	1713	150.220238	D5	74	101	
1696	295.927083	B4	71	74	1715	150.302883	B4	71	102	
1697	295.932292	F4	65	68	1714	150.302883	F4	65	102	
1698	295.933333	D5	74	87	1716	150.302883	D5	74	102	
1699	295.933333	D7	98	90	1719	150.302883	D7	98	102	
1700	295.937500	D6	86	93	1717	150.302883	D6	86	102	
1701	295.938542	C7	96	88	*	-1	*	-1	-1	
1702	295.947917	B6	95	71	*	-1	*	-1	-1	
1703	295.982292	A6	93	53	*	-1	*	-1	-1	
1704	295.993750	B6	95	36	1718	150.302883	B6	95	102	
1705	295.997917	C#7	97	23	*	-1	*	-1	-1	
1706	296.212500	D7	98	98	1725	150.385527	D7	98	104	
1707	296.216667	B4	71	88	1721	150.385527	B4	71	104	
1708	296.216667	B6	95	91	1724	150.385527	B6	95	104	
1709	296.217708	D6	86	94	1723	150.385527	D6	86	104	
1710	296.219792	F4	65	79	1720	150.385527	F4	65	104	
1711	296.223958	D5	74	98	1722	150.385527	D5	74	104	
1712	296.566667	C#6	85	97	1729	150.468172	C#6	85	105	
1713	296.566667	C#7	97	98	1731	150.468172	C#7	97	105	
1714	296.576042	Bb4	70	79	1727	150.468172	Bb4	70	105	
1715	296.576042	C#5	73	94	1728	150.468172	C#5	73	105	
1716	296.576042	Bb6	94	77	1730	150.468172	Bb6	94	105	
1717	296.831250	G#4	68	81	1733	150.550816	G#4	68	106	
1718	296.839583	B5	83	100	1735	150.550816	B5	83	106	
1719	296.841667	B4	71	83	1734	150.550816	B4	71	106	
1720	296.841667	B6	95	98	1737	150.550816	B6	95	106	
1721	296.844792	F4	65	69	1732	150.550816	F4	65	106	
1722	296.844792	G#6	92	91	1736	150.550816	G#6	92	106	
1723	297.082292	F4	65	69	1738	150.633487	F4	65	109	
1724	297.082292	D6	86	74	1742	150.633487	D6	86	109	
1725	297.089583	B4	71	82	1740	150.633487	B4	71	109	
1726	297.092708	B6	95	110	1743	150.633487	B6	95	109	
1727	297.094792	B5	83	93	1741	150.633487	B5	83	109	
1728	297.096875	G#4	68	74	1739	150.633487	G#4	68	109	
1729	297.343750	F#4	66	66	1745	150.716820	F#4	66	108	
1730	297.350000	Bb4	70	82	1746	150.716820	Bb4	70	108	
1731	297.350000	Bb6	94	98	1749	150.716820	Bb6	94	109	
1732	297.353125	Bb5	82	95	1747	150.716820	Bb5	82	109	
1733	297.532292	G#4	68	71	1751	150.799783	G#4	68	108	
1734	297.561458	F4	65	70	1750	150.799783	F4	65	108	
1735	297.605208	G#5	80	85	1752	150.799783	G#5	80	108	
1736	297.605208	G#6	92	95	1754	150.799783	G#6	92	108	
1737	297.617708	D6	86	42	1753	150.799783	D6	86	108	
1738	297.638542	A6	93	71	*	-1	*	-1	-1	
1739	297.644792	Bb5	82	61	*	-1	*	-1	-1	
1740	297.729167	F3	53	77	1755	150.882428	F3	53	107	
1741	297.755208	B3	59	75	1756	150.882428	B3	59	107	
1742	297.900000	G#6	92	106	1760	150.882428	G#6	92	107	
1743	297.901042	G#5	80	92	1758	150.882428	G#5	80	107	
1744	297.916667	G#4	68	88	*	-1	*	-1	-1	
1745	298.251042	Bb3	58	65	1762	150.965072	Bb3	58	106	
1746	298.261458	F#6	90	97	1766	150.965072	F#6	90	106	
1747	298.263542	F#5	78	93	1764	150.965072	F#5	78	106	
1748	298.277083	F#4	66	76	1763	150.965072	F#4	66	106	
1749	298.583333	F4	65	81	1769	151.047717	F4	65	105	
1750	298.598958	G#3	56	69	1768	151.047717	G#3	56	105	
1751	298.608333	F3	53	76	1767	151.047717	F3	53	105	
1752	298.644792	F5	77	87	1770	151.047717	F5	77	105	
1753	298.648958	F6	89	106	1772	151.047717	F6	89	105	
1754	298.917708	F#2	42	76	*	-1	*	-1	-1	
1755	298.941667	B2	47	65	1773	151.109700	B2	47	104	
1756	299.052083	Eb3	51	82	1774	151.130361	Eb3	51	104	
1757	299.126042	Bb5	82	44	*	-1	*	-1	-1	
1758	299.182292	F#3	54	89	1775	151.130361	F#3	54	104	
1759	299.183333	G#6	92	99	1779	151.130361	G#6	92	104	
1760	299.190625	G#5	80	90	1776	151.130361	G#5	80	104	
1761	299.222917	B5	83	10	1777	151.130361	B5	83	104	
1762	299.592708	F#3	54	84	1780	151.192344	F#3	54	104	
1763	299.907292	F#6	90	100	1785	151.254328	F#6	90	103	
1764	299.910417	Eb6	87	90	1784	151.254328	Eb6	87	103	
1765	299.912500	F#5	78	95	1782	151.254328	F#5	78	103	
1766	299.914583	B5	83	78	1783	151.254328	B5	83	103	
1767	299.933333	B3	59	75	1781	151.254328	B3	59	103	
1768	300.196875	Eb4	63	81	1786	151.316311	Eb4	63	103	
1769	300.526042	B4	71	85	1787	151.378295	G#4	68	102	
1770	300.896875	Eb6	87	94	1789	151.440278	Eb6	87	101	
1771	300.904167	Eb5	75	85	1788	151.440278	Eb5	75	101	
1772	301.135417	Eb4	63	79	1791	151.502261	Eb4	63	101	
1773	301.150000	F#3	54	75	1790	151.502261	F#3	54	101	
1774	301.156250	Eb5	75	88	1792	151.502261	Eb5	75	101	
1775	301.157292	Eb6	87	98	1793	151.502261	Eb6	87	101	
1776	301.404167	B5	83	96	1795	151.564245	B5	83	100	
1777	301.407292	B4	71	88	1794	151.564245	B4	71	100	
1778	301.471875	F#2	42	70	1796	151.584906	F#2	42	100	
1779	301.553125	C#3	49	87	1797	151.605567	C#3	49	100	
1780	301.721875	Bb3	58	84	1798	151.626228	Bb3	58	100	
1781	301.733333	F#6	90	100	1802	151.626228	F#6	90	99	
1782	301.738542	F#5	78	95	1799	151.626228	F#5	78	99	
1783	301.742708	C#6	85	42	1801	151.626228	C#6	85	99	
1784	302.100000	F#3	54	87	1803	151.688211	F#3	54	99	
1785	302.438542	Bb3	58	70	1804	151.750195	Bb3	58	99	
1786	302.448958	E5	76	99	1805	151.750195	E5	76	98	
1787	302.452083	C#6	85	88	1807	151.750195	C#6	85	98	
1788	302.453125	E6	88	96	1808	151.750195	E6	88	98	
1789	302.454167	Bb5	82	80	1806	151.750195	Bb5	82	98	
1790	302.764583	C#4	61	79	1809	151.812178	C#4	61	98	
1791	303.148958	Bb4	70	84	1810	151.874162	Bb4	70	98	
1792	303.623958	C#6	85	92	1812	151.936145	C#6	85	96	
1793	303.638542	C#5	73	82	1811	151.936145	C#5	73	96	
1794	303.925000	E4	64	67	1814	151.998128	E4	64	96	
1795	303.938542	F#3	54	69	1813	151.998128	F#3	54	96	
1796	303.953125	C#6	85	95	1816	151.998128	C#6	85	96	
1797	303.958333	C#5	73	79	1815	151.998128	C#5	73	96	
1798	304.254167	Bb5	82	78	1818	152.060112	Bb5	82	96	
1799	304.258333	Bb4	70	74	1817	152.060112	Bb4	70	96	
1800	304.307292	B5	83	40	*	-1	*	-1	-1	
1801	304.321875	F#2	42	73	1819	152.080773	F#2	42	92	
1802	304.477083	C#3	49	76	1820	152.101434	C#3	49	92	
1803	304.676042	F#5	78	84	1822	152.122121	F#5	78	92	
1804	304.695833	Bb3	58	64	1821	152.122121	Bb3	58	92	
1805	305.196875	E5	76	81	1823	152.184621	E5	76	89	
1806	305.535417	C#5	73	86	1824	152.247095	C#5	73	86	
1807	305.838542	Bb4	70	79	1825	152.309078	Bb4	70	83	
1808	306.114583	F#4	66	73	1826	152.371062	F#4	66	80	
1809	306.395833	E4	64	70	1827	152.433045	E4	64	77	
1810	306.682292	C#4	61	65	1828	152.495029	C#4	61	74	
1811	306.972917	Bb3	58	64	1829	152.557012	Bb3	58	71	
1812	307.275000	F#3	54	60	1830	152.618995	F#3	54	68	
1813	307.594792	E3	52	61	1831	152.680979	E3	52	65	
1814	307.928125	C#3	49	54	1832	152.742962	C#3	49	62	
1815	308.290625	Bb2	46	49	1833	152.804945	Bb2	46	59	
1816	308.728125	F#2	42	46	1834	152.866929	F#2	42	56	
1817	309.286458	E2	40	49	1835	152.949573	E2	40	52	
1818	309.963542	C#2	37	44	1836	153.032218	C#2	37	48	
1819	311.027083	Bb1	34	38	1837	153.114862	Bb1	34	44	
1820	313.131250	G1	31	36	1838	153.610755	G1	31	38	
1821	316.160417	F#1	30	32	1839	154.107630	F#1	30	31	
*	-1	*	-1	-1	104	31.756548	Bb4	70	47	
*	-1	*	-1	-1	110	32.756548	Bb4	70	46	
*	-1	*	-1	-1	168	41.259643	E5	76	59	
*	-1	*	-1	-1	211	50.246818	B3	59	35	
*	-1	*	-1	-1	213	50.246818	G6	91	35	
*	-1	*	-1	-1	237	53.248937	C6	84	35	
*	-1	*	-1	-1	312	63.441840	Bb4	70	33	
*	-1	*	-1	-1	316	63.727555	E6	88	32	
*	-1	*	-1	-1	373	69.920104	Bb4	70	38	
*	-1	*	-1	-1	429	73.853407	Bb4	70	41	
*	-1	*	-1	-1	430	73.853407	F5	77	41	
*	-1	*	-1	-1	711	107.410914	A6	93	44	
*	-1	*	-1	-1	793	112.402467	Bb4	70	58	
*	-1	*	-1	-1	811	113.651545	G#5	80	62	
*	-1	*	-1	-1	828	114.661116	Eb5	75	67	
*	-1	*	-1	-1	860	116.400292	Bb5	82	74	
*	-1	*	-1	-1	908	119.420904	E5	76	87	
*	-1	*	-1	-1	909	119.420904	G5	79	87	
*	-1	*	-1	-1	935	120.861757	D2	38	97	
*	-1	*	-1	-1	981	123.610552	D3	50	93	
*	-1	*	-1	-1	982	123.610552	F#3	54	93	
*	-1	*	-1	-1	983	123.610552	D4	62	93	
*	-1	*	-1	-1	988	123.826069	A2	45	96	
*	-1	*	-1	-1	1132	133.647288	B4	71	105	
*	-1	*	-1	-1	1155	134.378994	Bb3	58	81	
*	-1	*	-1	-1	1160	135.232651	B1	35	40	
*	-1	*	-1	-1	1161	135.232651	B2	47	40	
*	-1	*	-1	-1	1169	135.476553	Bb3	58	44	
*	-1	*	-1	-1	1209	136.702852	Eb6	87	76	
*	-1	*	-1	-1	1225	137.068705	Bb5	82	70	
*	-1	*	-1	-1	1241	137.678460	Bb3	58	52	
*	-1	*	-1	-1	1271	138.532117	E6	88	85	
*	-1	*	-1	-1	1280	138.781558	E4	64	84	
*	-1	*	-1	-1	1312	139.797816	D4	62	84	
*	-1	*	-1	-1	1326	140.001068	B5	83	84	
*	-1	*	-1	-1	1348	140.783218	F6	89	98	
*	-1	*	-1	-1	1354	140.865862	F6	89	101	
*	-1	*	-1	-1	1389	141.609663	Bb5	82	99	
*	-1	*	-1	-1	1390	141.609663	C#6	85	99	
*	-1	*	-1	-1	1427	143.352374	Eb4	63	48	
*	-1	*	-1	-1	1454	144.344108	C#3	49	80	
*	-1	*	-1	-1	1456	144.344108	Eb4	63	80	
*	-1	*	-1	-1	1458	144.344108	B5	83	80	
*	-1	*	-1	-1	1460	144.426753	C#3	49	82	
*	-1	*	-1	-1	1464	144.426753	B5	83	82	
*	-1	*	-1	-1	1469	144.550720	Bb5	82	84	
*	-1	*	-1	-1	1471	144.674712	C#3	49	86	
*	-1	*	-1	-1	1472	144.674712	Bb3	58	86	
*	-1	*	-1	-1	1475	144.674712	Bb5	82	89	
*	-1	*	-1	-1	1478	144.799686	B3	59	84	
*	-1	*	-1	-1	1480	144.799686	G#5	80	86	
*	-1	*	-1	-1	1484	144.923653	B3	59	82	
*	-1	*	-1	-1	1486	144.923653	G#5	80	83	
*	-1	*	-1	-1	1489	145.047620	G#3	56	80	
*	-1	*	-1	-1	1519	146.163399	D6	86	86	
*	-1	*	-1	-1	1524	146.331762	Eb4	63	88	
*	-1	*	-1	-1	1534	146.414406	B6	95	89	
*	-1	*	-1	-1	1550	146.786306	Eb6	87	93	
*	-1	*	-1	-1	1561	147.034240	B5	83	88	
*	-1	*	-1	-1	1587	147.654099	G#4	68	69	
*	-1	*	-1	-1	1593	147.861718	F5	77	77	
*	-1	*	-1	-1	1605	148.150974	G#4	68	100	
*	-1	*	-1	-1	1621	148.481552	E4	64	105	
*	-1	*	-1	-1	1639	148.729485	E4	64	108	
*	-1	*	-1	-1	1643	148.729485	D6	86	108	
*	-1	*	-1	-1	1645	148.812130	E4	64	106	
*	-1	*	-1	-1	1654	148.894774	D6	86	105	
*	-1	*	-1	-1	1656	148.977419	E3	52	102	
*	-1	*	-1	-1	1660	148.977419	D6	86	104	
*	-1	*	-1	-1	1692	149.641727	G#4	68	69	
*	-1	*	-1	-1	1710	150.137594	G#4	68	100	
*	-1	*	-1	-1	1726	150.468172	F4	65	105	
*	-1	*	-1	-1	1744	150.716820	F4	65	108	
*	-1	*	-1	-1	1748	150.716820	D6	86	109	
*	-1	*	-1	-1	1759	150.882428	D6	86	107	
*	-1	*	-1	-1	1761	150.965072	F3	53	106	
*	-1	*	-1	-1	1765	150.965072	D6	86	106	
*	-1	*	-1	-1	1771	151.047717	D6	86	105	
*	-1	*	-1	-1	1778	151.130361	Eb6	87	104	
*	-1	*	-1	-1	1800	151.626228	Bb5	82	99	
*	-1	*	-1	-1	862	116.650292	D5	74	75	
*	-1	*	-1	-1	975	122.853624	D4	62	94	
*	-1	*	-1	-1	978	123.097526	A5	81	94	
*	-1	*	-1	-1	979	123.097526	D6	86	94	
*	-1	*	-1	-1	977	123.097526	F#5	78	94	
*	-1	*	-1	-1	980	123.610552	F#2	42	96	
*	-1	*	-1	-1	989	123.847621	D3	50	93	
*	-1	*	-1	-1	990	123.869173	F#3	54	93	
*	-1	*	-1	-1	991	123.869173	D4	62	93	
*	-1	*	-1	-1	1162	135.232651	Eb3	51	40	
*	-1	*	-1	-1	1163	135.313951	F#3	54	41	
*	-1	*	-1	-1	1352	140.865862	B4	71	101	
*	-1	*	-1	-1	1358	140.989829	F5	77	102	
*	-1	*	-1	-1	1364	141.113796	F#3	54	104	
*	-1	*	-1	-1	1455	144.344108	B3	59	80	
*	-1	*	-1	-1	1461	144.426753	B3	59	82	
*	-1	*	-1	-1	1462	144.426753	Eb4	63	82	
*	-1	*	-1	-1	1466	144.550720	Bb3	58	83	
*	-1	*	-1	-1	1488	145.047620	F3	53	80	
*	-1	*	-1	-1	1652	148.894774	G#4	68	104	
*	-1	*	-1	-1	1757	150.882428	G#4	68	107	
