// alignID alignOntime alignSitch alignPitch alignOnvel refID refOntime refSitch refPitch refOnvel
0	1.008333	F3	53	31	0	0.294271	F3	53	127	
1	1.522917	G#5	80	45	1	0.588542	G#5	80	127	
2	1.940625	C6	84	51	2	0.882812	C6	84	127	
3	2.397917	G#5	80	49	3	1.177083	G#5	80	127	
4	2.846875	F5	77	47	5	1.471354	F5	77	127	
5	2.854167	F3	53	31	4	1.471354	F3	53	127	
6	3.315625	C5	72	45	6	1.765625	C5	72	127	
7	3.741667	C#5	73	49	7	2.059896	C#5	73	127	
8	4.193750	G#4	68	53	8	2.354167	G#4	68	127	
9	4.648958	Bb4	70	51	12	2.648438	Bb4	70	127	
10	4.663542	G3	55	27	9	2.648438	G3	55	127	
11	4.671875	F4	65	30	11	2.648438	F4	65	127	
12	4.678125	Bb3	58	26	10	2.648438	Bb3	58	127	
13	5.100000	G5	79	57	13	2.942708	G5	79	127	
14	5.514583	Bb5	82	64	14	3.236979	Bb5	82	127	
15	5.923958	G5	79	61	15	3.531250	G5	79	127	
16	6.368750	G3	55	23	18	3.825521	G3	55	127	
17	6.368750	Bb3	58	32	17	3.825521	Bb3	58	127	
18	6.375000	E5	76	52	19	3.825521	E5	76	127	
19	6.389583	E4	64	29	16	3.825521	E4	64	127	
20	6.800000	C5	72	61	20	4.119792	C5	72	127	
21	7.216667	C#5	73	61	21	4.414062	C#5	73	127	
22	7.639583	Bb4	70	63	22	4.708333	Bb4	70	127	
23	8.075000	G#3	56	41	23	5.002604	G#3	56	127	
24	8.090625	C5	72	60	26	5.002604	C5	72	127	
25	8.096875	F4	65	31	24	5.002604	F4	65	127	
26	8.104167	C4	60	34	25	5.002604	C4	60	127	
27	8.521875	F5	77	66	27	5.296875	F5	77	127	
28	8.926042	G#5	80	74	28	5.591146	G#5	80	127	
29	9.340625	F5	77	67	29	5.885417	F5	77	127	
30	9.771875	C5	72	66	32	6.179688	C5	72	127	
31	9.775000	G#3	56	43	31	6.179688	G#3	56	127	
32	9.785417	C4	60	36	30	6.179688	C4	60	127	
33	10.182292	G#4	68	71	33	6.473958	G#4	68	127	
34	10.609375	F4	65	59	34	6.768229	F4	65	127	
35	11.053125	C4	60	68	35	7.062500	C4	60	127	
36	11.627083	Bb3	58	43	37	7.356771	Bb3	58	127	
37	11.633333	C#4	61	45	36	7.356771	C#4	61	127	
38	11.638542	C#5	73	75	38	7.356771	C#5	73	127	
39	12.206250	E4	64	58	39	7.651042	E4	64	127	
40	12.593750	C4	60	38	41	7.945312	C4	60	127	
41	12.596875	F4	65	53	42	7.945312	F4	65	127	
42	12.610417	G#3	56	33	40	7.945312	G#3	56	127	
43	13.018750	C5	72	64	43	8.239583	C5	72	127	
44	13.417708	G4	67	49	46	8.533854	G4	67	127	
45	13.422917	G3	55	29	44	8.533854	G3	55	127	
46	13.428125	Bb3	58	38	45	8.533854	Bb3	58	127	
47	13.813542	Bb4	70	58	47	8.828125	Bb4	70	127	
48	14.232292	G#4	68	55	51	9.122396	G#4	68	127	
49	14.265625	F4	65	34	50	9.122396	F4	65	127	
50	14.271875	C3	48	37	49	9.122396	C3	48	127	
51	14.284375	C4	60	35	48	9.122396	C4	60	127	
52	14.708333	G4	67	57	52	9.416667	G4	67	127	
53	14.717708	E4	64	38	53	9.416667	E4	64	127	
54	15.160417	G#4	68	52	56	9.710938	G#4	68	127	
55	15.166667	F4	65	31	55	9.710938	F4	65	127	
56	15.178125	F3	53	33	54	9.710938	F3	53	127	
57	15.662500	F4	65	42	57	10.005208	F4	65	127	
58	16.046875	G#4	68	59	58	10.299479	G#4	68	127	
59	16.452083	F4	65	46	59	10.593750	F4	65	127	
60	16.827083	C#4	61	36	60	10.888021	C#4	61	127	
61	17.219792	Bb3	58	41	61	11.182292	Bb3	58	127	
62	17.586458	G3	55	27	62	11.476562	G3	55	127	
63	17.592708	E5	76	48	63	11.476562	E5	76	127	
64	17.856250	F5	77	53	64	11.671875	F5	77	127	
65	17.972917	E4	64	31	65	11.769531	E4	64	127	
66	18.059375	G5	79	59	66	11.867188	G5	79	127	
67	18.256250	G5	79	57	68	12.062500	G5	79	127	
68	18.260417	G#3	56	44	67	12.062500	G#3	56	127	
69	18.318750	F5	77	52	69	12.062500	F5	77	127	
70	18.573958	E5	76	50	70	12.257812	E5	76	127	
71	18.681250	F4	65	27	71	12.355469	F4	65	127	
72	18.808333	F5	77	50	72	12.453125	F5	77	127	
73	19.068750	G#4	68	48	73	12.648438	G#4	68	127	
74	19.433333	F4	65	32	74	12.941406	F4	65	127	
75	19.830208	C#4	61	30	75	13.235677	C#4	61	127	
76	20.196875	Bb3	58	37	76	13.529948	Bb3	58	127	
77	20.537500	G3	55	36	77	13.824219	G3	55	127	
78	20.569792	E5	76	53	78	13.824219	E5	76	127	
79	20.802083	F5	77	61	79	14.019531	F5	77	127	
80	20.931250	E4	64	35	80	14.117188	E4	64	127	
81	21.015625	G5	79	70	81	14.214844	G5	79	127	
82	21.213542	G5	79	68	83	14.410156	G5	79	127	
83	21.231250	G#3	56	44	82	14.410156	G#3	56	127	
84	21.277083	F5	77	61	84	14.410156	F5	77	127	
85	21.493750	E5	76	61	85	14.605469	E5	76	127	
86	21.660417	F4	65	38	86	14.703125	F4	65	127	
87	21.754167	F5	77	62	87	14.800781	F5	77	127	
88	21.997917	G#4	68	47	88	14.996094	G#4	68	127	
89	22.355208	F4	65	49	89	15.289062	F4	65	127	
90	22.731250	D4	62	52	90	15.583333	D4	62	127	
91	23.118750	F4	65	47	91	15.877604	F4	65	127	
92	23.491667	G3	55	28	92	16.171875	G3	55	127	
93	23.518750	D5	74	62	93	16.171875	D5	74	127	
94	23.740625	Eb5	75	70	94	16.367188	Eb5	75	127	
95	23.895833	B3	59	49	95	16.464844	B3	59	127	
96	23.955208	F5	77	73	96	16.562500	F5	77	127	
97	24.171875	F5	77	69	98	16.757812	F5	77	127	
98	24.202083	C3	48	45	97	16.757812	C3	48	127	
99	24.237500	Eb5	75	74	99	16.757812	Eb5	75	127	
100	24.480208	D5	74	63	100	16.953125	D5	74	127	
101	24.635417	C4	60	47	101	17.050781	C4	60	127	
102	24.730208	C5	72	63	102	17.148438	C5	72	127	
103	24.990625	Eb4	63	50	103	17.345052	Eb4	63	127	
104	25.362500	C4	60	49	104	17.638021	C4	60	127	
105	25.760417	G#3	56	56	105	17.932292	G#3	56	127	
106	26.145833	C4	60	50	106	18.226562	C4	60	127	
107	26.480208	D3	50	49	107	18.520833	D3	50	127	
108	26.509375	B4	71	64	108	18.520833	B4	71	127	
109	26.780208	C5	72	72	109	18.716146	C5	72	127	
110	26.902083	B3	59	44	110	18.813802	B3	59	127	
111	26.990625	D5	74	74	111	18.911458	D5	74	127	
112	27.170833	D5	74	63	113	19.106771	D5	74	127	
113	27.186458	Eb3	51	49	112	19.106771	Eb3	51	127	
114	27.217708	C5	72	72	114	19.106771	C5	72	127	
115	27.454167	B4	71	70	115	19.302083	B4	71	127	
116	27.590625	C4	60	56	116	19.399740	C4	60	127	
117	27.716667	C5	72	68	117	19.497396	C5	72	127	
118	27.947917	Eb4	63	52	118	19.692708	Eb4	63	127	
119	28.332292	C4	60	57	119	19.985677	C4	60	127	
120	28.694792	G#3	56	56	120	20.279948	G#3	56	127	
121	29.101042	C4	60	49	121	20.574219	C4	60	127	
122	29.428125	D3	50	42	122	20.868490	D3	50	127	
123	29.475000	B4	71	72	123	20.868490	B4	71	127	
124	29.725000	C5	72	80	124	21.063802	C5	72	127	
125	29.819792	B3	59	44	125	21.161458	B3	59	127	
126	29.946875	D5	74	81	126	21.259115	D5	74	127	
127	30.220833	Eb3	51	44	127	21.454427	Eb3	51	127	
128	30.288542	G5	79	83	128	21.454427	G5	79	127	
129	30.659375	F5	77	79	129	21.748698	F5	77	127	
130	30.947917	G5	79	74	131	22.042969	G5	79	127	
131	31.008333	F5	77	67	132	22.042969	F5	77	127	
132	31.030208	C4	60	38	130	22.042969	C4	60	127	
133	31.393750	Eb5	75	69	133	22.337240	Eb5	75	127	
134	31.677083	F5	77	59	135	22.631510	F5	77	127	
135	31.730208	Eb5	75	63	136	22.631510	Eb5	75	127	
136	31.733333	F3	53	39	134	22.631510	F3	53	127	
137	32.108333	D5	74	59	137	22.925781	D5	74	127	
138	32.434375	Eb5	75	59	141	23.220052	Eb5	75	127	
139	32.477083	G#3	56	39	138	23.220052	G#3	56	127	
140	32.490625	C4	60	39	139	23.220052	C4	60	127	
141	32.495833	D5	74	53	140	23.220052	D5	74	127	
142	32.916667	C5	72	52	142	23.514323	C5	72	127	
143	33.322917	G3	55	34	143	23.808594	G3	55	127	
144	33.329167	B4	71	50	144	23.808594	B4	71	127	
145	33.816667	F4	65	30	145	24.102865	F4	65	127	
146	34.220833	G#4	68	52	146	24.397135	G#4	68	127	
147	34.633333	F4	65	34	147	24.691406	F4	65	127	
148	34.997917	D4	62	35	148	24.985677	D4	62	127	
149	35.401042	F4	65	21	149	25.279948	F4	65	127	
150	35.605208	D5	74	50	151	25.574219	D5	74	127	
151	35.666667	C5	72	56	152	25.574219	C5	72	127	
152	35.676042	G#3	56	41	150	25.574219	G#3	56	127	
153	36.002083	B4	71	52	153	25.769531	B4	71	127	
154	36.082292	F4	65	41	154	25.867188	F4	65	127	
155	36.232292	C5	72	64	155	25.964844	C5	72	127	
156	36.477083	G3	55	38	156	26.160156	G3	55	127	
157	36.496875	C5	72	62	157	26.160156	C5	72	127	
158	36.909375	F4	65	25	158	26.454427	F4	65	127	
159	37.266667	G#4	68	38	159	26.748698	G#4	68	127	
160	37.275000	D5	74	45	160	26.748698	D5	74	127	
161	37.622917	F4	65	42	161	27.042969	F4	65	127	
162	38.016667	D4	62	54	162	27.337240	D4	62	127	
163	38.413542	F4	65	35	163	27.631510	F4	65	127	
164	38.631250	D5	74	66	166	27.925781	D5	74	127	
165	38.692708	C5	72	75	165	27.925781	C5	72	127	
166	38.698958	G#3	56	43	164	27.925781	G#3	56	127	
167	38.995833	B4	71	74	167	28.121094	B4	71	127	
168	39.115625	F4	65	48	168	28.218750	F4	65	127	
169	39.246875	C5	72	83	169	28.316406	C5	72	127	
170	39.466667	G3	55	39	170	28.511719	G3	55	127	
171	39.521875	C5	72	77	171	28.511719	C5	72	127	
172	39.919792	F4	65	46	172	28.805990	F4	65	127	
173	40.287500	D5	74	60	174	29.100260	D5	74	127	
174	40.288542	G#4	68	45	173	29.100260	G#4	68	127	
175	40.658333	F4	65	39	175	29.394531	F4	65	127	
176	41.039583	D4	62	54	176	29.688802	D4	62	127	
177	41.430208	F4	65	60	177	29.983073	F4	65	127	
178	41.754167	G3	55	42	178	30.277344	G#3	56	127	
179	41.804167	D5	74	71	179	30.277344	D5	74	127	
180	42.036458	Eb5	75	78	180	30.472656	Eb5	75	127	
181	42.152083	B3	59	61	181	30.570312	B3	59	127	
182	42.254167	F5	77	84	182	30.667969	F5	77	127	
183	42.489583	F5	77	71	184	30.863281	F5	77	127	
184	42.519792	C3	48	46	183	30.863281	C3	48	127	
185	42.552083	Eb5	75	76	185	30.863281	Eb5	75	127	
186	42.807292	D5	74	70	186	31.058594	D5	74	127	
187	42.998958	C4	60	54	187	31.156250	C4	60	127	
188	43.060417	C5	72	66	188	31.253906	C5	72	127	
189	43.338542	Eb4	63	53	189	31.450521	Eb4	63	127	
190	43.723958	C4	60	49	190	31.743490	C4	60	127	
191	44.104167	G#3	56	54	191	32.037760	G#3	56	127	
192	44.500000	C4	60	52	192	32.332031	C4	60	127	
193	44.854167	F3	53	38	193	32.626302	F3	53	127	
194	44.862500	D5	74	69	194	32.626302	D5	74	127	
195	45.108333	Eb5	75	78	195	32.821615	Eb5	75	127	
196	45.228125	G#3	56	66	196	32.919271	G#3	56	127	
197	45.359375	F5	77	78	197	33.016927	F5	77	127	
198	45.661458	G1	31	50	198	33.213542	G1	31	127	
199	45.666667	G4	67	68	199	33.213542	G4	67	127	
200	46.062500	F5	77	78	200	33.507812	F5	77	127	
201	46.434375	Eb5	75	69	201	33.802083	Eb5	75	127	
202	46.810417	C5	72	68	202	34.096354	C5	72	127	
203	47.214583	G1	31	42	203	34.390625	G1	31	127	
204	47.214583	F5	77	66	204	34.390625	F5	77	127	
205	47.600000	D5	74	64	205	34.684896	D5	74	127	
206	47.997917	C5	72	64	206	34.979167	C5	72	127	
207	48.395833	B4	71	64	207	35.273438	B4	71	127	
208	48.820833	C3	48	40	208	35.567708	C3	48	127	
209	48.837500	B4	71	63	209	35.567708	B4	71	127	
210	49.281250	Eb3	51	37	210	35.861979	Eb3	51	127	
211	49.663542	C5	72	52	212	36.156250	C5	72	127	
212	49.666667	F3	53	31	211	36.156250	F3	53	127	
213	50.034375	G3	55	42	213	36.450521	G3	55	127	
214	50.439583	G#3	56	46	214	36.744792	G#3	56	127	
215	50.814583	B3	59	44	215	37.039062	B3	59	127	
216	51.185417	B3	59	39	216	37.333333	B3	59	127	
217	51.193750	D5	74	54	217	37.333333	D5	74	127	
218	51.537500	Eb5	75	60	219	37.627604	Eb5	75	127	
219	51.562500	C4	60	32	218	37.627604	C4	60	127	
220	51.894792	D3	50	39	220	37.921875	D3	50	127	
221	51.941667	F5	77	57	221	37.921875	F5	77	127	
222	52.203125	Eb5	75	51	222	38.117188	Eb5	75	127	
223	52.316667	F3	53	38	223	38.214844	F3	53	127	
224	52.470833	D5	74	46	224	38.312500	D5	74	127	
225	52.728125	G3	55	42	225	38.507812	G3	55	127	
226	53.075000	G#3	56	50	226	38.800781	G#3	56	127	
227	53.452083	B3	59	54	227	39.095052	B3	59	127	
228	53.842708	C4	60	51	228	39.389323	C4	60	127	
229	54.220833	Eb5	75	65	230	39.683594	Eb5	75	127	
230	54.228125	C4	60	39	229	39.683594	C4	60	127	
231	54.592708	F5	77	73	232	39.977865	F5	77	127	
232	54.605208	D4	62	33	231	39.977865	D4	62	127	
233	54.948958	Eb3	51	40	233	40.272135	Eb3	51	127	
234	55.001042	G5	79	64	234	40.272135	G5	79	127	
235	55.282292	F5	77	57	235	40.467448	F5	77	127	
236	55.389583	G3	55	34	236	40.565104	G3	55	127	
237	55.540625	Eb5	75	55	237	40.662760	Eb5	75	127	
238	55.776042	G#3	56	52	238	40.858073	G#3	56	127	
239	56.162500	B3	59	60	239	41.151042	B3	59	127	
240	56.540625	C4	60	52	240	41.445312	B3	59	127	
241	56.929167	D4	62	58	241	41.739583	C4	60	127	
242	57.313542	F5	77	79	243	42.033854	F5	77	127	
243	57.327083	D4	62	40	242	42.033854	D4	62	127	
244	57.690625	G5	79	83	245	42.328125	G5	79	127	
245	57.691667	Eb4	63	49	244	42.328125	Eb4	63	127	
246	58.082292	F3	53	44	246	42.622396	F3	53	127	
247	58.102083	G#5	80	80	247	42.622396	G#5	80	127	
248	58.315625	G5	79	81	248	42.725260	G5	79	127	
249	58.526042	G#3	56	46	250	42.916667	G#3	56	127	
250	58.537500	F5	77	72	249	42.828125	F5	77	127	
251	58.908333	B3	59	50	251	43.210938	B3	59	127	
252	59.300000	C4	60	46	252	43.505208	C4	60	127	
253	59.654167	D4	62	44	253	43.799479	D4	62	127	
254	60.017708	Eb5	75	62	255	44.093750	Eb5	75	127	
255	60.040625	Eb4	63	37	254	44.093750	Eb4	63	127	
256	60.400000	Eb4	63	45	256	44.388021	Eb4	63	127	
257	60.409375	D5	74	63	257	44.388021	D5	74	127	
258	60.768750	C5	72	70	259	44.682292	C5	72	127	
259	60.785417	F4	65	35	258	44.682292	F4	65	127	
260	61.202083	G3	55	36	260	44.976562	G3	55	127	
261	61.210417	G4	67	43	261	44.976562	G4	67	127	
262	61.234375	B4	71	65	262	44.976562	B4	71	127	
263	61.682292	F5	77	60	263	45.270833	F5	77	127	
264	62.065625	D5	74	67	264	45.565104	D5	74	127	
265	62.442708	B4	71	81	265	45.859375	B4	71	127	
266	62.818750	G#4	68	72	267	46.153646	G#4	68	127	
267	62.822917	G3	55	56	266	46.153646	G3	55	127	
268	62.832292	F5	77	71	268	46.153646	F5	77	127	
269	63.236458	Eb5	75	70	269	46.447917	Eb5	75	127	
270	63.615625	D5	74	64	270	46.742188	D5	74	127	
271	64.012500	C5	72	65	271	47.036458	C5	72	127	
272	64.392708	G3	55	39	273	47.330729	G3	55	127	
273	64.394792	G4	67	41	272	47.330729	G4	67	127	
274	64.397917	B4	71	63	274	47.330729	B4	71	127	
275	64.786458	F5	77	64	275	47.625000	F5	77	127	
276	65.168750	D5	74	57	276	47.919271	D5	74	127	
277	65.558333	B4	71	53	277	48.213542	B4	71	127	
278	66.031250	G3	55	37	279	48.507812	G3	55	127	
279	66.039583	A4	69	38	278	48.507812	A4	69	127	
280	66.046875	F#5	78	54	280	48.507812	F#5	78	127	
281	66.547917	Eb5	75	58	281	48.802083	Eb5	75	127	
282	66.958333	D5	74	53	282	49.096354	D5	74	127	
283	67.323958	C5	72	60	283	49.390625	C5	72	127	
284	67.717708	G3	55	35	284	49.684896	G3	55	127	
285	67.721875	C5	72	47	285	49.684896	C5	72	127	
286	68.181250	F4	65	33	286	49.979167	D4	62	127	
287	68.573958	D5	74	41	288	50.273438	D5	74	127	
288	68.577083	G#4	68	40	287	50.273438	G#4	68	127	
289	68.994792	F4	65	32	289	50.567708	F4	65	127	
290	69.354167	D4	62	45	290	50.861979	D4	62	127	
291	69.740625	F4	65	41	291	51.156250	F4	65	127	
292	70.103125	G3	55	32	292	51.450521	G#3	56	127	
293	70.142708	D5	74	57	293	51.450521	D5	74	127	
294	70.390625	Eb5	75	69	294	51.645833	Eb5	75	127	
295	70.516667	B3	59	44	295	51.743490	B3	59	127	
296	70.627083	F5	77	76	296	51.841146	F5	77	127	
297	70.858333	F5	77	62	298	52.036458	F5	77	127	
298	70.860417	C3	48	42	297	52.036458	C3	48	127	
299	70.902083	Eb5	75	67	299	52.036458	Eb5	75	127	
300	71.156250	D5	74	60	300	52.231771	D5	74	127	
301	71.298958	C4	60	44	301	52.329427	C4	60	127	
302	71.417708	C5	72	59	302	52.427083	C5	72	127	
303	71.669792	Eb4	63	40	303	52.623698	Eb4	63	127	
304	72.046875	C4	60	45	304	52.916667	C4	60	127	
305	72.428125	G#3	56	43	305	53.210938	G#3	56	127	
306	72.834375	C4	60	39	306	53.505208	C4	60	127	
307	73.226042	F3	53	20	307	53.799479	F3	53	127	
308	73.231250	D5	74	48	308	53.799479	D5	74	127	
309	73.491667	Eb5	75	52	309	53.994792	Eb5	75	127	
310	73.594792	G#3	56	45	310	54.092448	G#3	56	127	
311	73.758333	F5	77	53	311	54.190104	F5	77	127	
312	74.077083	G4	67	44	313	54.386719	G4	67	127	
313	74.086458	G1	31	35	312	54.386719	G1	31	127	
314	74.480208	F5	77	49	314	54.680990	F5	77	127	
315	74.859375	Eb5	75	52	315	54.975260	Eb5	75	127	
316	75.285417	C5	72	41	316	55.269531	C5	72	127	
317	75.660417	G1	31	38	317	55.563802	G1	31	127	
318	75.667708	F5	77	44	318	55.563802	F5	77	127	
319	76.086458	D5	74	41	319	55.858073	D5	74	127	
320	76.484375	C5	72	47	320	56.152344	C5	72	127	
321	76.872917	B4	71	49	321	56.446615	B4	71	127	
322	77.277083	C3	48	32	322	56.740885	C3	48	127	
323	77.308333	C5	72	47	323	56.740885	C5	72	127	
324	77.707292	E3	52	42	324	57.035156	E3	52	127	
325	78.094792	G3	55	46	325	57.329427	G3	55	127	
326	78.461458	Bb3	58	56	326	57.623698	Bb3	58	127	
327	78.843750	C#4	61	54	327	57.917969	C#4	61	127	
328	79.242708	F4	65	60	328	58.212240	F4	65	127	
329	79.627083	G5	79	80	330	58.506510	G5	79	127	
330	79.636458	E4	64	44	329	58.506510	E4	64	127	
331	79.909375	G#5	80	78	331	58.701823	G#5	80	127	
332	80.001042	C4	60	41	332	58.799479	C4	60	127	
333	80.132292	Bb5	82	82	333	58.897135	Bb5	82	127	
334	80.372917	Bb5	82	76	336	59.092448	Bb5	82	127	
335	80.404167	F3	53	37	334	59.092448	F3	53	127	
336	80.450000	G#5	80	75	335	59.092448	G#5	80	127	
337	80.708333	G5	79	70	337	59.287760	G5	79	127	
338	80.839583	G#3	56	47	338	59.385417	G#3	56	127	
339	80.947917	F5	77	65	339	59.483073	F5	77	127	
340	81.192708	C4	60	56	340	59.678385	C4	60	127	
341	81.547917	F4	65	54	341	59.971354	F4	65	127	
342	81.932292	G#4	68	61	342	60.265625	G#4	68	127	
343	82.300000	C5	72	57	343	60.559896	C5	72	127	
344	82.660417	D5	74	57	345	60.854167	D5	74	127	
345	82.678125	B4	71	31	344	60.854167	B4	71	127	
346	82.930208	Eb5	75	60	346	61.049479	Eb5	75	127	
347	83.072917	G4	67	37	347	61.147135	G4	67	127	
348	83.164583	F5	77	66	348	61.244792	F5	77	127	
349	83.393750	F5	77	60	350	61.440104	F5	77	127	
350	83.436458	C5	72	50	349	61.440104	C3	48	127	
351	83.446875	Eb5	75	58	351	61.440104	Eb5	75	127	
352	83.763542	D5	74	55	352	61.635417	D5	74	127	
353	83.963542	Eb5	75	67	353	61.830729	Eb5	75	127	
354	84.150000	G5	79	62	357	62.026042	G5	79	127	
355	84.164583	F4	65	31	354	62.026042	F4	65	127	
356	84.173958	F3	53	15	355	62.026042	F3	53	127	
357	84.202083	F5	77	63	356	62.026042	F5	77	127	
358	84.405208	Eb5	75	67	358	62.221354	Eb5	75	127	
359	84.609375	D5	74	65	359	62.416667	D5	74	127	
360	84.853125	Eb4	63	37	360	62.611979	Eb4	63	127	
361	84.858333	G3	55	31	361	62.611979	G3	55	127	
362	84.868750	C5	72	62	362	62.611979	C5	72	127	
363	85.567708	D4	62	38	363	63.200521	D4	62	127	
364	85.579167	C5	72	53	*	-1	*	-1	-1	
365	85.605208	G3	55	37	364	63.200521	G3	55	127	
366	85.681250	B4	71	53	365	63.298177	B4	71	127	
367	85.747917	C5	72	64	*	-1	*	-1	-1	
368	85.830208	B4	71	64	*	-1	*	-1	-1	
369	85.912500	C5	72	66	366	63.395833	C5	72	127	
370	85.983333	B4	71	68	367	63.493490	B4	71	127	
371	86.050000	C5	72	74	*	-1	*	-1	-1	
372	86.121875	B4	71	68	*	-1	*	-1	-1	
373	86.195833	A4	69	64	368	63.591146	A4	69	127	
374	86.290625	B4	71	64	369	63.688802	B4	71	127	
375	86.461458	C3	48	39	370	63.786458	C3	48	127	
376	86.502083	D5	74	55	371	63.786458	D5	74	127	
377	86.889583	E3	52	42	372	64.080729	E3	52	127	
378	87.278125	C5	72	52	374	64.375000	C5	72	127	
379	87.280208	G3	55	32	373	64.375000	G3	55	127	
380	87.650000	Bb3	58	45	375	64.669271	Bb3	58	127	
381	88.031250	C#4	61	40	376	64.963542	C#4	61	127	
382	88.437500	F4	65	32	377	65.257812	F4	65	127	
383	88.816667	E4	64	32	378	65.552083	E4	64	127	
384	88.818750	G5	79	51	379	65.552083	G5	79	127	
385	89.081250	G#5	80	53	380	65.747396	G#5	80	127	
386	89.204167	C4	60	36	381	65.845052	C4	60	127	
387	89.306250	Bb5	82	60	382	65.942708	Bb5	82	127	
388	89.536458	Bb5	82	63	385	66.138021	Bb5	82	127	
389	89.584375	F3	53	31	383	66.138021	F3	53	127	
390	89.593750	G#5	80	58	384	66.138021	G#5	80	127	
391	89.864583	G5	79	50	386	66.333333	G5	79	127	
392	89.917708	G#3	56	41	387	66.430990	G#3	56	127	
393	90.083333	F5	77	44	388	66.528646	F5	77	127	
394	90.320833	C4	60	32	389	66.723958	C4	60	127	
395	90.719792	F4	65	28	390	67.016927	F4	65	127	
396	91.077083	G#4	68	48	391	67.311198	G#4	68	127	
397	91.462500	C5	72	42	392	67.605469	C5	72	127	
398	91.836458	D5	74	47	394	67.899740	D5	74	127	
399	91.844792	B4	71	30	393	67.899740	B4	71	127	
400	92.094792	Eb5	75	54	395	68.095052	Eb5	75	127	
401	92.225000	G4	67	33	396	68.192708	G4	67	127	
402	92.319792	F5	77	60	397	68.290365	F5	77	127	
403	92.546875	F5	77	57	400	68.485677	F5	77	127	
404	92.609375	Eb5	75	52	399	68.485677	Eb5	75	127	
405	92.629167	C5	72	32	398	68.485677	C5	72	127	
406	92.923958	D5	74	51	401	68.680990	D5	74	127	
407	93.112500	Eb5	75	65	402	68.876302	Eb5	75	127	
408	93.316667	G5	79	62	405	69.071615	G5	79	127	
409	93.334375	F3	53	15	404	69.071615	F3	53	127	
410	93.334375	F4	65	28	403	69.071615	F4	65	127	
411	93.378125	F5	77	60	406	69.071615	F5	77	127	
412	93.583333	Eb5	75	64	407	69.266927	Eb5	75	127	
413	93.783333	D5	74	68	408	69.462240	D5	74	127	
414	94.043750	G3	55	38	410	69.657552	G3	55	127	
415	94.058333	C5	72	66	411	69.657552	C5	72	127	
416	94.065625	Eb4	63	40	409	69.657552	Eb4	63	127	
417	94.831250	C5	72	59	*	-1	*	-1	-1	
418	94.846875	G3	55	32	413	70.246094	G3	55	127	
419	94.853125	D4	62	24	412	70.246094	D4	62	127	
420	94.932292	B4	71	47	414	70.343750	B4	71	127	
421	94.983333	C5	72	69	415	70.441406	C5	72	127	
422	95.058333	B4	71	73	416	70.539062	B4	71	127	
423	95.140625	C5	72	68	417	70.636719	C5	72	127	
424	95.206250	B4	71	74	418	70.734375	B4	71	127	
425	96.025000	C6	84	81	422	70.832031	C6	84	127	
426	96.027083	G#3	56	45	420	70.832031	G#3	56	127	
427	96.028125	C5	72	60	421	70.832031	C5	72	127	
428	96.029167	C4	60	41	419	70.832031	C4	60	127	
429	96.794792	F3	53	30	423	71.420573	F3	53	127	
430	96.814583	F4	65	34	424	71.420573	F4	65	127	
431	96.853125	G#5	80	62	425	71.420573	G#5	80	127	
432	97.098958	G5	79	71	426	71.615885	G5	79	127	
433	97.309375	F5	77	71	427	71.811198	F5	77	127	
434	97.523958	Eb5	75	69	430	72.006510	Eb5	75	127	
435	97.528125	Eb4	63	37	428	72.006510	Eb4	63	127	
436	97.546875	G3	55	25	429	72.006510	G3	55	127	
437	97.757292	D5	74	67	431	72.201823	D5	74	127	
438	97.971875	C5	72	70	432	72.397135	C5	72	127	
439	98.195833	D4	62	38	434	72.592448	D4	62	127	
440	98.196875	G3	55	31	433	72.592448	G3	55	127	
441	98.198958	B4	71	65	435	72.592448	B4	71	127	
442	98.459375	C5	72	60	436	72.787760	C5	72	127	
443	98.697917	D5	74	63	437	72.983073	D5	74	127	
444	99.079167	C5	72	52	440	73.178385	C5	72	127	
445	99.081250	C6	84	65	441	73.178385	C6	84	127	
446	99.090625	G#3	56	29	438	73.178385	G#3	56	127	
447	99.114583	C4	60	34	439	73.178385	C4	60	127	
448	99.983333	F4	65	28	443	73.766927	F4	65	127	
449	99.987500	F3	53	27	442	73.766927	F3	53	127	
450	99.987500	G#5	80	61	444	73.766927	G#5	80	127	
451	100.289583	G5	79	60	445	73.962240	G5	79	127	
452	100.513542	F5	77	57	446	74.157552	F5	77	127	
453	100.704167	G3	55	36	448	74.352865	G3	55	127	
454	100.720833	Eb4	63	32	447	74.352865	Eb4	63	127	
455	100.722917	Eb5	75	54	449	74.352865	Eb5	75	127	
456	100.962500	D5	74	52	450	74.548177	D5	74	127	
457	101.192708	C5	72	54	451	74.743490	C5	72	127	
458	101.444792	B4	71	50	454	74.938802	B4	71	127	
459	101.453125	D4	62	22	453	74.938802	D4	62	127	
460	101.457292	G3	55	34	452	74.938802	G3	55	127	
461	101.711458	C5	72	51	455	75.134115	C5	72	127	
462	101.993750	D5	74	49	456	75.329427	D5	74	127	
463	102.497917	G#3	56	41	457	75.524740	G#3	56	127	
464	102.525000	C4	60	24	458	75.524740	C4	60	127	
465	102.525000	C6	84	51	460	75.524740	C6	84	127	
466	102.527083	C5	72	38	459	75.524740	C5	72	127	
467	103.458333	Bb5	82	48	462	76.113281	Bb5	82	127	
468	103.570833	G#5	80	51	463	76.113281	G#5	80	127	
469	103.595833	F3	53	27	461	76.113281	F3	53	127	
470	103.946875	G5	79	46	464	76.308594	G5	79	127	
471	104.188542	F5	77	53	465	76.503906	F5	77	127	
472	104.396875	F5	77	64	467	76.699219	F5	77	127	
473	104.450000	G3	55	35	466	76.699219	G3	55	127	
474	104.467708	Eb5	75	53	468	76.699219	Eb5	75	127	
475	104.711458	D5	74	51	469	76.894531	D5	74	127	
476	104.971875	C5	72	49	470	77.089844	C5	72	127	
477	105.250000	G2	43	33	471	77.285156	G2	43	127	
478	105.275000	B4	71	40	472	77.285156	B4	71	127	
479	105.575000	C5	72	47	473	77.480469	C5	72	127	
480	105.902083	D5	74	49	474	77.675781	D5	74	127	
481	106.364583	D5	74	46	476	77.871094	D5	74	127	
482	106.368750	C2	36	36	475	77.871094	C2	36	127	
483	106.679167	C5	72	43	477	77.944010	C5	72	127	
484	106.841667	D5	74	38	478	78.016927	D5	74	127	
485	106.978125	C5	72	49	*	-1	*	-1	-1	
486	107.085417	D5	74	46	*	-1	*	-1	-1	
487	107.164583	C5	72	53	*	-1	*	-1	-1	
488	107.252083	D5	74	56	*	-1	*	-1	-1	
489	107.345833	C5	72	58	479	78.089844	C5	72	127	
490	107.427083	D5	74	54	*	-1	*	-1	-1	
491	107.518750	C5	72	60	*	-1	*	-1	-1	
492	107.602083	D5	74	50	*	-1	*	-1	-1	
493	107.700000	C5	72	49	*	-1	*	-1	-1	
494	107.775000	D5	74	52	*	-1	*	-1	-1	
495	107.867708	C5	72	56	*	-1	*	-1	-1	
496	107.953125	D5	74	47	*	-1	*	-1	-1	
497	108.036458	C5	72	52	*	-1	*	-1	-1	
498	108.107292	D5	74	57	*	-1	*	-1	-1	
499	108.207292	C5	72	49	*	-1	*	-1	-1	
500	110.773958	C3	48	27	480	79.045573	C3	48	127	
501	111.234375	E3	52	57	481	79.339844	E3	52	127	
502	111.588542	G3	55	66	482	79.634115	G3	55	127	
503	111.906250	C4	60	69	483	79.928385	C4	60	127	
504	112.253125	E4	64	70	484	80.222656	E4	64	127	
505	112.587500	G4	67	65	485	80.516927	G4	67	127	
506	112.942708	G4	67	62	486	80.811198	G4	67	127	
507	113.242708	G#4	68	78	487	81.006510	G#4	68	127	
508	113.451042	Bb4	70	77	488	81.201823	Bb4	70	127	
509	113.659375	G#4	68	77	489	81.397135	G#4	68	127	
510	113.867708	G4	67	66	490	81.592448	G4	67	127	
511	114.061458	F4	65	71	491	81.787760	F4	65	127	
512	114.315625	G#5	80	80	493	81.983073	G#5	80	127	
513	114.316667	F4	65	57	492	81.983073	F4	65	127	
514	114.702083	G5	79	85	494	82.277344	G5	79	127	
515	114.994792	G#5	80	71	497	82.571615	G#5	80	127	
516	115.039583	Eb4	63	49	495	82.571615	Eb4	63	127	
517	115.039583	G5	79	69	496	82.571615	G5	79	127	
518	115.340625	F5	77	76	498	82.865885	F5	77	127	
519	115.629167	G5	79	74	500	83.160156	G5	79	127	
520	115.657292	C#4	61	42	499	83.160156	C#4	61	127	
521	115.716667	F5	77	68	501	83.257812	F5	77	127	
522	115.787500	G5	79	72	502	83.355469	G5	79	127	
523	115.854167	F5	77	77	*	-1	*	-1	-1	
524	115.921875	G5	79	75	*	-1	*	-1	-1	
525	115.994792	F5	77	80	503	83.453125	F5	77	127	
526	116.112500	E5	76	78	504	83.550781	E5	76	127	
527	116.270833	F5	77	77	505	83.648438	F5	77	127	
528	116.514583	C3	48	42	506	83.746094	C3	48	127	
529	116.555208	F5	77	66	507	83.746094	F5	77	127	
530	116.982292	E3	52	42	508	84.040365	E3	52	127	
531	117.329167	G5	79	62	510	84.334635	G5	79	127	
532	117.353125	G3	55	41	509	84.334635	G3	55	127	
533	117.685417	C4	60	52	511	84.628906	C4	60	127	
534	118.023958	E4	64	54	512	84.923177	E4	64	127	
535	118.325000	G4	67	54	513	85.217448	G4	67	127	
536	118.645833	G4	67	60	514	85.511719	G4	67	127	
537	118.914583	G#4	68	64	515	85.707031	G#4	68	127	
538	119.116667	Bb4	70	62	516	85.902344	Bb4	70	127	
539	119.293750	G#4	68	63	517	86.097656	G#4	68	127	
540	119.485417	G4	67	50	518	86.292969	G4	67	127	
541	119.689583	F4	65	43	519	86.488281	F4	65	127	
542	119.957292	G#5	80	60	521	86.683594	G#5	80	127	
543	119.983333	F4	65	40	520	86.683594	F4	65	127	
544	120.362500	G5	79	59	522	86.977865	G5	79	127	
545	120.621875	G#5	80	63	525	87.272135	G#5	80	127	
546	120.693750	Eb4	63	38	523	87.272135	Eb4	63	127	
547	120.702083	G5	79	64	524	87.272135	G5	79	127	
548	121.035417	F5	77	67	526	87.566406	F5	77	127	
549	121.340625	F5	77	50	528	87.860677	F5	77	127	
550	121.372917	C#4	61	43	527	87.860677	C#4	61	127	
551	121.707292	Eb5	75	72	529	88.154948	Eb5	75	127	
552	122.042708	Eb5	75	75	531	88.449219	Eb5	75	127	
553	122.044792	C4	60	46	530	88.449219	C4	60	127	
554	122.357292	C#5	73	70	532	88.743490	C#5	73	127	
555	122.707292	G#3	56	49	533	89.037760	G#3	56	127	
556	122.720833	C#5	73	62	534	89.037760	C#5	73	127	
557	123.059375	C5	72	67	535	89.332031	C5	72	127	
558	123.378125	C#5	73	54	537	89.626302	C#5	73	127	
559	123.382292	Bb3	58	43	536	89.626302	Bb3	58	127	
560	123.730208	C5	72	56	538	89.920573	C5	72	127	
561	124.040625	C5	72	40	540	90.214844	C5	72	127	
562	124.066667	Eb3	51	39	539	90.214844	Eb3	51	127	
563	124.386458	Bb4	70	55	541	90.509115	Bb4	70	127	
564	124.691667	G#3	56	37	542	90.803385	G#3	56	127	
565	124.794792	C5	72	43	543	90.803385	C5	72	127	
566	124.988542	Bb4	70	45	544	90.998698	Bb4	70	127	
567	125.090625	C4	60	40	545	91.096354	C4	60	127	
568	125.191667	G#4	68	51	546	91.194010	G#4	68	127	
569	125.427083	C#4	61	46	547	91.389323	C#4	61	127	
570	125.750000	Eb4	63	48	548	91.682292	Eb4	63	127	
571	126.102083	F4	65	47	549	91.976562	F4	65	127	
572	126.459375	G4	67	50	550	92.270833	G4	67	127	
573	126.803125	G4	67	39	551	92.565104	G4	67	127	
574	126.814583	C5	72	56	552	92.565104	C5	72	127	
575	127.088542	C#5	73	57	553	92.760417	C#5	73	127	
576	127.154167	G#4	68	49	554	92.858073	G#4	68	127	
577	127.304167	Eb5	75	62	555	92.955729	Eb5	75	127	
578	127.526042	Eb5	75	60	558	93.152344	Eb5	75	127	
579	127.562500	Eb3	51	37	556	93.152344	Eb3	51	127	
580	127.562500	C#5	73	56	557	93.152344	C#5	73	127	
581	127.816667	C5	72	56	559	93.347656	C5	72	127	
582	127.951042	G3	55	30	560	93.445312	G3	55	127	
583	128.052083	Bb4	70	57	561	93.542969	Bb4	70	127	
584	128.288542	G#3	56	47	562	93.738281	G#3	56	127	
585	128.659375	Bb3	58	49	563	94.031250	Bb3	58	127	
586	129.001042	C4	60	42	564	94.325521	C4	60	127	
587	129.328125	C#4	61	45	565	94.619792	C#4	61	127	
588	129.630208	C#4	61	39	566	94.914062	C#4	61	127	
589	129.664583	Bb4	70	55	567	94.914062	Bb4	70	127	
590	129.902083	C5	72	60	568	95.109375	C5	72	127	
591	130.003125	Eb4	63	18	569	95.207031	Eb4	63	127	
592	130.119792	C#5	73	55	570	95.304688	C#5	73	127	
593	130.291667	C#5	73	57	573	95.501302	C#5	73	127	
594	130.331250	G#3	56	30	571	95.501302	G#3	56	127	
595	130.360417	C5	72	52	572	95.501302	C5	72	127	
596	130.568750	Bb4	70	56	574	95.696615	Bb4	70	127	
597	130.698958	C4	60	34	575	95.794271	C4	60	127	
598	130.786458	G#4	68	53	576	95.891927	G#4	68	127	
599	131.032292	C#4	61	43	577	96.087240	C#4	61	127	
600	131.380208	Eb4	63	49	578	96.380208	Eb4	63	127	
601	131.739583	F4	65	36	579	96.674479	F4	65	127	
602	132.062500	G4	67	38	580	96.968750	G4	67	127	
603	132.407292	C5	72	48	582	97.263021	C5	72	127	
604	132.418750	G4	67	35	581	97.263021	G4	67	127	
605	132.666667	C#5	73	49	583	97.458333	C#5	73	127	
606	132.751042	G#4	68	42	584	97.555990	G#4	68	127	
607	132.887500	Eb5	75	54	585	97.653646	Eb5	75	127	
608	133.090625	Eb5	75	52	588	97.850260	Eb5	75	127	
609	133.137500	C#5	73	50	587	97.850260	C#5	73	127	
610	133.160417	Eb3	51	22	586	97.850260	Eb3	51	127	
611	133.384375	C5	72	49	589	98.045573	C5	72	127	
612	133.511458	G3	55	32	590	98.143229	G3	55	127	
613	133.619792	Bb4	70	47	591	98.240885	Bb4	70	127	
614	133.856250	G#3	56	45	592	98.436198	G#3	56	127	
615	134.222917	Bb3	58	40	593	98.729167	Bb3	58	127	
616	134.580208	C4	60	37	594	99.023438	C4	60	127	
617	134.908333	C#4	61	40	595	99.317708	C#4	61	127	
618	135.242708	C#4	61	31	596	99.611979	C#4	61	127	
619	135.278125	Bb4	70	49	597	99.611979	Bb4	70	127	
620	135.511458	C5	72	52	598	99.807292	C5	72	127	
621	135.648958	Eb4	63	30	599	99.904948	Eb4	63	127	
622	135.740625	C#5	73	53	600	100.002604	C#5	73	127	
623	135.918750	C#5	73	62	602	100.199219	C#5	73	127	
624	135.984375	G#3	56	34	601	100.199219	G#3	56	127	
625	135.987500	C5	72	57	603	100.199219	C5	72	127	
626	136.176042	Bb4	70	57	604	100.394531	Bb4	70	127	
627	136.387500	G#4	68	63	605	100.589844	G#4	68	127	
628	136.660417	Eb4	63	40	607	100.785156	Eb4	63	127	
629	136.666667	G#3	56	43	606	100.785156	G#3	56	127	
630	136.668750	Eb5	75	60	608	100.785156	Eb5	75	127	
631	137.007292	C#5	73	66	609	101.079427	C#5	73	127	
632	137.335417	Eb5	75	64	612	101.373698	Eb5	75	127	
633	137.342708	C#5	73	61	613	101.373698	C#5	73	127	
634	137.373958	G#3	56	33	611	101.373698	G#3	56	127	
635	137.373958	Eb4	63	42	610	101.373698	Eb4	63	127	
636	137.704167	C5	72	78	614	101.667969	C5	72	127	
637	138.046875	F#3	54	51	616	101.962240	F#3	54	127	
638	138.051042	Eb4	63	47	615	101.962240	Eb4	63	127	
639	138.057292	Eb5	75	70	618	101.962240	Eb5	75	127	
640	138.059375	C5	72	74	617	101.962240	C5	72	127	
641	138.429167	Bb4	70	83	619	102.256510	Bb4	70	127	
642	138.816667	F3	53	44	620	102.550781	F3	53	127	
643	138.868750	Bb4	70	85	622	102.550781	Bb4	70	127	
644	138.869792	Eb5	75	63	621	102.550781	Eb5	75	127	
645	139.336458	Eb4	63	44	623	102.845052	Eb4	63	127	
646	139.687500	A4	69	61	625	103.139323	A4	69	127	
647	139.691667	F#4	66	41	624	103.139323	F#4	66	127	
648	140.059375	Eb4	63	55	626	103.433594	Eb4	63	127	
649	140.389583	C4	60	63	627	103.727865	C4	60	127	
650	140.753125	Eb4	63	56	628	104.022135	Eb4	63	127	
651	141.044792	Eb5	75	66	630	104.316406	Eb5	75	127	
652	141.051042	C5	72	70	631	104.316406	C5	72	127	
653	141.094792	F#3	54	36	629	104.316406	F#3	54	127	
654	141.131250	Bb4	70	77	632	104.414062	Bb4	70	127	
655	141.209375	C5	72	69	633	104.511719	C5	72	127	
656	141.275000	Bb4	70	77	*	-1	*	-1	-1	
657	141.340625	Eb4	63	48	634	104.609375	Eb4	63	127	
658	141.348958	C5	72	64	*	-1	*	-1	-1	
659	141.422917	Bb4	70	77	635	104.609375	Bb4	70	127	
660	141.559375	A4	69	80	636	104.707031	A4	69	127	
661	141.677083	Bb4	70	88	637	104.804688	Bb4	70	127	
662	141.823958	F3	53	44	638	104.902344	F3	53	127	
663	141.914583	Bb4	70	78	640	104.902344	Bb4	70	127	
664	142.300000	Eb4	63	45	641	105.196615	Eb4	63	127	
665	142.673958	F#4	66	40	642	105.490885	F#4	66	127	
666	142.687500	C5	72	62	643	105.490885	C5	72	127	
667	143.032292	Eb4	63	48	644	105.785156	Eb4	63	127	
668	143.371875	C4	60	51	645	106.079427	C4	60	127	
669	143.705208	Eb4	63	51	646	106.373698	Eb4	63	127	
670	144.042708	C5	72	54	648	106.667969	C5	72	127	
671	144.043750	Eb5	75	55	649	106.667969	Eb5	75	127	
672	144.064583	F#3	54	31	647	106.667969	F#3	54	127	
673	144.121875	Bb4	70	67	650	106.765625	Bb4	70	127	
674	144.198958	C5	72	66	651	106.863281	C5	72	127	
675	144.256250	Bb4	70	74	*	-1	*	-1	-1	
676	144.330208	Eb4	63	42	652	106.960938	Eb4	63	127	
677	144.330208	C5	72	73	*	-1	*	-1	-1	
678	144.406250	Bb4	70	78	653	106.960938	Bb4	70	127	
679	144.513542	A4	69	75	654	107.058594	A4	69	127	
680	144.636458	Bb4	70	79	655	107.156250	Bb4	70	127	
681	144.762500	F3	53	36	656	107.253906	F3	53	127	
682	144.852083	Bb4	70	66	658	107.253906	Bb4	70	127	
683	145.219792	Eb4	63	37	659	107.548177	Eb4	63	127	
684	145.583333	C5	72	54	661	107.842448	C5	72	127	
685	145.598958	F#4	66	40	660	107.842448	F#4	66	127	
686	145.955208	Eb4	63	47	662	108.136719	Eb4	63	127	
687	146.313542	C4	60	43	663	108.430990	C4	60	127	
688	146.691667	Eb4	63	59	664	108.725260	Eb4	63	127	
689	147.041667	F3	53	39	665	109.019531	F3	53	127	
690	147.062500	C5	72	73	666	109.019531	C5	72	127	
691	147.305208	C#5	73	71	667	109.214844	C#5	73	127	
692	147.393750	A3	57	40	668	109.312500	A3	57	127	
693	147.507292	Eb5	75	81	669	109.410156	Eb5	75	127	
694	147.715625	Eb5	75	70	672	109.605469	Eb5	75	127	
695	147.729167	Bb2	46	46	670	109.605469	Bb2	46	127	
696	147.759375	C#5	73	68	671	109.605469	C#5	73	127	
697	147.998958	C5	72	76	673	109.800781	C5	72	127	
698	148.198958	Bb4	70	80	674	109.996094	Bb4	70	127	
699	148.488542	C#3	49	47	676	110.191406	C#3	49	127	
700	148.498958	Bb5	82	81	677	110.191406	Bb5	82	127	
701	148.507292	Bb3	58	53	675	110.191406	Bb3	58	127	
702	148.852083	F5	77	78	678	110.485677	F5	77	127	
703	149.166667	C3	48	48	680	110.779948	C3	48	127	
704	149.179167	Bb3	58	45	679	110.779948	Bb3	58	127	
705	149.190625	F5	77	79	681	110.779948	F5	77	127	
706	149.543750	E5	76	79	682	111.074219	E5	76	127	
707	149.902083	E3	52	44	683	111.368490	E3	52	127	
708	149.902083	G5	79	70	685	111.368490	G5	79	127	
709	149.923958	C4	60	47	684	111.368490	C4	60	127	
710	150.262500	Bb4	70	67	686	111.662760	Bb4	70	127	
711	150.645833	C4	60	37	687	111.957031	C4	60	127	
712	150.648958	G#4	68	59	689	111.957031	G#4	68	127	
713	150.667708	F3	53	30	688	111.957031	F3	53	127	
714	150.906250	G4	67	63	690	112.152344	G4	67	127	
715	151.115625	F4	65	65	691	112.347656	F4	65	127	
716	151.437500	G#3	56	45	693	112.542969	G#3	56	127	
717	151.442708	C6	84	67	694	112.542969	C6	84	127	
718	151.457292	F4	65	38	692	112.542969	F4	65	127	
719	151.822917	G#5	80	67	695	112.837240	G#5	80	127	
720	152.115625	Bb5	82	62	698	113.131510	Bb5	82	127	
721	152.180208	G#5	80	54	699	113.131510	G#5	80	127	
722	152.211458	F4	65	26	696	113.131510	F4	65	127	
723	152.215625	Bb3	58	26	697	113.131510	Bb3	58	127	
724	152.543750	G5	79	64	700	113.425781	G5	79	127	
725	152.836458	G#5	80	55	703	113.720052	G#5	80	127	
726	152.886458	G5	79	46	704	113.720052	G5	79	127	
727	152.894792	C#4	61	37	701	113.720052	C#4	61	127	
728	152.897917	F4	65	32	702	113.720052	F4	65	127	
729	153.265625	F5	77	57	705	114.014323	F5	77	127	
730	153.610417	F5	77	48	707	114.308594	F5	77	127	
731	153.612500	C4	60	38	706	114.308594	C4	60	127	
732	154.029167	Bb4	70	25	708	114.602865	Bb4	70	127	
733	154.405208	G5	79	50	710	114.897135	G5	79	127	
734	154.421875	C#5	73	26	709	114.897135	C#5	73	127	
735	154.782292	Bb4	70	28	711	115.191406	Bb4	70	127	
736	155.137500	G4	67	35	712	115.485677	G4	67	127	
737	155.480208	Bb4	70	43	713	115.779948	Bb4	70	127	
738	155.792708	G5	79	51	715	116.074219	G5	79	127	
739	155.811458	Bb5	82	45	716	116.074219	Bb5	82	127	
740	155.827083	C#4	61	29	714	116.074219	C#4	61	127	
741	155.917708	F5	77	40	717	116.171875	F5	77	127	
742	156.002083	G5	79	52	718	116.269531	G5	79	127	
743	156.070833	F5	77	50	*	-1	*	-1	-1	
744	156.154167	G5	79	58	*	-1	*	-1	-1	
745	156.159375	Bb4	70	23	719	116.367188	Bb4	70	127	
746	156.232292	F5	77	57	720	116.367188	F5	77	127	
747	156.316667	E5	76	59	721	116.464844	E5	76	127	
748	156.433333	F5	77	58	722	116.562500	F5	77	127	
749	156.596875	C4	60	34	723	116.660156	C4	60	127	
750	156.631250	F5	77	53	725	116.660156	F5	77	127	
751	157.023958	Bb4	70	37	726	116.954427	Bb4	70	127	
752	157.386458	C#5	73	28	727	117.248698	C#5	73	127	
753	157.389583	G5	79	44	728	117.248698	G5	79	127	
754	157.731250	Bb4	70	30	729	117.542969	Bb4	70	127	
755	158.106250	G4	67	33	730	117.837240	G4	67	127	
756	158.469792	Bb4	70	34	731	118.131510	Bb4	70	127	
757	158.778125	G5	79	42	734	118.425781	G5	79	127	
758	158.797917	Bb5	82	42	733	118.425781	Bb5	82	127	
759	158.804167	C#4	61	28	732	118.425781	C#4	61	127	
760	158.903125	F5	77	29	735	118.523438	F5	77	127	
761	158.997917	G5	79	45	736	118.621094	G5	79	127	
762	159.062500	F5	77	46	*	-1	*	-1	-1	
763	159.143750	Bb4	70	31	737	118.718750	Bb4	70	127	
764	159.143750	G5	79	56	*	-1	*	-1	-1	
765	159.240625	F5	77	47	738	118.718750	F5	77	127	
766	159.323958	E5	76	52	739	118.816406	E5	76	127	
767	159.429167	F5	77	50	740	118.914062	F5	77	127	
768	159.605208	C4	60	27	741	119.011719	C4	60	127	
769	159.650000	F5	77	41	743	119.011719	F5	77	127	
770	160.013542	Bb4	70	35	744	119.305990	Bb4	70	127	
771	160.370833	G5	79	47	746	119.600260	G5	79	127	
772	160.391667	C#5	73	28	745	119.600260	C#5	73	127	
773	160.734375	Bb4	70	36	747	119.894531	Bb4	70	127	
774	161.091667	G4	67	46	748	120.188802	G4	67	127	
775	161.432292	Bb4	70	47	749	120.483073	Bb4	70	127	
776	161.811458	G5	79	64	751	120.777344	G5	79	127	
777	161.823958	C4	60	31	750	120.777344	C4	60	127	
778	162.059375	G#5	80	65	752	120.972656	G#5	80	127	
779	162.157292	E4	64	42	753	121.070312	E4	64	127	
780	162.258333	Bb5	82	72	754	121.167969	Bb5	82	127	
781	162.464583	Bb5	82	65	756	121.363281	Bb5	82	127	
782	162.503125	F3	53	31	755	121.363281	F3	53	127	
783	162.520833	G#5	80	60	757	121.363281	G#5	80	127	
784	162.769792	G5	79	55	758	121.558594	G5	79	127	
785	162.896875	F4	65	37	759	121.656250	F4	65	127	
786	163.003125	F5	77	53	760	121.753906	F5	77	127	
787	163.255208	G#4	68	51	761	121.950521	G#4	68	127	
788	163.620833	F4	65	38	762	122.243490	F4	65	127	
789	163.977083	C#4	61	48	763	122.537760	C#4	61	127	
790	164.380208	F4	65	44	764	122.832031	F4	65	127	
791	164.711458	Bb3	58	41	765	123.126302	Bb3	58	127	
792	164.734375	G5	79	67	766	123.126302	G5	79	127	
793	164.976042	G#5	80	73	767	123.321615	G#5	80	127	
794	165.126042	C#4	61	51	768	123.419271	C#4	61	127	
795	165.233333	Bb5	82	71	769	123.516927	Bb5	82	127	
796	165.588542	C2	36	40	770	123.713542	C2	36	127	
797	165.589583	C5	72	61	771	123.713542	C5	72	127	
798	166.021875	Bb5	82	69	772	124.007812	Bb5	82	127	
799	166.364583	G#5	80	68	773	124.302083	G#5	80	127	
800	166.737500	F5	77	65	774	124.596354	F5	77	127	
801	167.083333	C2	36	38	775	124.890625	C2	36	127	
802	167.137500	Bb5	82	55	776	124.890625	Bb5	82	127	
803	167.500000	G5	79	53	777	125.184896	G5	79	127	
804	167.870833	F5	77	48	778	125.479167	F5	77	127	
805	168.258333	E5	76	47	779	125.773438	E5	76	127	
806	168.639583	F3	53	37	780	126.067708	F3	53	127	
807	168.643750	E5	76	48	781	126.067708	E5	76	127	
808	169.106250	G#3	56	37	782	126.361979	G#3	56	127	
809	169.495833	F5	77	40	784	126.656250	F5	77	127	
810	169.500000	Bb3	58	34	783	126.656250	Bb3	58	127	
811	169.827083	C4	60	35	785	126.950521	C4	60	127	
812	170.204167	C#4	61	37	786	127.244792	C#4	61	127	
813	170.601042	E4	64	24	787	127.539062	E4	64	127	
814	170.929167	G5	79	53	789	127.833333	G5	79	127	
815	170.944792	E4	64	27	788	127.833333	E4	64	127	
816	171.285417	G#5	80	54	791	128.127604	G#5	80	127	
817	171.301042	F4	65	28	790	128.127604	F4	65	127	
818	171.607292	G3	55	36	792	128.421875	G3	55	127	
819	171.635417	Bb5	82	53	793	128.421875	Bb5	82	127	
820	171.876042	G#5	80	51	794	128.617188	G#5	80	127	
821	171.990625	Bb3	58	35	795	128.714844	Bb3	58	127	
822	172.145833	G5	79	55	796	128.812500	G5	79	127	
823	172.371875	C4	60	49	797	129.007812	C4	60	127	
824	172.729167	C#4	61	52	798	129.300781	D4	62	127	
825	173.061458	E4	64	58	799	129.595052	E4	64	127	
826	173.407292	F4	65	57	800	129.889323	F4	65	127	
827	173.748958	G#5	80	75	802	130.183594	G#5	80	127	
828	173.769792	F4	65	49	801	130.183594	F4	65	127	
829	174.117708	Bb5	82	82	804	130.477865	Bb5	82	127	
830	174.121875	G4	67	35	803	130.477865	G4	67	127	
831	174.468750	G#3	56	48	805	130.772135	G#3	56	127	
832	174.492708	C6	84	75	806	130.772135	C6	84	127	
833	174.737500	Bb5	82	76	807	130.967448	Bb5	82	127	
834	174.872917	C4	60	51	808	131.065104	C4	60	127	
835	174.990625	G#5	80	70	809	131.162760	G#5	80	127	
836	175.260417	C#4	61	65	810	131.358073	C#4	61	127	
837	175.623958	E4	64	67	811	131.651042	E4	64	127	
838	175.976042	F4	65	66	812	131.945312	F4	65	127	
839	176.323958	G4	67	71	813	132.239583	G4	67	127	
840	176.685417	G4	67	59	814	132.533854	G4	67	127	
841	176.690625	Bb5	82	91	815	132.533854	Bb5	82	127	
842	177.048958	G#4	68	57	816	132.828125	G#4	68	127	
843	177.050000	C6	84	87	817	132.828125	C6	84	127	
844	177.420833	C#6	85	85	819	133.122396	C#6	85	127	
845	177.427083	Bb3	58	59	818	133.122396	Bb3	58	127	
846	177.625000	C6	84	89	820	133.220052	C6	84	127	
847	177.843750	C#4	61	52	822	133.415365	C#4	61	127	
848	177.869792	Bb5	82	91	821	133.317708	Bb5	82	127	
849	177.913542	C#6	85	42	*	-1	*	-1	-1	
850	178.215625	E4	64	62	823	133.709635	E4	64	127	
851	178.580208	F4	65	61	824	134.003906	F4	65	127	
852	178.913542	G4	67	62	825	134.298177	G4	67	127	
853	179.287500	G#4	68	51	826	134.592448	G#4	68	127	
854	179.291667	G#5	80	84	827	134.592448	G#5	80	127	
855	179.651042	G#4	68	49	828	134.886719	G#4	68	127	
856	179.651042	G5	79	87	829	134.886719	G5	79	127	
857	180.006250	Bb4	70	58	830	135.180990	Bb4	70	127	
858	180.007292	F5	77	82	831	135.180990	F5	77	127	
859	180.423958	E5	76	80	834	135.475260	E5	76	127	
860	180.426042	C4	60	45	833	135.475260	C4	60	127	
861	180.435417	C5	72	53	832	135.475260	C5	72	127	
862	180.842708	Bb5	82	79	835	135.769531	Bb5	82	127	
863	181.196875	G5	79	80	836	136.063802	G5	79	127	
864	181.552083	E5	76	82	837	136.358073	E5	76	127	
865	181.968750	C#5	73	60	838	136.652344	C#5	73	127	
866	181.970833	C4	60	45	839	136.652344	C4	60	127	
867	181.991667	Bb5	82	83	840	136.652344	Bb5	82	127	
868	182.381250	G#5	80	79	841	136.946615	G#5	80	127	
869	182.710417	G5	79	73	842	137.240885	G5	79	127	
870	183.073958	F5	77	73	843	137.535156	F5	77	127	
871	183.429167	C4	60	42	845	137.829427	C4	60	127	
872	183.438542	C5	72	45	844	137.829427	C5	72	127	
873	183.445833	E5	76	70	846	137.829427	E5	76	127	
874	183.831250	Bb5	82	69	847	138.123698	Bb5	82	127	
875	184.179167	G5	79	67	848	138.417969	G5	79	127	
876	184.563542	E5	76	62	849	138.712240	E5	76	127	
877	185.056250	C4	60	36	851	139.006510	C4	60	127	
878	185.059375	B5	83	57	852	139.006510	B5	83	127	
879	185.063542	D5	74	35	850	139.006510	D5	74	127	
880	185.504167	G#5	80	62	853	139.300781	G#5	80	127	
881	185.871875	G5	79	62	854	139.595052	G5	79	127	
882	186.250000	F5	77	59	855	139.889323	F5	77	127	
883	186.637500	F5	77	56	857	140.183594	F5	77	127	
884	186.659375	C4	60	33	856	140.183594	C4	60	127	
885	187.053125	Bb4	70	38	858	140.477865	Bb4	70	127	
886	187.463542	G5	79	54	860	140.772135	G5	79	127	
887	187.466667	C#5	73	36	859	140.772135	C#5	73	127	
888	187.856250	Bb4	70	49	861	141.066406	Bb4	70	127	
889	188.227083	G4	67	44	862	141.360677	G4	67	127	
890	188.602083	Bb4	70	44	863	141.654948	Bb4	70	127	
891	188.935417	G5	79	61	865	141.949219	G5	79	127	
892	188.966667	C4	60	30	864	141.949219	C4	60	127	
893	189.207292	G#5	80	68	866	142.144531	G#5	80	127	
894	189.314583	E4	64	35	867	142.242188	E4	64	127	
895	189.442708	Bb5	82	72	868	142.339844	Bb5	82	127	
896	189.643750	Bb5	82	67	871	142.535156	Bb5	82	127	
897	189.667708	F3	53	33	869	142.535156	F3	53	127	
898	189.688542	G#5	80	64	870	142.535156	G#5	80	127	
899	189.943750	G5	79	69	872	142.730469	G5	79	127	
900	190.061458	F4	65	44	873	142.828125	F4	65	127	
901	190.195833	F5	77	65	874	142.925781	F5	77	127	
902	190.435417	G#4	68	49	875	143.122396	G#4	68	127	
903	190.775000	F4	65	43	876	143.415365	F4	65	127	
904	191.172917	C#4	61	43	877	143.709635	C#4	61	127	
905	191.559375	F4	65	42	878	144.003906	F4	65	127	
906	191.902083	Bb3	58	41	879	144.298177	Bb3	58	127	
907	191.918750	G5	79	51	880	144.298177	G5	79	127	
908	192.153125	G#5	80	61	881	144.493490	G#5	80	127	
909	192.297917	C#4	61	51	882	144.591146	C#4	61	127	
910	192.437500	Bb5	82	74	883	144.688802	Bb5	82	127	
911	192.740625	C2	36	43	884	144.885417	C2	36	127	
912	192.754167	C5	72	54	885	144.885417	C5	72	127	
913	193.166667	Bb5	82	61	886	145.179688	Bb5	82	127	
914	193.547917	G#5	80	53	887	145.473958	G#5	80	127	
915	193.913542	F5	77	50	888	145.768229	F5	77	127	
916	194.277083	C2	36	35	889	146.062500	C2	36	127	
917	194.286458	Bb5	82	49	890	146.062500	Bb5	82	127	
918	194.678125	G5	79	52	891	146.356771	G5	79	127	
919	195.031250	F5	77	47	892	146.651042	F5	77	127	
920	195.401042	E5	76	49	893	146.945312	E5	76	127	
921	195.778125	F3	53	27	894	147.239583	F3	53	127	
922	195.791667	E5	76	48	895	147.239583	E5	76	127	
923	196.183333	A3	57	36	896	147.533854	A3	57	127	
924	196.575000	F5	77	45	898	147.828125	F5	77	127	
925	196.577083	C4	60	19	897	147.828125	C4	60	127	
926	196.938542	Eb4	63	34	899	148.122396	Eb4	63	127	
927	197.288542	F#4	66	48	900	148.416667	F#4	66	127	
928	197.643750	Bb4	70	52	901	148.710938	Bb4	70	127	
929	198.006250	A4	69	37	902	149.005208	A4	69	127	
930	198.022917	C6	84	52	903	149.005208	C6	84	127	
931	198.271875	C#6	85	52	904	149.200521	C#6	85	127	
932	198.321875	F4	65	20	905	149.298177	F4	65	127	
933	198.477083	Eb6	87	61	906	149.395833	Eb6	87	127	
934	198.684375	Eb6	87	54	908	149.591146	Eb6	87	127	
935	198.700000	Bb3	58	34	907	149.591146	Bb3	58	127	
936	198.723958	C#6	85	54	909	149.591146	C#6	85	127	
937	198.948958	C6	84	50	910	149.786458	C6	84	127	
938	198.984375	C#4	61	35	911	149.884115	C#4	61	127	
939	199.189583	Bb5	82	54	912	149.981771	Bb5	82	127	
940	199.413542	F4	65	29	913	150.177083	F4	65	127	
941	199.783333	Bb4	70	47	914	150.470052	Bb4	70	127	
942	200.144792	C#5	73	46	915	150.764323	C#5	73	127	
943	200.508333	F5	77	53	916	151.058594	F5	77	127	
944	200.864583	E5	76	34	917	151.352865	E5	76	127	
945	200.868750	G5	79	59	918	151.352865	G5	79	127	
946	201.127083	G#5	80	63	919	151.548177	G#5	80	127	
947	201.264583	C5	72	45	920	151.645833	C5	72	127	
948	201.329167	Bb5	82	69	921	151.743490	Bb5	82	127	
949	201.550000	Bb5	82	68	924	151.938802	Bb5	82	127	
950	201.602083	F5	77	35	922	151.938802	F5	77	127	
951	201.606250	G#5	80	71	923	151.938802	G#5	80	127	
952	201.872917	G5	79	66	925	152.134115	G5	79	127	
953	202.048958	G#5	80	72	926	152.329427	G#5	80	127	
954	202.233333	C6	84	68	929	152.524740	C6	84	127	
955	202.263542	Bb4	70	48	927	152.524740	Bb4	70	127	
956	202.301042	Bb5	82	75	928	152.524740	Bb5	82	127	
957	202.505208	G#5	80	76	930	152.720052	G#5	80	127	
958	202.703125	G5	79	81	931	152.915365	G5	79	127	
959	202.937500	C5	72	47	932	153.110677	C5	72	127	
960	202.963542	F5	77	72	933	153.110677	F5	77	127	
961	203.526042	C4	60	43	934	153.699219	C4	60	127	
962	203.653125	F5	77	60	*	-1	*	-1	-1	
963	203.772917	E5	76	58	*	-1	*	-1	-1	
964	203.858333	F5	77	61	*	-1	*	-1	-1	
965	203.940625	E5	76	66	935	153.796875	E5	76	127	
966	204.013542	F5	77	68	*	-1	*	-1	-1	
967	204.078125	E5	76	77	*	-1	*	-1	-1	
968	204.146875	F5	77	74	936	153.894531	F5	77	127	
969	204.212500	E5	76	71	937	153.992188	E5	76	127	
970	204.262500	D5	74	63	938	154.089844	D5	74	127	
971	204.353125	E5	76	69	939	154.187500	E5	76	127	
972	204.548958	F3	53	27	940	154.285156	F3	53	127	
973	204.553125	G5	79	66	941	154.285156	G5	79	127	
974	204.985417	A3	57	34	942	154.579427	A3	57	127	
975	205.343750	C4	60	36	943	154.873698	C4	60	127	
976	205.346875	F5	77	49	944	154.873698	F5	77	127	
977	205.700000	Eb4	63	46	945	155.167969	Eb4	63	127	
978	206.032292	F#4	66	51	946	155.462240	F#4	66	127	
979	206.378125	Bb4	70	39	947	155.756510	Bb4	70	127	
980	206.723958	A4	69	38	948	156.050781	A4	69	127	
981	206.757292	C6	84	51	949	156.050781	C6	84	127	
982	206.992708	C#6	85	56	950	156.246094	C#6	85	127	
983	207.061458	F4	65	29	951	156.343750	F4	65	127	
984	207.191667	Eb6	87	58	952	156.441406	Eb6	87	127	
985	207.404167	Eb6	87	55	954	156.636719	Eb6	87	127	
986	207.407292	Bb3	58	33	953	156.636719	Bb3	58	127	
987	207.438542	C#6	85	53	955	156.636719	C#6	85	127	
988	207.697917	C6	84	52	956	156.832031	C6	84	127	
989	207.770833	C#4	61	35	957	156.929688	C#4	61	127	
990	207.936458	Bb5	82	52	958	157.027344	Bb5	82	127	
991	208.148958	F4	65	33	959	157.222656	F4	65	127	
992	208.518750	Bb4	70	44	960	157.515625	Bb4	70	127	
993	208.893750	C#5	73	26	961	157.809896	C#5	73	127	
994	209.270833	F5	77	35	962	158.104167	F5	77	127	
995	209.620833	G5	79	42	964	158.398438	G5	79	127	
996	209.621875	E5	76	26	963	158.398438	E5	76	127	
997	209.864583	G#5	80	45	965	158.593750	G#5	80	127	
998	209.981250	C5	72	27	966	158.691406	C5	72	127	
999	210.075000	Bb5	82	59	967	158.789062	Bb5	82	127	
1000	210.306250	Bb5	82	58	969	158.984375	Bb5	82	127	
1001	210.355208	F5	77	35	968	158.984375	F5	77	127	
1002	210.361458	G#5	80	60	970	158.984375	G#5	80	127	
1003	210.652083	G5	79	61	971	159.179688	G5	79	127	
1004	210.852083	G#5	80	66	972	159.375000	G#5	80	127	
1005	211.033333	C6	84	60	974	159.570312	C6	84	127	
1006	211.081250	Bb4	70	43	973	159.570312	Bb4	70	127	
1007	211.091667	Bb5	82	70	975	159.570312	Bb5	82	127	
1008	211.315625	G#5	80	71	976	159.765625	G#5	80	127	
1009	211.518750	G5	79	76	977	159.960938	G5	79	127	
1010	211.762500	C5	72	48	978	160.156250	C5	72	127	
1011	211.776042	F5	77	67	979	160.156250	F5	77	127	
1012	212.455208	C4	60	38	980	160.744792	C4	60	127	
1013	212.477083	F5	77	63	*	-1	*	-1	-1	
1014	212.578125	E5	76	57	*	-1	*	-1	-1	
1015	212.661458	F5	77	63	*	-1	*	-1	-1	
1016	212.734375	E5	76	68	981	160.842448	E5	76	127	
1017	212.810417	F5	77	72	*	-1	*	-1	-1	
1018	212.872917	E5	76	69	*	-1	*	-1	-1	
1019	212.935417	F5	77	65	982	160.940104	F5	77	127	
1020	213.003125	E5	76	72	983	161.037760	E5	76	127	
1021	213.064583	D5	74	52	984	161.135417	D5	74	127	
1022	213.139583	E5	76	68	985	161.233073	E5	76	127	
1023	213.258333	F3	53	45	986	161.330729	F3	53	127	
1024	213.278125	F5	77	77	987	161.330729	F5	77	127	
1025	213.667708	Eb5	75	75	988	161.625000	Eb5	75	127	
1026	213.997917	F3	53	54	989	161.919271	F3	53	127	
1027	213.998958	C#5	73	73	990	161.919271	C#5	73	127	
1028	214.313542	C5	72	71	991	162.213542	C5	72	127	
1029	214.683333	B4	71	76	992	162.507812	B4	71	127	
1030	215.028125	C5	72	83	993	162.802083	C5	72	127	
1031	215.337500	E3	52	44	995	163.096354	E3	52	127	
1032	215.363542	C4	60	46	994	163.096354	C4	60	127	
1033	215.367708	Bb4	70	79	996	163.096354	Bb4	70	127	
1034	215.590625	G#4	68	78	997	163.291667	G#4	68	127	
1035	215.769792	G4	67	75	998	163.486979	G4	67	127	
1036	216.016667	G#4	68	73	1000	163.682292	G#4	68	127	
1037	216.022917	F3	53	59	999	163.682292	F3	53	127	
1038	216.380208	F#4	66	73	1001	163.976562	F#4	66	127	
1039	216.719792	Bb2	46	55	1002	164.270833	Bb2	46	127	
1040	216.745833	F4	65	69	1003	164.270833	F4	65	127	
1041	217.098958	E4	64	79	1004	164.565104	E4	64	127	
1042	217.476042	G#2	44	54	1005	164.859375	G#2	44	127	
1043	217.494792	F4	65	70	1006	164.859375	F4	65	127	
1044	217.836458	C4	60	76	1007	165.153646	C4	60	127	
1045	218.215625	C#4	61	75	1009	165.447917	C#4	61	127	
1046	218.232292	Bb2	46	56	1008	165.447917	Bb2	46	127	
1047	218.623958	Bb3	58	71	1010	165.742188	Bb3	58	127	
1048	219.001042	C3	48	41	1012	166.035156	C3	48	127	
1049	219.009375	F4	65	65	1011	166.035156	F4	65	127	
1050	219.014583	G#3	56	50	*	-1	*	-1	-1	
1051	219.266667	G4	67	64	1013	166.230469	G4	67	127	
1052	219.440625	G#4	68	77	1014	166.425781	G#4	68	127	
1053	219.620833	C5	72	66	1016	166.621094	C5	72	127	
1054	219.681250	Bb4	70	69	1015	166.621094	Bb4	70	127	
1055	219.872917	G#4	68	69	1017	166.816406	G#4	68	127	
1056	220.082292	G4	67	58	1018	167.011719	G4	67	127	
1057	220.332292	F4	65	51	1020	167.207031	F4	65	127	
1058	220.340625	C2	36	32	1019	167.207031	C2	36	127	
1059	221.203125	E4	64	41	1021	167.795573	E4	64	127	
1060	222.170833	C#3	49	42	1022	168.384115	C#3	49	127	
1061	222.184375	F5	77	53	1024	168.384115	F5	77	127	
1062	222.190625	F4	65	34	1023	168.384115	F4	65	127	
1063	222.916667	Eb5	75	54	1027	168.972656	Eb5	75	127	
1064	222.988542	C#5	73	42	1026	168.972656	C#5	73	127	
1065	222.989583	Bb2	46	40	1025	168.972656	Bb2	46	127	
1066	223.263542	C5	72	51	1028	169.167969	C5	72	127	
1067	223.465625	Bb4	70	58	1029	169.363281	Bb4	70	127	
1068	223.691667	Bb4	70	55	1032	169.558594	Bb4	70	127	
1069	223.706250	C3	48	36	1030	169.558594	C3	48	127	
1070	223.727083	G#4	68	48	1031	169.558594	G#4	68	127	
1071	223.953125	G4	67	51	1033	169.753906	G4	67	127	
1072	224.169792	F4	65	51	1034	169.949219	F4	65	127	
1073	224.375000	C2	36	35	1035	170.144531	C2	36	127	
1074	224.394792	E4	64	46	1036	170.144531	E4	64	127	
1075	224.615625	F4	65	50	1037	170.339844	F4	65	127	
1076	224.829167	G4	67	57	1038	170.535156	G4	67	127	
1077	225.172917	F5	77	69	1040	170.730469	F5	77	127	
1078	225.186458	C#3	49	46	1039	170.730469	C#3	49	127	
1079	225.186458	F4	65	49	1041	170.730469	F4	65	127	
1080	225.956250	Eb5	75	54	1044	171.319010	Eb5	75	127	
1081	226.042708	C#5	73	68	1043	171.319010	C#5	73	127	
1082	226.048958	Bb2	46	48	1042	171.319010	Bb2	46	127	
1083	226.377083	C5	72	68	1045	171.514323	C5	72	127	
1084	226.606250	Bb4	70	76	1046	171.709635	Bb4	70	127	
1085	226.825000	Bb4	70	60	1048	171.904948	Bb4	70	127	
1086	226.845833	C3	48	41	1047	171.904948	C3	48	127	
1087	226.855208	G#4	68	53	1049	171.904948	G#4	68	127	
1088	227.094792	G4	67	58	1050	172.100260	G4	67	127	
1089	227.322917	F4	65	55	1051	172.295573	F4	65	127	
1090	227.575000	C2	36	32	1052	172.490885	C2	36	127	
1091	227.575000	E4	64	48	1053	172.490885	E4	64	127	
1092	227.829167	F4	65	51	1054	172.686198	F4	65	127	
1093	228.079167	G4	67	61	1055	172.881510	G4	67	127	
1094	228.420833	F5	77	71	1057	173.076823	F5	77	127	
1095	228.441667	F4	65	48	*	-1	*	-1	-1	
1096	228.450000	C#3	49	36	1056	173.076823	C#3	49	127	
1097	228.740625	G5	79	78	1058	173.272135	G5	79	127	
1098	228.973958	G#5	80	76	1059	173.467448	G#5	80	127	
1099	229.229167	C6	84	58	1062	173.662760	C6	84	127	
1100	229.293750	Bb2	46	40	1060	173.662760	Bb2	46	127	
1101	229.296875	Bb5	82	73	1061	173.662760	Bb5	82	127	
1102	229.618750	G#5	80	65	1063	173.858073	G#5	80	127	
1103	229.907292	G5	79	66	1064	174.053385	G5	79	127	
1104	230.306250	F5	77	57	1066	174.248698	F5	77	127	
1105	230.315625	C3	48	29	1065	174.248698	C3	48	127	
1106	231.513542	F5	77	50	*	-1	*	-1	-1	
1107	231.529167	C2	36	33	1067	174.837240	C2	36	127	
1108	231.860417	E5	76	48	1068	174.934896	E5	76	127	
1109	232.016667	F5	77	54	1069	175.032552	F5	77	127	
1110	232.150000	E5	76	52	*	-1	*	-1	-1	
1111	232.256250	F5	77	49	*	-1	*	-1	-1	
1112	232.351042	E5	76	52	*	-1	*	-1	-1	
1113	232.416667	F5	77	58	*	-1	*	-1	-1	
1114	232.501042	E5	76	61	*	-1	*	-1	-1	
1115	232.580208	F5	77	60	*	-1	*	-1	-1	
1116	232.675000	E5	76	55	*	-1	*	-1	-1	
1117	232.746875	F5	77	57	*	-1	*	-1	-1	
1118	232.815625	E5	76	66	1070	175.130208	E5	76	127	
1119	232.902083	F5	77	59	*	-1	*	-1	-1	
1120	232.997917	E5	76	52	*	-1	*	-1	-1	
1121	233.087500	F5	77	53	*	-1	*	-1	-1	
1122	233.167708	E5	76	57	*	-1	*	-1	-1	
1123	233.265625	F5	77	56	*	-1	*	-1	-1	
1124	233.370833	E5	76	47	*	-1	*	-1	-1	
1125	233.629167	D5	74	41	1071	175.227865	D5	74	127	
1126	234.197917	E5	76	43	1072	175.325521	E5	76	127	
1127	235.290625	F5	77	39	1074	175.423177	F5	77	127	
1128	235.295833	F2	41	28	1073	175.423177	F2	41	127	
*	-1	*	-1	-1	639	104.902344	Eb5	75	127	
*	-1	*	-1	-1	657	107.253906	Eb5	75	127	
*	-1	*	-1	-1	724	116.660156	Bb5	82	127	
*	-1	*	-1	-1	742	119.011719	Bb5	82	127	
