// alignID alignOntime alignSitch alignPitch alignOnvel refID refOntime refSitch refPitch refOnvel
0	1.003125	F5	77	83	0	0.130208	F5	77	127	
1	1.286458	C6	84	72	1	0.390625	C6	84	127	
2	1.339583	Bb5	82	79	2	0.520833	Bb5	82	127	
3	1.428125	G#5	80	75	3	0.651042	G#5	80	127	
4	1.638542	G5	79	74	4	0.911458	G5	79	127	
5	1.850000	F5	77	77	5	1.171875	F5	77	127	
6	2.069792	E5	76	80	6	1.432292	E5	76	127	
7	2.293750	F5	77	84	8	1.692708	F5	77	127	
8	2.296875	F4	65	75	7	1.692708	F4	65	127	
9	2.555208	C5	72	68	9	1.953125	C5	72	127	
10	2.615625	Bb4	70	71	10	2.083333	Bb4	70	127	
11	2.711458	G#4	68	80	11	2.213542	G#4	68	127	
12	2.926042	G4	67	77	12	2.473958	G4	67	127	
13	3.151042	G5	79	77	14	2.734375	G5	79	127	
14	3.157292	F4	65	70	13	2.734375	F4	65	127	
15	3.360417	E4	64	69	15	2.994792	E4	64	127	
16	3.587500	G#5	80	78	17	3.255208	G#5	80	127	
17	3.601042	F3	53	64	16	3.255208	F3	53	127	
18	3.830208	C4	60	68	18	3.515625	C4	60	127	
19	3.904167	Bb3	58	67	19	3.645833	Bb3	58	127	
20	3.983333	G#3	56	78	20	3.776042	G#3	56	127	
21	4.218750	G3	55	70	21	4.036458	G3	55	127	
22	4.434375	Bb5	82	69	23	4.296875	Bb5	82	127	
23	4.454167	F3	53	42	22	4.296875	F3	53	127	
24	4.636458	E3	52	59	24	4.557292	E3	52	127	
25	4.883333	F3	53	47	25	4.817708	F3	53	127	
26	5.007292	C6	84	62	26	4.947917	C6	84	127	
27	5.114583	Bb5	82	65	27	5.078125	Bb5	82	127	
28	5.206250	G#5	80	67	28	5.208333	G#5	80	127	
29	5.302083	Bb3	58	67	29	5.338542	Bb3	58	127	
30	5.308333	G5	79	70	30	5.338542	G5	79	127	
31	5.410417	F5	77	70	31	5.468750	F5	77	127	
32	5.495833	E5	76	76	32	5.598958	E5	76	127	
33	5.597917	C#5	73	76	33	5.729167	D5	74	127	
34	5.687500	C4	60	76	34	5.859375	C4	60	127	
35	5.691667	C5	72	69	35	5.859375	C5	72	127	
36	5.789583	Bb4	70	72	36	5.989583	Bb4	70	127	
37	5.877083	G#4	68	77	37	6.119792	G#4	68	127	
38	5.966667	G4	67	71	38	6.250000	G4	67	127	
39	6.091667	G#4	68	76	39	6.380208	G#4	68	127	
40	6.202083	C5	72	72	40	6.510417	C5	72	127	
41	6.285417	Bb4	70	76	41	6.640625	Bb4	70	127	
42	6.376042	G#4	68	80	42	6.770833	G#4	68	127	
43	6.462500	G4	67	81	43	6.901042	G4	67	127	
44	6.556250	F4	65	81	44	7.031250	F4	65	127	
45	6.636458	E4	64	80	45	7.161458	E4	64	127	
46	6.734375	C#4	61	81	46	7.291667	C#4	61	127	
47	6.822917	C4	60	76	47	7.421875	C4	60	127	
48	6.913542	Bb3	58	79	48	7.552083	Bb3	58	127	
49	7.000000	G#3	56	71	49	7.682292	G#3	56	127	
50	7.121875	G3	55	74	50	7.812500	G3	55	127	
51	7.222917	G#3	56	75	51	7.942708	G#3	56	127	
52	7.341667	F5	77	75	52	8.072917	F5	77	127	
53	7.421875	Eb5	75	77	53	8.203125	Eb5	75	127	
54	7.520833	C#5	73	80	54	8.333333	C#5	73	127	
55	7.616667	C5	72	76	56	8.463542	C5	72	127	
56	7.625000	Bb3	58	71	55	8.463542	Bb3	58	127	
57	7.716667	Bb4	70	79	57	8.593750	Bb4	70	127	
58	7.801042	G#4	68	80	58	8.723958	G#4	68	127	
59	7.906250	G4	67	78	59	8.854167	G4	67	127	
60	8.007292	F4	65	73	61	8.984375	F4	65	127	
61	8.011458	C4	60	69	60	8.984375	C4	60	127	
62	8.126042	E4	64	76	62	9.114583	E4	64	127	
63	8.222917	F4	65	76	63	9.244792	F4	65	127	
64	8.308333	G4	67	82	64	9.375000	G4	67	127	
65	8.405208	G#4	68	82	65	9.505208	G#4	68	127	
66	8.517708	F4	65	72	66	9.635417	F4	65	127	
67	8.602083	Eb4	63	76	67	9.765625	Eb4	63	127	
68	8.705208	C#4	61	73	68	9.895833	C#4	61	127	
69	8.801042	C4	60	76	69	10.026042	C4	60	127	
70	8.895833	Bb3	58	75	70	10.156250	Bb3	58	127	
71	8.982292	G#3	56	68	71	10.286458	G#3	56	127	
72	9.095833	G3	55	66	72	10.416667	G3	55	127	
73	9.192708	F3	53	67	73	10.546875	F3	53	127	
74	9.194792	Bb4	70	71	74	10.546875	Bb4	70	127	
75	9.288542	E3	52	68	75	10.677083	E3	52	127	
76	9.393750	F3	53	70	76	10.807292	F3	53	127	
77	9.486458	G3	55	70	77	10.937500	G3	55	127	
78	9.588542	G#3	56	72	78	11.067708	G#3	56	127	
79	9.716667	C5	72	70	79	11.197917	C5	72	127	
80	9.792708	Bb4	70	80	80	11.328125	Bb4	70	127	
81	9.883333	G#4	68	79	81	11.458333	G#4	68	127	
82	9.968750	G4	67	80	83	11.588542	G4	67	127	
83	9.983333	Bb3	58	70	82	11.588542	Bb3	58	127	
84	10.085417	G#4	68	82	84	11.718750	G#4	68	127	
85	10.176042	G4	67	82	85	11.848958	G4	67	127	
86	10.272917	F4	65	81	86	11.979167	F4	65	127	
87	10.375000	C#4	61	63	87	12.109375	C#4	61	127	
88	10.411458	G4	67	80	88	12.109375	G4	67	127	
89	10.536458	F4	65	75	89	12.239583	F4	65	127	
90	10.626042	E4	64	79	90	12.369792	E4	64	127	
91	10.708333	D4	62	74	91	12.500000	D4	62	127	
92	10.813542	E4	64	78	92	12.630208	E4	64	127	
93	10.903125	C4	60	67	93	12.760417	C4	60	127	
94	10.998958	Bb3	58	67	94	12.890625	Bb3	58	127	
95	11.092708	G#3	56	68	95	13.020833	G#3	56	127	
96	11.200000	G3	55	71	96	13.151042	G3	55	127	
97	11.286458	G#3	56	61	97	13.281250	G#3	56	127	
98	11.394792	G3	55	67	98	13.411458	G3	55	127	
99	11.497917	F3	53	66	99	13.541667	F3	53	127	
100	11.596875	G3	55	65	100	13.671875	G3	55	127	
101	11.679167	F3	53	60	101	13.802083	F3	53	127	
102	11.768750	E3	52	58	102	13.932292	E3	52	127	
103	11.876042	D3	50	53	103	14.062500	D3	50	127	
104	12.020833	C3	48	53	104	14.192708	C3	48	127	
105	12.318750	G4	67	59	105	14.453125	G4	67	127	
106	12.395833	G5	79	56	106	14.583333	G5	79	127	
107	12.475000	G4	67	61	108	14.713542	G4	67	127	
108	12.477083	C4	60	53	107	14.713542	C4	60	127	
109	12.718750	G5	79	59	109	14.973958	G5	79	127	
110	12.920833	E3	52	45	110	15.234375	E3	52	127	
111	12.923958	G4	67	63	111	15.234375	G4	67	127	
112	13.153125	G5	79	67	112	15.494792	G5	79	127	
113	13.370833	F3	53	61	113	15.755208	F3	53	127	
114	13.643750	G#4	68	61	114	16.015625	G#4	68	127	
115	13.709375	G#5	80	69	115	16.145833	G#5	80	127	
116	13.798958	G#4	68	68	117	16.276042	G#4	68	127	
117	13.805208	F4	65	55	116	16.276042	F4	65	127	
118	14.032292	G#5	80	72	118	16.536458	G#5	80	127	
119	14.235417	Eb4	63	58	119	16.796875	Eb4	63	127	
120	14.254167	G#4	68	72	120	16.796875	G#4	68	127	
121	14.460417	A5	81	75	121	17.057292	A5	81	127	
122	14.683333	C#4	61	71	122	17.317708	C#4	61	127	
123	14.935417	Bb4	70	73	123	17.578125	Bb4	70	127	
124	15.014583	Bb5	82	77	124	17.708333	Bb5	82	127	
125	15.103125	Bb4	70	84	126	17.838542	Bb4	70	127	
126	15.109375	Eb4	63	70	125	17.838542	Eb4	63	127	
127	15.327083	Bb5	82	86	127	18.098958	Bb5	82	127	
128	15.529167	Bb4	70	84	129	18.359375	Bb4	70	127	
129	15.532292	Eb3	51	63	128	18.359375	Eb3	51	127	
130	15.738542	B5	83	90	130	18.619792	B5	83	127	
131	15.964583	G#3	56	56	131	18.880208	G#3	56	127	
132	16.031250	C6	84	86	132	18.880208	C6	84	127	
133	16.141667	Bb5	82	83	133	19.010417	Bb5	82	127	
134	16.248958	G#5	80	80	134	19.140625	G#5	80	127	
135	16.335417	G5	79	80	135	19.270833	G5	79	127	
136	16.428125	F5	77	74	136	19.401042	F5	77	127	
137	16.523958	Eb5	75	79	137	19.531250	Eb5	75	127	
138	16.613542	C#5	73	79	138	19.661458	C#5	73	127	
139	16.696875	C5	72	70	139	19.791667	C5	72	127	
140	16.793750	Bb4	70	82	141	19.921875	Bb4	70	127	
141	16.794792	C#4	61	65	140	19.921875	C#4	61	127	
142	16.885417	G#4	68	82	142	20.052083	G#4	68	127	
143	16.982292	G4	67	84	143	20.182292	G4	67	127	
144	17.094792	F4	65	79	144	20.312500	F4	65	127	
145	17.185417	Eb4	63	79	145	20.442708	Eb4	63	127	
146	17.283333	Eb4	63	76	146	20.572917	Eb4	63	127	
147	17.379167	C#4	61	76	147	20.703125	C#4	61	127	
148	17.466667	C4	60	74	148	20.833333	C4	60	127	
149	17.565625	Bb3	58	77	149	20.963542	Bb3	58	127	
150	17.641667	G#3	56	69	150	21.093750	G#3	56	127	
151	17.742708	G3	55	73	151	21.223958	G3	55	127	
152	17.830208	F3	53	70	152	21.354167	F3	53	127	
153	17.917708	Eb3	51	65	153	21.484375	Eb3	51	127	
154	18.017708	C#3	49	59	154	21.614583	C#3	49	127	
155	18.152083	C3	48	49	155	21.744792	C3	48	127	
156	18.236458	Bb2	46	54	156	21.875000	Bb2	46	127	
157	18.367708	G#2	44	53	157	22.005208	G#2	44	127	
158	18.637500	C4	60	57	158	22.265625	C4	60	127	
159	18.720833	C5	72	54	160	22.395833	C5	72	127	
160	18.722917	G#4	68	49	159	22.395833	G#4	68	127	
161	18.802083	C4	60	57	162	22.526042	C4	60	127	
162	18.811458	G#3	56	49	161	22.526042	G#3	56	127	
163	19.046875	C5	72	56	163	22.786458	C5	72	127	
164	19.061458	G#4	68	54	164	22.786458	G#4	68	127	
165	19.265625	G3	55	51	165	23.046875	G3	55	127	
166	19.267708	C4	60	64	166	23.046875	C4	60	127	
167	19.491667	C5	72	61	167	23.307292	C5	72	127	
168	19.501042	G#4	68	53	168	23.307292	G#4	68	127	
169	19.710417	F3	53	60	169	23.567708	F3	53	127	
170	19.961458	D4	62	62	170	23.828125	D4	62	127	
171	20.040625	D5	74	57	172	23.958333	D5	74	127	
172	20.044792	B4	71	50	171	23.958333	B4	71	127	
173	20.131250	D4	62	68	174	24.088542	D4	62	127	
174	20.153125	G3	55	50	173	24.088542	G3	55	127	
175	20.365625	D5	74	68	176	24.348958	D5	74	127	
176	20.379167	B4	71	53	175	24.348958	B4	71	127	
177	20.575000	G2	43	55	177	24.609375	G2	43	127	
178	20.582292	D4	62	70	178	24.609375	D4	62	127	
179	20.798958	D5	74	74	179	24.869792	D5	74	127	
180	20.815625	B4	71	54	180	24.869792	B4	71	127	
181	21.023958	C3	48	68	181	25.130208	C3	48	127	
182	21.303125	Eb4	63	68	182	25.390625	Eb4	63	127	
183	21.372917	Eb5	75	73	183	25.520833	Eb5	75	127	
184	21.385417	C5	72	60	184	25.520833	C5	72	127	
185	21.451042	C4	60	66	185	25.651042	C4	60	127	
186	21.459375	Eb4	63	71	186	25.651042	Eb4	63	127	
187	21.681250	Eb5	75	77	187	25.911458	Eb5	75	127	
188	21.687500	C5	72	71	188	25.911458	C5	72	127	
189	21.883333	Bb3	58	74	189	26.171875	Bb3	58	127	
190	21.893750	Eb4	63	80	190	26.171875	Eb4	63	127	
191	22.126042	E5	76	82	192	26.432292	E5	76	127	
192	22.136458	C5	72	72	191	26.432292	C5	72	127	
193	22.346875	G#3	56	78	193	26.692708	G#3	56	127	
194	22.598958	F4	65	78	194	26.953125	F4	65	127	
195	22.663542	F5	77	72	196	27.083333	F5	77	127	
196	22.664583	D5	74	68	195	27.083333	D5	74	127	
197	22.752083	F4	65	81	198	27.213542	F4	65	127	
198	22.764583	Bb3	58	72	197	27.213542	Bb3	58	127	
199	22.973958	F5	77	85	199	27.473958	F5	77	127	
200	22.981250	D5	74	79	200	27.473958	D5	74	127	
201	23.201042	D3	50	75	201	27.734375	D3	50	127	
202	23.210417	F4	65	86	202	27.734375	F4	65	127	
203	23.412500	F#5	78	82	204	27.994792	F#5	78	127	
204	23.422917	D5	74	72	203	27.994792	D5	74	127	
205	23.636458	Eb3	51	60	205	28.255208	Eb3	51	127	
206	23.637500	G4	67	84	206	28.255208	G4	67	127	
207	23.910417	G5	79	83	207	28.515625	G5	79	127	
208	24.167708	C4	60	65	208	28.776042	C4	60	127	
209	24.402083	F5	77	66	209	29.036458	F5	77	127	
210	24.480208	Eb5	75	71	210	29.166667	Eb5	75	127	
211	24.571875	D5	74	68	212	29.296875	D5	74	127	
212	24.573958	F3	53	42	211	29.296875	F3	53	127	
213	24.792708	C5	72	72	213	29.557292	C5	72	127	
214	25.009375	G3	55	52	215	29.817708	G3	55	127	
215	25.009375	B4	71	72	216	29.817708	B4	71	127	
216	25.028125	G4	67	57	214	29.817708	G4	67	127	
217	25.476042	G#3	56	79	217	30.339844	G#3	56	127	
218	25.528125	D5	74	71	218	30.339844	D5	74	127	
219	25.654167	C5	72	61	219	30.427083	C5	72	127	
220	25.738542	D5	74	66	220	30.514323	D5	74	127	
221	25.814583	C5	72	71	221	30.601562	C5	72	127	
222	25.881250	D5	74	75	222	30.688802	D5	74	127	
223	25.941667	F4	65	61	224	30.863281	F4	65	127	
224	25.962500	C5	72	75	226	30.950521	C5	72	127	
225	26.016667	D5	74	72	227	31.037760	D5	74	127	
226	26.117708	C5	72	80	228	31.125000	C5	72	127	
227	26.201042	B4	71	76	229	31.212240	B4	71	127	
228	26.276042	C5	72	75	230	31.299479	C5	72	127	
229	26.430208	G2	43	46	231	31.386719	G2	43	127	
230	26.453125	D5	74	79	232	31.386719	D5	74	127	
231	26.785417	G4	67	51	233	31.647135	G4	67	127	
232	26.863542	G5	79	54	234	31.777344	G5	79	127	
233	26.918750	G4	67	64	236	31.907552	G4	67	127	
234	26.935417	G3	55	40	235	31.907552	G3	55	127	
235	27.151042	G5	79	61	237	32.167969	G5	79	127	
236	27.356250	F3	53	45	238	32.428385	F3	53	127	
237	27.359375	G4	67	61	239	32.428385	G4	67	127	
238	27.555208	G5	79	54	240	32.688802	G5	79	127	
239	27.761458	C6	84	72	242	32.949219	C6	84	127	
240	27.770833	Eb3	51	36	241	32.949219	Eb3	51	127	
241	27.772917	C5	72	58	243	32.949219	C5	72	127	
242	28.025000	G4	67	59	244	33.209635	G4	67	127	
243	28.104167	G5	79	61	245	33.339844	G5	79	127	
244	28.177083	G4	67	71	247	33.470052	G4	67	127	
245	28.194792	D3	50	50	246	33.470052	D3	50	127	
246	28.414583	G5	79	67	248	33.730469	G5	79	127	
247	28.627083	C3	48	55	249	33.990885	C3	48	127	
248	28.634375	G4	67	65	250	33.990885	G4	67	127	
249	28.834375	G5	79	74	251	34.251302	G5	79	127	
250	29.072917	G2	43	72	252	34.511719	G2	43	127	
251	29.080208	D5	74	81	254	34.511719	D5	74	127	
252	29.093750	D4	62	57	253	34.511719	D4	62	127	
253	29.361458	G4	67	55	255	34.772135	G4	67	127	
254	29.418750	G5	79	69	256	34.902344	G5	79	127	
255	29.507292	G4	67	76	258	35.032552	G4	67	127	
256	29.530208	G3	55	79	257	35.032552	G3	55	127	
257	29.742708	G5	79	79	259	35.292969	G5	79	127	
258	29.937500	F3	53	82	260	35.553385	F3	53	127	
259	29.954167	G4	67	78	261	35.553385	G4	67	127	
260	30.163542	G5	79	84	262	35.813802	G5	79	127	
261	30.378125	C6	84	91	264	36.074219	C6	84	127	
262	30.386458	Eb3	51	73	263	36.074219	Eb3	51	127	
263	30.391667	C5	72	76	265	36.074219	C5	72	127	
264	30.650000	G4	67	76	266	36.334635	G4	67	127	
265	30.712500	G5	79	77	267	36.464844	G5	79	127	
266	30.792708	G4	67	80	269	36.595052	G4	67	127	
267	30.794792	D3	50	73	268	36.595052	D3	50	127	
268	31.021875	G5	79	76	270	36.855469	G5	79	127	
269	31.236458	G4	67	77	272	37.115885	G4	67	127	
270	31.238542	C3	48	60	271	37.115885	C3	48	127	
271	31.445833	G5	79	73	273	37.376302	G5	79	127	
272	31.694792	D5	74	83	274	37.636719	D5	74	127	
273	31.709375	D4	62	70	275	37.636719	D4	62	127	
274	31.828125	D4	62	45	*	-1	*	-1	-1	
275	31.943750	G2	43	65	276	37.897135	G2	43	127	
276	32.028125	G3	55	66	277	38.027344	G3	55	127	
277	32.121875	G2	43	70	278	38.157552	G2	43	127	
278	32.347917	G3	55	64	279	38.417969	G3	55	127	
279	32.565625	G2	43	54	280	38.678385	G2	43	127	
280	32.778125	G3	55	56	281	38.938802	G3	55	127	
281	32.782292	D5	74	62	283	38.938802	D5	74	127	
282	32.790625	B4	71	58	282	38.938802	B4	71	127	
283	32.986458	Eb5	75	65	286	39.199219	Eb5	75	127	
284	32.995833	C4	60	48	285	39.199219	C4	60	127	
285	33.000000	C5	72	48	287	39.199219	C5	72	127	
286	33.002083	C3	48	48	284	39.199219	C3	48	127	
287	33.231250	D5	74	66	289	39.459635	D5	74	127	
288	33.237500	G2	43	48	288	39.459635	G2	43	127	
289	33.238542	B4	71	63	290	39.459635	B4	71	127	
290	33.309375	G3	55	52	291	39.589844	G3	55	127	
291	33.395833	G2	43	60	292	39.720052	G2	43	127	
292	33.630208	G3	55	66	293	39.980469	G3	55	127	
293	33.836458	G2	43	62	294	40.240885	G2	43	127	
294	34.062500	Eb5	75	76	297	40.501302	Eb5	75	127	
295	34.063542	G3	55	55	295	40.501302	G3	55	127	
296	34.071875	C5	72	71	296	40.501302	C5	72	127	
297	34.263542	D5	74	72	300	40.761719	D5	74	127	
298	34.264583	F5	77	74	301	40.761719	F5	77	127	
299	34.275000	D2	38	59	298	40.761719	D2	38	127	
300	34.279167	D3	50	53	299	40.761719	D3	50	127	
301	34.494792	G2	43	61	302	41.022135	G2	43	127	
302	34.497917	Eb5	75	71	303	41.022135	Eb5	75	127	
303	34.500000	C5	72	71	304	41.022135	C5	72	127	
304	34.570833	G3	55	70	305	41.152344	G3	55	127	
305	34.657292	G2	43	77	306	41.282552	G2	43	127	
306	34.895833	G3	55	79	307	41.542969	G3	55	127	
307	35.117708	G2	43	86	308	41.803385	G2	43	127	
308	35.326042	D5	74	89	310	42.063802	D5	74	127	
309	35.327083	G3	55	68	309	42.063802	G3	55	127	
310	35.333333	B4	71	80	311	42.063802	B4	71	127	
311	35.533333	Eb5	75	87	315	42.324219	Eb5	75	127	
312	35.535417	C5	72	78	314	42.324219	C5	72	127	
313	35.536458	C4	60	70	313	42.324219	C4	60	127	
314	35.542708	C3	48	66	312	42.324219	C3	48	127	
315	35.762500	D5	74	81	318	42.584635	D5	74	127	
316	35.767708	G2	43	67	316	42.584635	G2	43	127	
317	35.767708	B4	71	74	317	42.584635	B4	71	127	
318	35.853125	G3	55	76	319	42.714844	G3	55	127	
319	35.930208	G2	43	86	320	42.845052	G2	43	127	
320	36.177083	G3	55	82	321	43.105469	G3	55	127	
321	36.381250	G2	43	91	322	43.365885	G2	43	127	
322	36.591667	Eb5	75	87	324	43.626302	Eb5	75	127	
323	36.595833	C5	72	87	325	43.626302	C5	72	127	
324	36.603125	G3	55	68	323	43.626302	G3	55	127	
325	36.794792	D5	74	88	329	43.886719	D5	74	127	
326	36.795833	F5	77	84	328	43.886719	F5	77	127	
327	36.809375	D2	38	70	326	43.886719	D2	38	127	
328	36.814583	D3	50	68	327	43.886719	D3	50	127	
329	37.019792	C5	72	81	332	44.147135	C5	72	127	
330	37.020833	G2	43	67	330	44.147135	G2	43	127	
331	37.020833	Eb5	75	81	331	44.147135	Eb5	75	127	
332	37.110417	G3	55	74	333	44.277344	G3	55	127	
333	37.200000	G2	43	82	334	44.407552	G2	43	127	
334	37.430208	G3	55	80	335	44.667969	G3	55	127	
335	37.632292	G2	43	82	336	44.928385	G2	43	127	
336	37.850000	D5	74	81	339	45.188802	D5	74	127	
337	37.862500	G3	55	64	337	45.188802	G3	55	127	
338	37.872917	B4	71	66	338	45.188802	B4	71	127	
339	38.121875	G#4	68	80	340	45.449219	G#4	68	127	
340	38.152083	G#3	56	52	341	45.449219	G#3	56	127	
341	38.253125	D5	74	71	342	45.579427	D5	74	127	
342	38.345833	C5	72	73	343	45.709635	C5	72	127	
343	38.444792	B4	71	68	344	45.839844	B4	71	127	
344	38.542708	C5	72	75	345	45.970052	C5	72	127	
345	38.651042	G4	67	67	346	46.100260	G4	67	127	
346	38.746875	F4	65	71	347	46.230469	F4	65	127	
347	38.843750	Eb4	63	72	348	46.360677	Eb4	63	127	
348	38.945833	F5	77	87	350	46.490885	F5	77	127	
349	38.956250	D4	62	74	349	46.490885	D4	62	127	
350	39.064583	C4	60	76	351	46.621094	C4	60	127	
351	39.164583	B3	59	73	352	46.751302	B3	59	127	
352	39.260417	A3	57	78	353	46.881510	A3	57	127	
353	39.393750	G3	55	85	355	47.011719	G3	55	127	
354	39.406250	G2	43	80	354	47.011719	G2	43	127	
355	39.479167	F5	77	81	356	47.141927	F5	77	127	
356	39.582292	Eb5	75	83	357	47.272135	Eb5	75	127	
357	39.683333	D5	74	86	358	47.402344	D5	74	127	
358	39.790625	G5	79	88	359	47.532552	G5	79	127	
359	39.889583	F3	53	72	360	47.662760	F3	53	127	
360	39.989583	Eb3	51	79	361	47.792969	Eb3	51	127	
361	40.118750	D3	50	72	362	47.923177	D3	50	127	
362	40.258333	C6	84	91	364	48.053385	C6	84	127	
363	40.264583	C3	48	71	363	48.053385	C3	48	127	
364	40.367708	Bb2	46	70	365	48.183594	Bb2	46	127	
365	40.462500	G#2	44	67	366	48.313802	G#2	44	127	
366	40.569792	G2	43	65	367	48.444010	G2	43	127	
367	40.689583	F3	53	65	369	48.574219	F3	53	127	
368	40.690625	F2	41	65	368	48.574219	F2	41	127	
369	40.817708	G#5	80	65	370	48.704427	G#5	80	127	
370	40.918750	G5	79	66	371	48.834635	G5	79	127	
371	41.012500	F5	77	67	372	48.964844	F5	77	127	
372	41.123958	Eb5	75	77	374	49.095052	Eb5	75	127	
373	41.133333	G3	55	57	373	49.095052	G3	55	127	
374	41.228125	F5	77	71	375	49.225260	F5	77	127	
375	41.321875	G5	79	69	376	49.355469	G5	79	127	
376	41.438542	C5	72	57	377	49.485677	C5	72	127	
377	41.518750	D5	74	71	379	49.615885	D5	74	127	
378	41.521875	G2	43	58	378	49.615885	G2	43	127	
379	41.614583	Eb5	75	68	380	49.746094	Eb5	75	127	
380	41.718750	F5	77	67	381	49.876302	F5	77	127	
381	41.821875	B4	71	66	382	50.006510	B4	71	127	
382	41.978125	G#4	68	88	384	50.136719	G#4	68	127	
383	41.990625	G#3	56	72	383	50.136719	G#3	56	127	
384	42.128125	D5	74	74	385	50.266927	D5	74	127	
385	42.226042	C5	72	78	386	50.397135	C5	72	127	
386	42.323958	B4	71	80	387	50.527344	B4	71	127	
387	42.427083	C5	72	85	388	50.657552	C5	72	127	
388	42.526042	G4	67	71	389	50.787760	G4	67	127	
389	42.615625	F4	65	76	390	50.917969	F4	65	127	
390	42.719792	Eb4	63	80	391	51.048177	Eb4	63	127	
391	42.839583	D4	62	77	392	51.178385	D4	62	127	
392	42.839583	F5	77	91	393	51.178385	F5	77	127	
393	42.943750	C4	60	77	394	51.308594	C4	60	127	
394	43.036458	B3	59	72	395	51.438802	B3	59	127	
395	43.157292	A3	57	79	396	51.569010	A3	57	127	
396	43.285417	G3	55	82	397	51.699219	G3	55	127	
397	43.308333	G2	43	75	*	-1	*	-1	-1	
398	43.412500	F5	77	84	398	51.829427	F5	77	127	
399	43.514583	Eb5	75	84	399	51.959635	Eb5	75	127	
400	43.608333	D5	74	84	400	52.089844	D5	74	127	
401	43.711458	G5	79	89	401	52.220052	Eb5	75	127	
402	43.805208	F3	53	73	402	52.350260	F3	53	127	
403	43.903125	Eb3	51	74	403	52.480469	Eb3	51	127	
404	44.013542	D3	50	73	404	52.610677	D3	50	127	
405	44.169792	C6	84	86	406	52.740885	C6	84	127	
406	44.178125	C3	48	65	405	52.740885	C3	48	127	
407	44.284375	Bb2	46	68	407	52.871094	Bb2	46	127	
408	44.376042	G#2	44	65	408	53.001302	G#2	44	127	
409	44.486458	G2	43	64	409	53.131510	G2	43	127	
410	44.605208	F2	41	64	410	53.261719	F2	41	127	
411	44.612500	F3	53	67	411	53.261719	F3	53	127	
412	44.735417	G#5	80	75	412	53.391927	G#5	80	127	
413	44.835417	G5	79	77	413	53.522135	G5	79	127	
414	44.938542	F5	77	74	414	53.652344	F5	77	127	
415	45.033333	G3	55	59	415	53.782552	G3	55	127	
416	45.042708	Eb5	75	78	416	53.782552	Eb5	75	127	
417	45.164583	F5	77	75	417	53.912760	F5	77	127	
418	45.266667	G5	79	70	418	54.042969	G5	79	127	
419	45.369792	C5	72	62	419	54.173177	C5	72	127	
420	45.461458	D5	74	75	421	54.303385	D5	74	127	
421	45.464583	G2	43	53	420	54.303385	G2	43	127	
422	45.572917	Eb5	75	67	422	54.433594	Eb5	75	127	
423	45.686458	F5	77	60	423	54.563802	F5	77	127	
424	45.792708	B4	71	55	424	54.694010	B4	71	127	
425	45.878125	C3	48	51	425	54.824219	C3	48	127	
426	45.878125	C5	72	77	426	54.824219	C5	72	127	
427	45.987500	D5	74	72	427	54.954427	D5	74	127	
428	46.104167	Eb5	75	71	428	55.084635	Eb5	75	127	
429	46.204167	G4	67	66	429	55.214844	G4	67	127	
430	46.289583	G#4	68	83	431	55.345052	G#4	68	127	
431	46.293750	F2	41	61	430	55.345052	F2	41	127	
432	46.404167	B4	71	76	432	55.475260	B4	71	127	
433	46.507292	C5	72	76	433	55.605469	C5	72	127	
434	46.607292	D4	62	64	434	55.735677	D4	62	127	
435	46.696875	Eb4	63	82	436	55.865885	Eb4	63	127	
436	46.710417	G2	43	57	435	55.865885	G2	43	127	
437	46.800000	F4	65	76	437	55.996094	F4	65	127	
438	46.902083	G4	67	80	438	56.126302	G4	67	127	
439	47.007292	B3	59	77	439	56.256510	B3	59	127	
440	47.211458	C2	36	41	440	56.386719	C2	36	127	
441	47.219792	C3	48	37	441	56.386719	C3	48	127	
442	47.257292	B3	59	77	442	56.386719	B3	59	127	
443	47.806250	C4	60	51	443	56.908854	C4	60	127	
444	48.962500	C3	48	84	444	57.951823	C3	48	127	
445	49.247917	E4	64	72	445	58.212240	E4	64	127	
446	49.315625	E5	76	70	447	58.342448	E5	76	127	
447	49.332292	C5	72	65	446	58.342448	C5	72	127	
448	49.410417	E4	64	75	449	58.472656	E4	64	127	
449	49.416667	C4	60	82	448	58.472656	C4	60	127	
450	49.653125	E5	76	76	450	58.733073	E5	76	127	
451	49.654167	C5	72	76	451	58.733073	C5	72	127	
452	49.864583	Bb3	58	82	452	58.993490	Bb3	58	127	
453	49.881250	E4	64	75	453	58.993490	E4	64	127	
454	50.105208	E5	76	69	455	59.253906	E5	76	127	
455	50.109375	C5	72	69	454	59.253906	C5	72	127	
456	50.305208	G#3	56	80	456	59.514323	G#3	56	127	
457	50.550000	F4	65	66	457	59.774740	F4	65	127	
458	50.639583	F5	77	63	459	59.904948	F5	77	127	
459	50.646875	C#5	73	56	458	59.904948	C#5	73	127	
460	50.734375	G3	55	70	460	60.035156	G3	55	127	
461	50.738542	F4	65	69	461	60.035156	F4	65	127	
462	50.987500	F5	77	59	463	60.295573	F5	77	127	
463	50.992708	C#5	73	59	462	60.295573	C#5	73	127	
464	51.173958	F3	53	61	464	60.555990	F3	53	127	
465	51.208333	F4	65	64	465	60.555990	F4	65	127	
466	51.412500	F5	77	61	467	60.816406	F5	77	127	
467	51.422917	C#5	73	60	466	60.816406	C#5	73	127	
468	51.610417	Eb2	39	57	468	61.076823	Eb2	39	127	
469	51.888542	G4	67	56	469	61.337240	G4	67	127	
470	51.970833	G5	79	46	471	61.467448	G5	79	127	
471	51.972917	Eb5	75	50	470	61.467448	Eb5	75	127	
472	52.053125	G4	67	62	473	61.597656	G4	67	127	
473	52.054167	Eb3	51	51	472	61.597656	Eb3	51	127	
474	52.283333	G5	79	60	474	61.858073	G5	79	127	
475	52.301042	Eb5	75	41	475	61.858073	Eb5	75	127	
476	52.503125	Eb2	39	27	476	62.118490	Eb2	39	127	
477	52.503125	G4	67	58	477	62.118490	G4	67	127	
478	52.732292	G5	79	47	479	62.378906	G5	79	127	
479	52.743750	Eb5	75	43	478	62.378906	Eb5	75	127	
480	53.089583	C6	84	59	480	62.639323	C6	84	127	
481	53.109375	C5	72	46	482	62.639323	C5	72	127	
482	53.112500	G#5	80	43	481	62.639323	G#5	80	127	
483	53.343750	G#3	56	45	483	62.901042	G#3	56	127	
484	53.426042	G#4	68	48	484	63.031250	G#4	68	127	
485	53.496875	G#3	56	62	485	63.161458	G#3	56	127	
486	53.729167	G#4	68	54	486	63.421875	G#4	68	127	
487	53.936458	G#3	56	57	487	63.682292	G#3	56	127	
488	54.135417	C6	84	70	489	63.942708	C6	84	127	
489	54.140625	G#4	68	53	488	63.942708	G#4	68	127	
490	54.145833	G#5	80	62	490	63.942708	G#5	80	127	
491	54.361458	C#6	85	70	494	64.203125	C#6	85	127	
492	54.370833	Bb5	82	60	493	64.203125	Bb5	82	127	
493	54.376042	C#5	73	44	492	64.203125	C#5	73	127	
494	54.377083	C#4	61	47	491	64.203125	C#4	61	127	
495	54.586458	G#3	56	47	495	64.463542	G#3	56	127	
496	54.593750	G#5	80	60	496	64.463542	G#5	80	127	
497	54.593750	C6	84	61	497	64.463542	C6	84	127	
498	54.670833	G#4	68	57	498	64.593750	G#4	68	127	
499	54.747917	G#3	56	62	499	64.723958	G#3	56	127	
500	54.992708	G#4	68	56	500	64.984375	G#4	68	127	
501	55.182292	G#3	56	62	501	65.244792	G#3	56	127	
502	55.397917	C6	84	69	503	65.505208	C6	84	127	
503	55.402083	G#4	68	47	502	65.505208	G#4	68	127	
504	55.410417	Eb5	75	60	504	65.505208	Eb5	75	127	
505	55.612500	Bb5	82	64	507	65.765625	Bb5	82	127	
506	55.614583	C#5	73	59	508	65.765625	C#5	73	127	
507	55.617708	Eb3	51	48	506	65.765625	Eb3	51	127	
508	55.623958	Eb4	63	44	505	65.765625	Eb4	63	127	
509	55.846875	G#5	80	60	510	66.026042	G#5	80	127	
510	55.848958	G#3	56	46	509	66.026042	G#3	56	127	
511	55.853125	C5	72	61	511	66.026042	C5	72	127	
512	55.927083	G#4	68	61	512	66.156250	G#4	68	127	
513	56.007292	G#3	56	64	513	66.286458	G#3	56	127	
514	56.248958	G#4	68	63	514	66.546875	G#4	68	127	
515	56.426042	G#3	56	78	515	66.807292	G#3	56	127	
516	56.629167	C6	84	87	518	67.067708	C6	84	127	
517	56.634375	G#4	68	61	516	67.067708	G#4	68	127	
518	56.638542	G#5	80	79	517	67.067708	G#5	80	127	
519	56.871875	C#4	61	55	519	67.328125	C#4	61	127	
520	56.873958	C#6	85	80	521	67.328125	C#6	85	127	
521	56.880208	C#5	73	42	520	67.328125	C#5	73	127	
522	56.883333	Bb5	82	72	522	67.328125	Bb5	82	127	
523	57.075000	G#3	56	54	523	67.588542	G#3	56	127	
524	57.087500	G#5	80	71	525	67.588542	G#5	80	127	
525	57.089583	C6	84	73	524	67.588542	C6	84	127	
526	57.162500	G#4	68	55	526	67.718750	G#4	68	127	
527	57.261458	G#3	56	59	527	67.848958	G#3	56	127	
528	57.489583	G#4	68	62	528	68.109375	G#4	68	127	
529	57.679167	G#3	56	63	529	68.369792	G#3	56	127	
530	57.915625	C6	84	79	531	68.630208	C6	84	127	
531	57.918750	G#4	68	43	530	68.630208	G#4	68	127	
532	57.927083	Eb5	75	63	532	68.630208	G#5	80	127	
533	58.163542	Eb3	51	46	533	68.890625	Eb3	51	127	
534	58.281250	Bb5	82	77	534	68.890625	Bb5	82	127	
535	58.405208	B5	83	74	535	69.020833	B5	83	127	
536	58.497917	Bb5	82	78	536	69.151042	Bb5	82	127	
537	58.579167	G#5	80	82	537	69.281250	G#5	80	127	
538	58.660417	F#5	78	78	539	69.411458	F#5	78	127	
539	58.667708	Eb4	63	70	538	69.411458	Eb4	63	127	
540	58.753125	F5	77	79	540	69.541667	F5	77	127	
541	58.862500	Eb5	75	81	541	69.671875	Eb5	75	127	
542	58.956250	C#5	73	78	542	69.802083	C#5	73	127	
543	59.046875	F#4	66	87	543	69.932292	F#4	66	127	
544	59.047917	C5	72	70	544	69.932292	C5	72	127	
545	59.151042	Bb4	70	75	545	70.062500	Bb4	70	127	
546	59.244792	A4	69	74	546	70.192708	A4	69	127	
547	59.322917	Bb4	70	84	547	70.322917	Bb4	70	127	
548	59.427083	Bb4	70	85	548	70.453125	A4	69	127	
549	59.538542	F4	65	69	549	70.583333	F4	65	127	
550	59.626042	Eb4	63	70	550	70.713542	Eb4	63	127	
551	59.717708	C#4	61	73	551	70.843750	C#4	61	127	
552	59.837500	C4	60	76	552	70.973958	C4	60	127	
553	59.922917	Bb3	58	74	553	71.104167	Bb3	58	127	
554	60.011458	A3	57	70	554	71.234375	A3	57	127	
555	60.112500	F#3	54	67	555	71.364583	F#3	54	127	
556	60.192708	A4	69	61	*	-1	*	-1	-1	
557	60.227083	F3	53	61	556	71.494792	F3	53	127	
558	60.326042	Eb3	51	55	557	71.625000	Eb3	51	127	
559	60.411458	C#3	49	55	558	71.755208	C#3	49	127	
560	60.519792	C3	48	53	559	71.885417	C3	48	127	
561	60.642708	Bb2	46	47	560	72.015625	Bb2	46	127	
562	60.938542	C#4	61	53	561	72.276042	C#4	61	127	
563	61.011458	C#5	73	58	563	72.406250	C#5	73	127	
564	61.017708	Bb4	70	46	562	72.406250	Bb4	70	127	
565	61.092708	C#4	61	59	565	72.536458	C#4	61	127	
566	61.096875	Bb3	58	47	564	72.536458	Bb3	58	127	
567	61.316667	C#5	73	57	567	72.796875	C#5	73	127	
568	61.320833	Bb4	70	55	566	72.796875	Bb4	70	127	
569	61.513542	G#3	56	41	568	73.057292	G#3	56	127	
570	61.534375	C#4	61	53	569	73.057292	C#4	61	127	
571	61.736458	D5	74	57	570	73.317708	D5	74	127	
572	61.737500	Bb4	70	58	571	73.317708	Bb4	70	127	
573	61.968750	F#3	54	52	572	73.578125	F#3	54	127	
574	62.203125	Eb4	63	58	573	73.838542	Eb4	63	127	
575	62.278125	Eb5	75	60	574	73.968750	Eb5	75	127	
576	62.285417	C5	72	54	575	73.968750	C5	72	127	
577	62.367708	G#3	56	46	576	74.098958	G#3	56	127	
578	62.367708	Eb4	63	59	577	74.098958	Eb4	63	127	
579	62.585417	Eb5	75	65	578	74.359375	Eb5	75	127	
580	62.611458	C5	72	41	579	74.359375	C5	72	127	
581	62.796875	G#2	44	66	580	74.619792	G#2	44	127	
582	62.818750	Eb4	63	64	581	74.619792	Eb4	63	127	
583	63.012500	E5	76	72	583	74.880208	E5	76	127	
584	63.026042	C5	72	56	582	74.880208	C5	72	127	
585	63.239583	C#3	49	60	584	75.140625	C#3	49	127	
586	63.514583	F4	65	64	585	75.401042	F4	65	127	
587	63.580208	C#5	73	53	586	75.531250	C#5	73	127	
588	63.582292	F5	77	61	587	75.531250	F5	77	127	
589	63.655208	F4	65	68	589	75.661458	F4	65	127	
590	63.669792	C#4	61	58	588	75.661458	C#4	61	127	
591	63.887500	F5	77	71	590	75.921875	F5	77	127	
592	63.889583	C#5	73	70	591	75.921875	C#5	73	127	
593	64.093750	C4	60	69	592	76.182292	C4	60	127	
594	64.110417	F4	65	72	593	76.182292	F4	65	127	
595	64.306250	F5	77	76	595	76.442708	F5	77	127	
596	64.315625	C#5	73	73	594	76.442708	C#5	73	127	
597	64.515625	Bb3	58	77	596	76.703125	Bb3	58	127	
598	64.795833	G4	67	64	597	76.963542	G4	67	127	
599	64.864583	G5	79	70	599	77.093750	G5	79	127	
600	64.866667	E5	76	63	598	77.093750	E5	76	127	
601	64.943750	G4	67	78	601	77.223958	G4	67	127	
602	64.958333	C4	60	68	600	77.223958	C4	60	127	
603	65.166667	G5	79	80	603	77.484375	G5	79	127	
604	65.176042	E5	76	74	602	77.484375	E5	76	127	
605	65.368750	C3	48	78	604	77.744792	C3	48	127	
606	65.387500	G4	67	83	605	77.744792	G4	67	127	
607	65.594792	G5	79	83	606	78.005208	G5	79	127	
608	65.600000	E5	76	77	607	78.005208	E5	76	127	
609	65.814583	F3	53	84	608	78.265625	F3	53	127	
610	66.082292	G#4	68	72	609	78.526042	G#4	68	127	
611	66.144792	G#5	80	75	610	78.656250	G#5	80	127	
612	66.158333	F5	77	54	611	78.656250	F5	77	127	
613	66.237500	G#4	68	82	613	78.786458	G#4	68	127	
614	66.239583	F4	65	79	612	78.786458	F4	65	127	
615	66.453125	G#5	80	80	614	79.046875	G#5	80	127	
616	66.457292	F5	77	77	615	79.046875	F5	77	127	
617	66.652083	Eb4	63	80	616	79.307292	Eb4	63	127	
618	66.661458	G#4	68	80	617	79.307292	G#4	68	127	
619	66.876042	A5	81	82	619	79.567708	A5	81	127	
620	66.880208	F5	77	77	618	79.567708	F5	77	127	
621	67.104167	C#4	61	83	620	79.828125	C#4	61	127	
622	67.355208	Bb4	70	77	621	80.088542	Bb4	70	127	
623	67.423958	G5	79	66	623	80.218750	G5	79	127	
624	67.435417	Bb5	82	74	622	80.218750	Bb5	82	127	
625	67.514583	Bb4	70	82	625	80.348958	Bb4	70	127	
626	67.521875	Eb4	63	76	624	80.348958	Eb4	63	127	
627	67.735417	Bb5	82	85	626	80.609375	Bb5	82	127	
628	67.752083	G5	79	73	627	80.609375	G5	79	127	
629	67.944792	Bb4	70	87	629	80.869792	Bb4	70	127	
630	67.953125	Eb3	51	71	628	80.869792	Eb3	51	127	
631	68.163542	B5	83	84	631	81.130208	B5	83	127	
632	68.175000	G5	79	77	630	81.130208	G5	79	127	
633	68.372917	C5	72	88	633	81.390625	C5	72	127	
634	68.378125	G#3	56	64	632	81.390625	G#3	56	127	
635	68.691667	C6	84	91	634	81.651042	C6	84	127	
636	68.965625	F4	65	66	635	81.911458	F4	65	127	
637	69.193750	Bb5	82	68	636	82.171875	Bb5	82	127	
638	69.267708	G#5	80	75	637	82.302083	G#5	80	127	
639	69.351042	G5	79	82	639	82.432292	G5	79	127	
640	69.363542	Bb3	58	49	638	82.432292	Bb3	58	127	
641	69.559375	F5	77	80	640	82.692708	F5	77	127	
642	69.769792	C4	60	51	642	82.953125	C4	60	127	
643	69.780208	E5	76	82	643	82.953125	E5	76	127	
644	69.815625	C5	72	64	641	82.953125	C5	72	127	
645	70.233333	C#4	61	79	644	83.475260	C#4	61	127	
646	70.314583	G5	79	64	647	83.649740	G5	79	127	
647	70.437500	F5	77	55	648	83.736979	F5	77	127	
648	70.514583	G5	79	67	649	83.824219	G5	79	127	
649	70.588542	F5	77	75	650	83.911458	F5	77	127	
650	70.661458	G5	79	70	652	83.998698	G5	79	127	
651	70.696875	Bb4	70	58	651	83.998698	Bb4	70	127	
652	70.751042	F5	77	72	653	84.085938	F5	77	127	
653	70.819792	G5	79	62	654	84.173177	G5	79	127	
654	70.910417	F5	77	80	655	84.260417	F5	77	127	
655	70.992708	E5	76	80	656	84.347656	E5	76	127	
656	71.083333	F5	77	77	657	84.434896	F5	77	127	
657	71.236458	C2	36	42	658	84.522135	C2	36	127	
658	71.298958	G5	79	76	659	84.522135	G5	79	127	
659	71.675000	C4	60	51	660	84.782552	C4	60	127	
660	71.763542	C5	72	35	661	84.912760	C5	72	127	
661	71.833333	C4	60	62	663	85.042969	C4	60	127	
662	71.846875	C3	48	45	662	85.042969	C3	48	127	
663	72.063542	C5	72	49	664	85.303385	C5	72	127	
664	72.253125	Bb2	46	42	665	85.563802	Bb2	46	127	
665	72.256250	C4	60	53	666	85.563802	C4	60	127	
666	72.451042	C5	72	58	667	85.824219	C5	72	127	
667	72.661458	G#2	44	40	668	86.084635	G#2	44	127	
668	72.662500	F5	77	65	670	86.084635	F5	77	127	
669	72.682292	F4	65	38	669	86.084635	F4	65	127	
670	72.944792	C4	60	52	671	86.345052	C4	60	127	
671	72.998958	C5	72	66	672	86.475260	C5	72	127	
672	73.086458	C4	60	62	674	86.605469	C4	60	127	
673	73.088542	G2	43	50	673	86.605469	G2	43	127	
674	73.298958	C5	72	68	675	86.865885	C5	72	127	
675	73.481250	F2	41	49	676	87.126302	F2	41	127	
676	73.500000	C4	60	58	677	87.126302	C4	60	127	
677	73.683333	C5	72	62	678	87.386719	C5	72	127	
678	73.916667	G5	79	70	680	87.647135	G5	79	127	
679	73.927083	G4	67	60	681	87.647135	G4	67	127	
680	73.934375	E2	40	34	679	87.647135	E2	40	127	
681	74.191667	C4	60	63	682	87.907552	C4	60	127	
682	74.248958	C5	72	67	683	88.037760	C5	72	127	
683	74.322917	C4	60	75	685	88.167969	C4	60	127	
684	74.343750	D2	38	54	684	88.167969	D2	38	127	
685	74.543750	C5	72	76	686	88.428385	C5	72	127	
686	74.739583	C2	36	68	687	88.688802	C2	36	127	
687	74.743750	C4	60	81	688	88.688802	C4	60	127	
688	74.951042	C5	72	89	689	88.949219	C5	72	127	
689	75.179167	F2	41	51	690	89.209635	F2	41	127	
690	75.208333	G#5	80	90	692	89.209635	G#5	80	127	
691	75.230208	G#4	68	73	691	89.209635	G#4	68	127	
692	75.477083	C4	60	75	693	89.470052	C4	60	127	
693	75.543750	C5	72	80	694	89.600260	C5	72	127	
694	75.622917	C3	48	74	695	89.730469	C3	48	127	
695	75.625000	C4	60	85	696	89.730469	C4	60	127	
696	75.856250	C5	72	86	697	89.990885	C5	72	127	
697	76.046875	F3	53	73	698	90.251302	F3	53	127	
698	76.046875	C4	60	86	699	90.251302	C4	60	127	
699	76.241667	C5	72	90	700	90.511719	C5	72	127	
700	76.465625	G2	43	56	701	90.772135	G2	43	127	
701	76.486458	Bb5	82	97	702	90.772135	Bb5	82	127	
702	76.506250	Bb4	70	74	703	90.772135	Bb4	70	127	
703	76.760417	C4	60	74	704	91.032552	C4	60	127	
704	76.830208	C5	72	77	705	91.162760	C5	72	127	
705	76.912500	C4	60	82	707	91.292969	C4	60	127	
706	76.913542	Bb2	46	77	706	91.292969	Bb2	46	127	
707	77.132292	C5	72	87	708	91.553385	C5	72	127	
708	77.326042	E3	52	74	709	91.813802	E3	52	127	
709	77.330208	C4	60	87	710	91.813802	C4	60	127	
710	77.515625	C5	72	91	711	92.074219	C5	72	127	
711	77.762500	G#2	44	56	712	92.334635	G#2	44	127	
712	77.861458	C6	84	90	713	92.334635	C6	84	127	
713	77.982292	Bb5	82	85	714	92.464844	Bb5	82	127	
714	78.082292	G#5	80	80	715	92.595052	G#5	80	127	
715	78.156250	G5	79	77	716	92.725260	G5	79	127	
716	78.242708	Bb2	46	80	717	92.855469	Bb2	46	127	
717	78.247917	F5	77	75	718	92.855469	F5	77	127	
718	78.343750	Eb5	75	79	719	92.985677	Eb5	75	127	
719	78.436458	C#5	73	79	720	93.115885	C#5	73	127	
720	78.520833	C5	72	75	721	93.246094	C5	72	127	
721	78.625000	Bb4	70	79	723	93.376302	Bb4	70	127	
722	78.627083	C#3	49	76	722	93.376302	C#3	49	127	
723	78.709375	G#4	68	78	724	93.506510	G#4	68	127	
724	78.816667	G4	67	78	725	93.636719	G4	67	127	
725	78.904167	F4	65	79	*	-1	*	-1	-1	
726	79.014583	F4	65	81	726	93.766927	F4	65	127	
727	79.276042	C2	36	65	728	94.157552	C2	36	127	
728	79.276042	E4	64	73	727	93.897135	E4	64	127	
729	79.353125	C3	48	70	729	94.287760	C3	48	127	
730	79.421875	C2	36	78	730	94.417969	C2	36	127	
731	79.662500	C3	48	67	731	94.678385	C3	48	127	
732	79.873958	C2	36	67	732	94.938802	C2	36	127	
733	80.084375	G5	79	60	735	95.199219	G5	79	127	
734	80.086458	C3	48	56	733	95.199219	C3	48	127	
735	80.093750	E5	76	58	734	95.199219	E5	76	127	
736	80.309375	F3	53	66	736	95.459635	F3	53	127	
737	80.315625	F5	77	62	738	95.459635	F5	77	127	
738	80.317708	G#5	80	69	739	95.459635	G#5	80	127	
739	80.331250	F2	41	49	737	95.459635	F2	41	127	
740	80.555208	C2	36	72	740	95.720052	C2	36	127	
741	80.572917	E5	76	64	742	95.720052	E5	76	127	
742	80.577083	G5	79	51	741	95.720052	G5	79	127	
743	80.662500	C3	48	52	743	95.850260	C3	48	127	
744	80.715625	C2	36	69	744	95.980469	C2	36	127	
745	80.955208	C3	48	67	745	96.240885	C3	48	127	
746	81.128125	C2	36	68	746	96.501302	C2	36	127	
747	81.323958	G#5	80	77	749	96.761719	G#5	80	127	
748	81.331250	C3	48	60	747	96.761719	C3	48	127	
749	81.334375	F5	77	70	748	96.761719	F5	77	127	
750	81.531250	G3	55	59	751	97.022135	G3	55	127	
751	81.534375	G2	43	62	750	97.022135	G2	43	127	
752	81.534375	G5	79	68	752	97.022135	G5	79	127	
753	81.536458	Bb5	82	74	753	97.022135	Bb5	82	127	
754	81.739583	C2	36	56	754	97.282552	C2	36	127	
755	81.747917	G#5	80	72	756	97.282552	G#5	80	127	
756	81.755208	F5	77	67	755	97.282552	F5	77	127	
757	81.835417	C3	48	63	757	97.412760	C3	48	127	
758	81.911458	C2	36	71	758	97.542969	C2	36	127	
759	82.133333	C3	48	75	759	97.803385	C3	48	127	
760	82.321875	C2	36	84	760	98.063802	C2	36	127	
761	82.519792	G5	79	87	762	98.324219	G5	79	127	
762	82.525000	E5	76	80	763	98.324219	E5	76	127	
763	82.535417	C3	48	62	761	98.324219	C3	48	127	
764	82.734375	F5	77	80	766	98.584635	F5	77	127	
765	82.740625	G#5	80	82	767	98.584635	G#5	80	127	
766	82.757292	F2	41	48	764	98.584635	F2	41	127	
767	82.763542	F3	53	39	765	98.584635	F3	53	127	
768	82.960417	C2	36	58	768	98.845052	C2	36	127	
769	82.962500	G5	79	80	769	98.845052	G5	79	127	
770	82.967708	E5	76	73	770	98.845052	E5	76	127	
771	83.029167	C3	48	67	771	98.975260	C3	48	127	
772	83.114583	C2	36	79	772	99.105469	C2	36	127	
773	83.343750	C3	48	80	773	99.365885	C3	48	127	
774	83.532292	C2	36	90	774	99.626302	C2	36	127	
775	83.738542	G#5	80	91	777	99.886719	G#5	80	127	
776	83.744792	F5	77	88	776	99.886719	F5	77	127	
777	83.746875	C3	48	67	775	99.886719	C3	48	127	
778	83.970833	G3	55	63	779	100.147135	G3	55	127	
779	83.973958	G2	43	71	778	100.147135	G2	43	127	
780	83.984375	G5	79	83	781	100.147135	G5	79	127	
781	83.984375	Bb5	82	88	780	100.147135	Bb5	82	127	
782	84.192708	C2	36	69	782	100.407552	C2	36	127	
783	84.193750	G#5	80	79	784	100.407552	G#5	80	127	
784	84.202083	F5	77	77	783	100.407552	F5	77	127	
785	84.262500	C3	48	75	785	100.537760	C3	48	127	
786	84.344792	C2	36	82	786	100.667969	C2	36	127	
787	84.572917	C3	48	79	787	100.928385	C3	48	127	
788	84.759375	C2	36	86	788	101.188802	C2	36	127	
789	84.995833	C3	48	71	789	101.449219	C3	48	127	
790	85.003125	G5	79	88	791	101.449219	G5	79	127	
791	85.009375	E5	76	84	790	101.449219	E5	76	127	
792	85.339583	C#5	73	87	793	101.709635	C#5	73	127	
793	85.362500	C#4	61	70	792	101.709635	C#4	61	127	
794	85.512500	G5	79	73	794	101.839844	G5	79	127	
795	85.613542	F5	77	75	795	101.970052	F5	77	127	
796	85.693750	E5	76	76	796	102.100260	E5	76	127	
797	85.809375	F5	77	85	797	102.230469	F5	77	127	
798	85.907292	C5	72	75	798	102.360677	C5	72	127	
799	85.994792	Bb4	70	77	799	102.490885	Bb4	70	127	
800	86.094792	G#4	68	73	800	102.621094	G#4	68	127	
801	86.197917	Bb5	82	85	802	102.751302	Bb5	82	127	
802	86.209375	G4	67	73	801	102.751302	G4	67	127	
803	86.303125	F4	65	72	803	102.881510	F4	65	127	
804	86.391667	E4	64	71	804	103.011719	E4	64	127	
805	86.479167	D4	62	76	805	103.141927	D4	62	127	
806	86.619792	C4	60	82	807	103.272135	C4	60	127	
807	86.634375	C3	48	79	806	103.272135	C3	48	127	
808	86.740625	Bb5	82	78	808	103.402344	Bb5	82	127	
809	86.843750	G#5	80	84	809	103.532552	G#5	80	127	
810	86.934375	G5	79	79	810	103.662760	G5	79	127	
811	87.059375	C6	84	89	811	103.792969	C6	84	127	
812	87.177083	Bb3	58	71	812	103.923177	Bb3	58	127	
813	87.280208	G#3	56	72	813	104.053385	G#3	56	127	
814	87.378125	G3	55	71	814	104.183594	G3	55	127	
815	87.463542	F3	53	73	815	104.313802	F3	53	127	
816	87.546875	Eb3	51	73	816	104.444010	Eb3	51	127	
817	87.655208	C#3	49	72	817	104.574219	C#3	49	127	
818	87.743750	C3	48	68	818	104.704427	C3	48	127	
819	87.867708	Bb2	46	68	819	104.834635	Bb2	46	127	
820	87.997917	Bb5	82	68	820	104.964844	Bb5	82	127	
821	88.100000	G#5	80	69	821	105.095052	G#5	80	127	
822	88.193750	G5	79	66	822	105.225260	G5	79	127	
823	88.278125	C3	48	60	823	105.355469	C3	48	127	
824	88.291667	G#5	80	74	824	105.355469	G#5	80	127	
825	88.388542	Bb5	82	71	825	105.485677	Bb5	82	127	
826	88.487500	C6	84	77	826	105.615885	C6	84	127	
827	88.580208	F5	77	77	827	105.746094	F5	77	127	
828	88.678125	C2	36	77	828	105.876302	C2	36	127	
829	88.686458	G5	79	80	829	105.876302	G5	79	127	
830	88.800000	G#5	80	82	830	106.006510	G#5	80	127	
831	88.898958	Bb5	82	83	831	106.136719	Bb5	82	127	
832	89.008333	E5	76	83	832	106.266927	E5	76	127	
833	89.253125	C#5	73	97	834	106.397135	C#5	73	127	
834	89.267708	C#4	61	85	833	106.397135	C#4	61	127	
835	89.452083	G5	79	73	835	106.527344	G5	79	127	
836	89.547917	F5	77	82	836	106.657552	F5	77	127	
837	89.643750	E5	76	82	837	106.787760	E5	76	127	
838	89.748958	F5	77	88	838	106.917969	F5	77	127	
839	89.855208	C5	72	71	839	107.048177	C5	72	127	
840	89.946875	Bb4	70	77	840	107.178385	Bb4	70	127	
841	90.040625	G#4	68	76	841	107.308594	G#4	68	127	
842	90.147917	Bb5	82	93	843	107.438802	Bb5	82	127	
843	90.157292	G4	67	77	842	107.438802	G4	67	127	
844	90.252083	F4	65	74	844	107.569010	F4	65	127	
845	90.335417	E4	64	73	845	107.699219	E4	64	127	
846	90.436458	D4	62	74	846	107.829427	D4	62	127	
847	90.558333	C4	60	83	848	107.959635	C4	60	127	
848	90.580208	C3	48	82	847	107.959635	C3	48	127	
849	90.697917	Bb5	82	83	849	108.089844	Bb5	82	127	
850	90.804167	G#5	80	83	850	108.220052	G#5	80	127	
851	90.908333	G5	79	87	851	108.350260	G5	79	127	
852	91.050000	C6	84	93	852	108.480469	C6	84	127	
853	91.175000	Bb3	58	71	853	108.610677	Bb3	58	127	
854	91.278125	G#3	56	71	854	108.740885	G#3	56	127	
855	91.366667	G3	55	72	855	108.871094	G3	55	127	
856	91.456250	F3	53	76	856	109.001302	F3	53	127	
857	91.539583	Eb3	51	71	857	109.131510	Eb3	51	127	
858	91.637500	C#3	49	70	858	109.261719	C#3	49	127	
859	91.738542	C3	48	66	859	109.391927	C3	48	127	
860	91.851042	Bb2	46	73	860	109.522135	Bb2	46	127	
861	91.972917	Bb5	82	68	861	109.652344	Bb5	82	127	
862	92.079167	G#5	80	68	862	109.782552	G#5	80	127	
863	92.178125	G5	79	62	863	109.912760	G5	79	127	
864	92.261458	C3	48	60	864	110.042969	C3	48	127	
865	92.273958	G#5	80	69	865	110.042969	G#5	80	127	
866	92.366667	Bb5	82	69	866	110.173177	Bb5	82	127	
867	92.476042	C6	84	67	867	110.303385	C6	84	127	
868	92.570833	F5	77	60	868	110.433594	F5	77	127	
869	92.660417	G5	79	65	870	110.563802	G5	79	127	
870	92.662500	C2	36	47	869	110.563802	C2	36	127	
871	92.765625	G#5	80	56	871	110.694010	G#5	80	127	
872	92.873958	Bb5	82	59	872	110.824219	Bb5	82	127	
873	92.986458	E5	76	58	873	110.954427	E5	76	127	
874	93.073958	F5	77	70	875	111.084635	F5	77	127	
875	93.079167	F3	53	63	874	111.084635	F3	53	127	
876	93.190625	G5	79	64	876	111.214844	G5	79	127	
877	93.292708	G#5	80	62	877	111.345052	G#5	80	127	
878	93.393750	C5	72	64	878	111.475260	C5	72	127	
879	93.472917	Bb3	58	68	879	111.605469	Bb3	58	127	
880	93.482292	C#5	73	80	880	111.605469	C#5	73	127	
881	93.582292	E5	76	72	881	111.735677	E5	76	127	
882	93.689583	F5	77	75	882	111.865885	F5	77	127	
883	93.772917	G4	67	77	883	111.996094	G4	67	127	
884	93.882292	C4	60	79	884	112.126302	C4	60	127	
885	93.883333	G#4	68	88	885	112.126302	G#4	68	127	
886	93.976042	Bb4	70	83	886	112.256510	Bb4	70	127	
887	94.088542	C5	72	82	887	112.386719	C5	72	127	
888	94.163542	E4	64	84	888	112.516927	E4	64	127	
889	94.266667	F3	53	68	890	112.652344	F3	53	127	
890	94.340625	F4	65	91	889	112.652344	F4	65	127	
891	94.488542	G4	67	80	891	112.789062	G4	67	127	
892	94.589583	G#4	68	83	892	112.925781	G#4	68	127	
893	94.678125	C4	60	76	893	113.062500	C4	60	127	
894	94.767708	Bb2	46	69	895	113.199219	Bb2	46	127	
895	94.772917	C#4	61	88	894	113.199219	C#4	61	127	
896	94.901042	E4	64	79	896	113.334635	E4	64	127	
897	94.995833	F4	65	80	897	113.471354	F4	65	127	
898	95.095833	G3	55	87	898	113.608073	G3	55	127	
899	95.154167	C2	36	58	900	113.744792	C2	36	127	
900	95.264583	G#3	56	91	899	113.744792	G#3	56	127	
901	95.267708	C3	48	81	901	113.744792	C3	48	127	
902	95.464583	Bb3	58	82	902	113.881510	Bb3	58	127	
903	95.612500	C4	60	80	903	114.016927	C4	60	127	
904	95.739583	E3	52	84	904	114.153646	E3	52	127	
905	95.995833	F2	41	61	906	114.308594	F2	41	127	
906	96.019792	E3	52	87	905	114.308594	F3	53	127	
907	97.189583	F3	53	76	*	-1	*	-1	-1	
908	97.337500	E3	52	61	*	-1	*	-1	-1	
909	97.460417	F3	53	60	*	-1	*	-1	-1	
*	-1	*	-1	-1	223	30.776042	C5	72	127	
*	-1	*	-1	-1	225	30.863281	D5	74	127	
*	-1	*	-1	-1	645	83.475260	G5	79	127	
*	-1	*	-1	-1	646	83.562500	F5	77	127	
