// alignID alignOntime alignSitch alignPitch alignOnvel refID refOntime refSitch refPitch refOnvel
0	3.589583	B4	71	64	2	0.000000	B4	71	36	
1	3.609375	B3	59	33	5	0.000000	B3	59	36	
2	3.610417	F#3	54	29	4	0.000000	F#3	54	36	
3	3.611458	D4	62	42	0	0.000000	D4	62	36	
4	3.614583	D3	50	27	3	0.000000	D3	50	36	
5	3.625000	F#4	66	44	1	0.000000	F#4	66	36	
6	5.263542	A4	69	40	6	0.750000	A4	69	36	
7	5.306250	A3	57	13	7	0.750000	A3	57	36	
8	5.901042	A3	57	34	13	1.125000	A3	57	36	
9	5.921875	A4	69	48	10	1.125000	A4	69	36	
10	5.948958	F#4	66	30	9	1.125000	F#4	66	36	
11	5.953125	D3	50	12	11	1.125000	D3	50	36	
12	5.962500	F#3	54	11	12	1.125000	F#3	54	36	
13	6.446875	A3	57	34	19	1.500000	A3	57	36	
14	6.456250	D3	50	33	17	1.500000	D3	50	36	
15	6.456250	A4	69	51	16	1.500000	A4	69	36	
16	6.472917	F#3	54	21	18	1.500000	F#3	54	36	
17	6.479167	F#4	66	39	15	1.500000	F#4	66	36	
18	6.517708	D4	62	20	14	1.500000	D4	62	36	
19	7.009375	A3	57	30	25	1.875000	A3	57	36	
20	7.015625	A4	69	49	22	1.875000	A4	69	36	
21	7.027083	F#4	66	33	21	1.875000	F#4	66	36	
22	7.042708	D3	50	22	23	1.875000	D3	50	36	
23	7.048958	F#3	54	25	24	1.875000	F#3	54	36	
24	7.067708	D4	62	13	20	1.875000	D4	62	36	
25	7.685417	F#4	66	45	27	2.250000	F#4	66	36	
26	7.689583	D3	50	32	28	2.250000	D3	50	36	
27	7.697917	F#3	54	31	29	2.250000	F#3	54	36	
28	7.721875	D4	62	24	26	2.250000	D4	62	36	
29	9.466667	F#3	54	36	32	3.375000	F#3	54	36	
30	9.475000	D3	50	14	31	3.375000	D3	50	36	
31	9.491667	D4	62	38	30	3.375000	D4	62	36	
32	10.034375	F#4	66	54	33	3.750000	F#4	66	36	
33	10.075000	D3	50	31	34	3.750000	D3	50	36	
34	10.090625	F#3	54	32	35	3.750000	F#3	54	36	
35	10.584375	D4	62	62	36	4.125000	D4	62	36	
36	10.588542	D3	50	42	37	4.125000	D3	50	36	
37	10.602083	F#3	54	32	38	4.125000	F#3	54	36	
38	11.244792	E3	52	35	43	4.500000	E3	52	36	
39	11.258333	B3	59	46	45	4.500000	B3	59	36	
40	11.266667	B4	71	72	41	4.500000	B4	71	36	
41	11.283333	E4	64	53	39	4.500000	E4	64	36	
42	11.287500	C#3	49	41	42	4.500000	C#3	49	36	
43	11.290625	G3	55	33	44	4.500000	G3	55	36	
44	11.301042	G4	67	44	40	4.500000	G4	67	36	
45	12.593750	A4	69	51	46	5.250000	A4	69	36	
46	12.616667	A3	57	27	47	5.250000	A3	57	36	
47	13.190625	A3	57	27	54	5.625000	A3	57	36	
48	13.194792	A4	69	50	50	5.625000	A4	69	36	
49	13.223958	E3	52	22	52	5.625000	E3	52	36	
50	13.232292	C#3	49	30	51	5.625000	C#3	49	36	
51	13.241667	E4	64	18	48	5.625000	E4	64	36	
52	13.255208	G3	55	21	53	5.625000	G3	55	36	
53	13.706250	E3	52	30	59	6.000000	E3	52	36	
54	13.710417	A4	69	55	57	6.000000	A4	69	36	
55	13.711458	G3	55	29	60	6.000000	G3	55	36	
56	13.712500	A3	57	34	61	6.000000	A3	57	36	
57	13.722917	C#3	49	28	58	6.000000	C#3	49	36	
58	13.735417	E4	64	42	55	6.000000	E4	64	36	
59	14.239583	E3	52	20	66	6.375000	E3	52	36	
60	14.250000	A4	69	55	64	6.375000	A4	69	36	
61	14.254167	A3	57	31	68	6.375000	A3	57	36	
62	14.256250	C#3	49	30	65	6.375000	C#3	49	36	
63	14.275000	G3	55	21	67	6.375000	G3	55	36	
64	14.282292	E4	64	29	62	6.375000	E4	64	36	
65	14.917708	G3	55	30	71	6.750000	G3	55	36	
66	14.920833	C#3	49	34	70	6.750000	C#3	49	36	
67	14.926042	A3	57	32	72	6.750000	A3	57	36	
68	14.930208	E4	64	45	69	6.750000	E4	64	36	
69	16.676042	E4	64	47	73	7.875000	E4	64	36	
70	16.683333	E3	52	23	75	7.875000	E3	52	36	
71	16.684375	A3	57	23	76	7.875000	A3	57	36	
72	16.709375	C#3	49	31	74	7.875000	C#3	49	36	
73	17.234375	G4	67	57	77	8.250000	G4	67	36	
74	17.241667	G3	55	34	79	8.250000	G3	55	36	
75	17.273958	A3	57	39	80	8.250000	A3	57	36	
76	17.294792	C#3	49	29	78	8.250000	C#3	49	36	
77	17.769792	E3	52	40	83	8.625000	E3	52	36	
78	17.770833	A3	57	32	84	8.625000	A3	57	36	
79	17.789583	E4	64	63	81	8.625000	E4	64	36	
80	18.511458	B4	71	65	87	9.000000	B4	71	36	
81	18.532292	D3	50	31	88	9.000000	D3	50	36	
82	18.541667	B3	59	35	90	9.000000	B3	59	36	
83	18.544792	F#3	54	31	89	9.000000	F#3	54	36	
84	18.548958	D4	62	39	85	9.000000	D4	62	36	
85	18.562500	F#4	66	37	86	9.000000	F#4	66	36	
86	19.906250	A3	57	23	92	9.750000	A3	57	36	
87	19.907292	A4	69	35	91	9.750000	A4	69	36	
88	20.464583	A3	57	40	98	10.125000	A3	57	36	
89	20.475000	A4	69	56	95	10.125000	A4	69	36	
90	20.494792	F#4	66	38	94	10.125000	F#4	66	36	
91	20.497917	D4	62	36	93	10.125000	D4	62	36	
92	20.505208	D3	50	28	96	10.125000	D3	50	36	
93	20.513542	F#3	54	26	97	10.125000	F#3	54	36	
94	20.997917	A4	69	68	101	10.500000	A4	69	36	
95	21.004167	A3	57	40	104	10.500000	A3	57	36	
96	21.026042	F#3	54	31	103	10.500000	F#3	54	36	
97	21.027083	D4	62	25	99	10.500000	D4	62	36	
98	21.027083	F#4	66	43	100	10.500000	F#4	66	36	
99	21.029167	D3	50	25	102	10.500000	D3	50	36	
100	21.533333	A3	57	33	*	-1	*	-1	-1	
101	21.547917	D5	74	70	107	10.875000	D5	74	36	
102	21.553125	F#3	54	40	109	10.875000	F#3	54	36	
103	21.563542	D4	62	48	105	10.875000	D4	62	36	
104	21.563542	F#4	66	52	106	10.875000	F#4	66	36	
105	21.573958	D3	50	25	108	10.875000	D3	50	36	
106	22.293750	F#4	66	64	112	11.250000	F#4	66	88	
107	22.298958	A2	45	37	113	11.250000	A2	45	54	
108	22.315625	C#4	61	45	111	11.250000	C#4	61	72	
109	22.344792	G3	55	20	114	11.250000	G3	55	62	
110	23.523958	E4	64	37	115	12.000000	E4	64	36	
111	24.154167	A2	45	30	118	12.375000	A2	45	36	
112	24.157292	G3	55	34	119	12.375000	G3	55	36	
113	24.161458	E4	64	39	117	12.375000	E4	64	36	
114	24.194792	C#4	61	18	116	12.375000	C#4	61	36	
115	24.739583	A2	45	33	122	12.750000	A2	45	36	
116	24.747917	E4	64	48	121	12.750000	E4	64	36	
117	24.759375	G3	55	34	123	12.750000	G3	55	36	
118	24.761458	C#4	61	32	120	12.750000	C#4	61	36	
119	25.355208	A4	69	54	125	13.125000	A4	69	36	
120	25.379167	G3	55	30	127	13.125000	G3	55	36	
121	25.386458	C#4	61	31	124	13.125000	C#4	61	36	
122	25.387500	A2	45	25	126	13.125000	A2	45	36	
123	26.138542	B2	47	37	129	13.500000	B2	47	36	
124	26.139583	D4	62	51	128	13.500000	D4	62	64	
125	26.140625	F#3	54	36	130	13.500000	F#3	54	36	
126	27.186458	E4	64	53	131	14.062500	E4	64	36	
127	27.280208	F#4	66	62	132	14.156250	F#4	66	36	
128	27.405208	A3	57	36	136	14.250000	A3	57	36	
129	27.409375	C#3	49	36	135	14.250000	C#3	49	36	
130	27.416667	G4	67	59	133	14.250000	G4	67	36	
131	27.430208	E4	64	53	134	14.250000	E4	64	64	
132	28.553125	B4	71	36	137	14.812500	B4	71	36	
133	28.638542	A4	69	45	138	14.906250	A4	69	36	
134	28.822917	D3	50	26	141	15.000000	D3	50	36	
135	28.822917	F#4	66	44	139	15.000000	F#4	66	36	
136	30.269792	B4	71	61	144	15.750000	B4	71	62	
137	30.283333	D3	50	23	145	15.750000	D3	50	52	
138	30.283333	B3	59	33	147	15.750000	B3	59	62	
139	30.294792	F#4	66	42	143	15.750000	F#4	66	57	
140	30.300000	D4	62	33	142	15.750000	D4	62	52	
141	30.309375	F#3	54	13	146	15.750000	F#3	54	57	
142	31.788542	A4	69	45	148	16.500000	A4	69	36	
143	31.802083	A3	57	15	149	16.500000	A3	57	36	
144	32.401042	A3	57	31	155	16.875000	A3	57	36	
145	32.425000	F#4	66	27	151	16.875000	F#4	66	36	
146	32.427083	A4	69	50	152	16.875000	A4	69	36	
147	32.448958	D3	50	16	153	16.875000	D3	50	36	
148	32.454167	F#3	54	17	154	16.875000	F#3	54	36	
149	32.484375	D4	62	3	150	16.875000	D4	62	36	
150	32.953125	A4	69	53	158	17.250000	A4	69	36	
151	32.958333	A3	57	35	161	17.250000	A3	57	36	
152	32.964583	F#4	66	42	157	17.250000	F#4	66	36	
153	32.979167	D4	62	30	156	17.250000	D4	62	36	
154	32.992708	D3	50	24	159	17.250000	D3	50	36	
155	33.012500	F#3	54	18	160	17.250000	F#3	54	36	
156	33.519792	A3	57	33	167	17.625000	A3	57	36	
157	33.520833	A4	69	54	164	17.625000	A4	69	36	
158	33.528125	F#4	66	40	163	17.625000	F#4	66	36	
159	33.548958	D3	50	31	165	17.625000	D3	50	36	
160	33.550000	D4	62	31	162	17.625000	D4	62	36	
161	33.563542	F#3	54	21	166	17.625000	F#3	54	36	
162	34.215625	D3	50	33	170	18.000000	D3	50	36	
163	34.215625	F#4	66	50	169	18.000000	F#4	66	36	
164	34.236458	D4	62	39	168	18.000000	D4	62	36	
165	34.241667	F#3	54	38	171	18.000000	F#3	54	36	
166	36.029167	D4	62	47	172	19.125000	D4	62	36	
167	36.038542	D3	50	22	173	19.125000	D3	50	36	
168	36.579167	F#4	66	66	175	19.500000	F#4	66	36	
169	36.605208	D3	50	36	176	19.500000	D3	50	36	
170	36.618750	D4	62	51	174	19.500000	D4	62	36	
171	36.627083	F#3	54	34	177	19.500000	F#3	54	36	
172	37.140625	B4	71	75	180	19.875000	B4	71	36	
173	37.146875	B3	59	50	183	19.875000	B3	59	36	
174	37.156250	D4	62	47	178	19.875000	D4	62	36	
175	37.170833	D3	50	39	181	19.875000	D3	50	36	
176	37.171875	F#3	54	11	182	19.875000	F#3	54	36	
177	37.901042	F#3	54	40	188	20.250000	F#3	54	57	
178	37.906250	C#4	61	54	189	20.250000	C#4	61	62	
179	37.908333	C#5	73	75	186	20.250000	C#5	73	62	
180	37.921875	B2	47	38	187	20.250000	B2	47	52	
181	37.936458	D4	62	47	184	20.250000	D4	62	52	
182	37.936458	F#4	66	49	185	20.250000	F#4	66	57	
183	39.419792	B3	59	18	191	21.000000	B3	59	36	
184	39.429167	B4	71	47	190	21.000000	B4	71	36	
185	40.069792	B4	71	41	194	21.375000	B4	71	36	
186	40.090625	F#4	66	36	193	21.375000	F#4	66	36	
187	40.101042	B3	59	31	197	21.375000	B3	59	36	
188	40.104167	B2	47	26	195	21.375000	B2	47	36	
189	40.106250	F#3	54	25	196	21.375000	F#3	54	36	
190	40.129167	D4	62	26	192	21.375000	D4	62	36	
191	40.666667	B4	71	49	200	21.750000	B4	71	36	
192	40.673958	B2	47	22	201	21.750000	B2	47	36	
193	40.685417	B3	59	27	203	21.750000	B3	59	36	
194	40.686458	F#4	66	30	199	21.750000	F#4	66	36	
195	40.695833	F#3	54	26	202	21.750000	F#3	54	36	
196	40.732292	D4	62	4	198	21.750000	D4	62	36	
197	41.253125	F#4	66	39	205	22.125000	F#4	66	36	
198	41.257292	B4	71	51	206	22.125000	B4	71	36	
199	41.286458	B3	59	35	209	22.125000	B3	59	36	
200	41.294792	D4	62	29	204	22.125000	D4	62	36	
201	41.302083	F#3	54	21	208	22.125000	F#3	54	36	
202	41.306250	B2	47	19	207	22.125000	B2	47	36	
203	42.012500	F#4	66	45	211	22.500000	F#4	66	49	
204	42.014583	F#3	54	29	213	22.500000	F#3	54	36	
205	42.023958	D4	62	36	210	22.500000	D4	62	49	
206	42.030208	B2	47	23	212	22.500000	B2	47	36	
207	43.968750	B4	71	62	214	23.625000	B4	71	49	
208	44.000000	B3	59	38	215	23.625000	B3	59	36	
209	44.572917	D5	74	65	217	24.000000	D5	74	49	
210	44.587500	D4	62	33	219	24.000000	D4	62	36	
211	44.597917	B4	71	56	216	24.000000	B4	71	49	
212	44.605208	B3	59	18	218	24.000000	B3	59	36	
213	45.188542	D4	62	31	224	24.375000	D4	62	62	
214	45.194792	F#5	78	79	222	24.375000	F#5	78	75	
215	45.209375	B4	71	55	220	24.375000	B4	71	75	
216	45.217708	B3	59	25	223	24.375000	B3	59	62	
217	45.218750	F#4	66	45	225	24.375000	F#4	66	62	
218	45.230208	D5	74	39	221	24.375000	D5	74	75	
219	46.047917	G5	79	79	228	24.750000	G5	79	75	
220	46.061458	G4	67	39	231	24.750000	G4	67	88	
221	46.069792	D4	62	31	230	24.750000	D4	62	83	
222	46.076042	B4	71	53	226	24.750000	B4	71	75	
223	46.076042	D5	74	53	227	24.750000	D5	74	75	
224	46.081250	B3	59	37	229	24.750000	B3	59	78	
225	47.511458	F#5	78	45	232	25.500000	F#5	78	75	
226	47.544792	F#4	66	17	233	25.500000	F#4	66	62	
227	48.146875	F#5	78	55	236	25.875000	F#5	78	75	
228	48.171875	F#4	66	24	239	25.875000	F#4	66	62	
229	48.182292	D5	74	29	235	25.875000	D5	74	75	
230	48.186458	B3	59	13	237	25.875000	B3	59	62	
231	48.192708	B4	71	17	234	25.875000	B4	71	75	
232	48.216667	D4	62	22	238	25.875000	D4	62	62	
233	48.715625	D4	62	21	244	26.250000	D4	62	62	
234	48.717708	D5	74	63	241	26.250000	D5	74	88	
235	48.721875	F#5	78	72	242	26.250000	F#5	78	88	
236	48.741667	B4	71	57	240	26.250000	B4	71	88	
237	48.744792	F#4	66	36	245	26.250000	F#4	66	62	
238	48.745833	B3	59	25	243	26.250000	B3	59	62	
239	49.285417	F#5	78	88	248	26.625000	F#5	78	88	
240	49.297917	D5	74	61	247	26.625000	D5	74	88	
241	49.307292	B4	71	59	246	26.625000	B4	71	88	
242	49.311458	B3	59	48	249	26.625000	B3	59	62	
243	49.325000	F#4	66	41	251	26.625000	F#4	66	62	
244	49.334375	D4	62	22	250	26.625000	D4	62	62	
245	49.965625	B5	83	89	254	27.000000	B5	83	114	
246	49.979167	D5	74	74	253	27.000000	D5	74	109	
247	49.982292	F#3	54	49	255	27.000000	F#3	54	75	
248	49.983333	A4	69	71	252	27.000000	A4	69	104	
249	49.989583	D4	62	44	256	27.000000	D4	62	75	
250	50.000000	F#4	66	33	257	27.000000	F#4	66	75	
251	51.358333	A5	81	65	258	27.750000	A5	81	88	
252	51.935417	A5	81	79	261	28.125000	A5	81	88	
253	51.948958	D5	74	64	260	28.125000	D5	74	88	
254	51.951042	F#3	54	36	262	28.125000	F#3	54	75	
255	51.954167	A4	69	56	259	28.125000	A4	69	88	
256	51.963542	F#4	66	37	264	28.125000	F#4	66	75	
257	51.966667	D4	62	37	263	28.125000	D4	62	75	
258	52.496875	D5	74	73	266	28.500000	D5	74	88	
259	52.497917	A5	81	81	267	28.500000	A5	81	88	
260	52.498958	F#3	54	50	268	28.500000	F#3	54	75	
261	52.505208	A4	69	72	265	28.500000	A4	69	88	
262	52.516667	D4	62	48	269	28.500000	D4	62	75	
263	52.529167	F#4	66	43	270	28.500000	F#4	66	75	
264	53.073958	D6	86	81	272	28.875000	D6	86	88	
265	53.076042	F#4	66	47	275	28.875000	F#4	66	75	
266	53.080208	D4	62	40	274	28.875000	D4	62	75	
267	53.081250	A3	57	42	273	28.875000	A3	57	75	
268	53.082292	D5	74	70	271	28.875000	D5	74	88	
269	53.960417	F#5	78	57	277	29.250000	F#5	78	75	
270	53.961458	G4	67	22	279	29.250000	G4	67	62	
271	53.967708	A3	57	31	278	29.250000	A3	57	54	
272	53.978125	C#5	73	41	276	29.250000	C#5	73	67	
273	55.350000	E5	76	40	280	30.000000	E5	76	49	
274	55.986458	E5	76	46	282	30.375000	E5	76	49	
275	56.019792	G4	67	21	284	30.375000	G4	67	36	
276	56.030208	A3	57	23	283	30.375000	A3	57	36	
277	56.030208	C#5	73	8	281	30.375000	C#5	73	49	
278	56.589583	C#5	73	38	285	30.750000	C#5	73	49	
279	56.601042	G4	67	29	288	30.750000	G4	67	36	
280	56.602083	E5	76	36	286	30.750000	E5	76	49	
281	56.622917	A3	57	29	287	30.750000	A3	57	36	
282	57.242708	A5	81	47	290	31.125000	A5	81	49	
283	57.248958	G4	67	20	292	31.125000	G4	67	36	
284	57.251042	A3	57	27	291	31.125000	A3	57	36	
285	57.260417	C#5	73	22	289	31.125000	C#5	73	49	
286	57.910417	D5	74	38	293	31.500000	D5	74	49	
287	57.937500	D4	62	29	294	31.500000	D4	62	36	
288	57.942708	F#4	66	21	295	31.500000	F#4	66	36	
289	58.297917	A4	69	34	296	31.687500	A4	69	49	
290	58.572917	G#4	68	43	297	31.875000	G#4	68	49	
291	58.816667	A4	69	52	298	32.062500	A4	69	49	
292	59.077083	B4	71	44	299	32.250000	B4	71	49	
293	59.351042	A4	69	51	300	32.437500	A4	69	49	
294	59.606250	B4	71	52	301	32.625000	B4	71	49	
295	59.843750	C#5	73	58	302	32.812500	C#5	73	49	
296	60.122917	D5	74	54	303	33.000000	D5	74	49	
297	60.393750	C#5	73	65	304	33.187500	C#5	73	49	
298	60.655208	D5	74	53	305	33.375000	D5	74	49	
299	60.922917	E5	76	59	306	33.562500	E5	76	49	
300	61.235417	Bb3	58	24	308	33.750000	Bb3	58	36	
301	61.264583	G5	79	65	307	33.750000	G5	79	36	
302	61.569792	C#4	61	31	309	33.937500	C#4	61	36	
303	61.860417	F#4	66	28	310	34.125000	F#4	66	36	
304	62.117708	C#4	61	29	311	34.312500	C#4	61	36	
305	62.397917	Bb3	58	27	313	34.500000	Bb3	58	36	
306	62.442708	F#5	78	52	312	34.500000	F#5	78	36	
307	62.702083	C#4	61	24	314	34.687500	C#4	61	36	
308	62.968750	F#5	78	62	315	34.875000	F#5	78	36	
309	62.971875	F#4	66	31	316	34.875000	F#4	66	36	
310	63.186458	C#4	61	37	317	35.062500	C#4	61	36	
311	63.441667	Bb3	58	26	319	35.250000	Bb3	58	36	
312	63.467708	F#5	78	66	318	35.250000	F#5	78	36	
313	63.716667	C#4	61	31	320	35.437500	C#4	61	36	
314	64.004167	F#5	78	70	321	35.625000	F#5	78	36	
315	64.013542	F#4	66	31	322	35.625000	F#4	66	36	
316	64.285417	C#4	61	24	323	35.812500	C#4	61	36	
317	64.546875	G#3	56	40	325	36.000000	G#3	56	36	
318	64.644792	C#6	85	71	324	36.000000	C#6	85	36	
319	64.919792	B3	59	37	326	36.187500	B3	59	36	
320	65.196875	F4	65	32	327	36.375000	F4	65	36	
321	65.421875	B3	59	30	328	36.562500	B3	59	36	
322	65.689583	G#3	56	32	329	36.750000	G#3	56	36	
323	65.963542	B3	59	38	330	36.937500	B3	59	36	
324	66.239583	F4	65	34	331	37.125000	F4	65	36	
325	66.476042	B3	59	45	332	37.312500	B3	59	36	
326	66.720833	G#3	56	41	333	37.500000	G#3	56	36	
327	67.012500	B3	59	40	334	37.687500	B3	59	36	
328	67.288542	F4	65	35	335	37.875000	F4	65	36	
329	67.872917	A3	57	22	338	38.250000	A3	57	36	
330	67.943750	G#5	80	47	337	38.250000	G#5	80	36	
331	68.264583	C#4	61	11	339	38.437500	C#4	61	36	
332	68.504167	F#4	66	31	340	38.625000	F#4	66	36	
333	68.728125	C#4	61	32	341	38.812500	C#4	61	36	
334	69.030208	A3	57	31	343	39.000000	A3	57	36	
335	69.107292	F#5	78	50	342	39.000000	F#5	78	36	
336	69.348958	C#4	61	26	344	39.187500	C#4	61	36	
337	69.616667	F#5	78	58	345	39.375000	F#5	78	36	
338	69.620833	F#4	66	28	346	39.375000	F#4	66	36	
339	69.866667	C#4	61	34	347	39.562500	C#4	61	36	
340	70.117708	F#5	78	70	348	39.750000	F#5	78	36	
341	70.121875	A3	57	28	349	39.750000	A3	57	36	
342	70.395833	C#4	61	31	350	39.937500	C#4	61	36	
343	70.658333	F#5	78	72	351	40.125000	F#5	78	36	
344	70.667708	F#4	66	30	352	40.125000	F#4	66	36	
345	70.922917	C#4	61	30	353	40.312500	C#4	61	36	
346	71.202083	G#3	56	31	355	40.500000	G#3	56	36	
347	71.318750	D6	86	76	354	40.500000	D6	86	36	
348	71.637500	B3	59	25	356	40.687500	B3	59	36	
349	71.895833	F4	65	30	357	40.875000	F4	65	36	
350	72.155208	B3	59	33	358	41.062500	B3	59	36	
351	72.418750	G#3	56	38	359	41.250000	G#3	56	36	
352	72.669792	B3	59	43	360	41.437500	B3	59	36	
353	72.952083	F4	65	40	361	41.625000	F4	65	36	
354	73.186458	B3	59	38	362	41.812500	B3	59	36	
355	73.472917	G#3	56	39	363	42.000000	G#3	56	36	
356	73.744792	B3	59	40	364	42.187500	B3	59	36	
357	74.013542	F4	65	31	365	42.375000	F4	65	36	
358	74.282292	B3	59	33	366	42.562500	B3	59	36	
359	74.608333	A3	57	29	368	42.750000	A3	57	36	
360	74.723958	C#6	85	68	367	42.750000	C#6	85	36	
361	75.000000	C#4	61	28	369	42.937500	C#4	61	36	
362	75.245833	F#4	66	34	370	43.125000	F#4	66	36	
363	75.509375	F#3	54	40	371	43.312500	F#3	54	36	
364	75.792708	G#3	56	37	373	43.500000	G#3	56	62	
365	75.800000	B5	83	55	372	43.500000	B5	83	75	
366	75.811458	B3	59	27	374	43.500000	B3	59	62	
367	76.062500	F#4	66	43	375	43.687500	F#4	66	62	
368	76.331250	A5	81	60	376	43.875000	A5	81	75	
369	76.332292	C#4	61	37	378	43.875000	C#4	61	62	
370	76.357292	A3	57	42	377	43.875000	A3	57	62	
371	76.563542	F#4	66	34	379	44.062500	F#4	66	62	
372	76.829167	B3	59	42	381	44.250000	B3	59	49	
373	76.833333	G#5	80	60	380	44.250000	G#5	80	62	
374	76.835417	D4	62	43	382	44.250000	D4	62	49	
375	77.100000	F#4	66	39	383	44.437500	F#4	66	49	
376	77.356250	F#5	78	65	384	44.625000	F#5	78	62	
377	77.360417	A3	57	37	385	44.625000	A3	57	49	
378	77.387500	C#4	61	38	386	44.625000	C#4	61	49	
379	77.612500	F#4	66	43	387	44.812500	F#4	66	49	
380	77.987500	B2	47	37	389	45.000000	B2	47	49	
381	78.070833	D5	74	55	388	45.000000	D5	74	62	
382	78.333333	D3	50	43	390	45.187500	D3	50	49	
383	78.461458	C5	72	22	*	-1	*	-1	-1	
384	78.616667	B3	59	34	391	45.375000	B3	59	49	
385	78.839583	B2	47	38	392	45.562500	B2	47	49	
386	79.144792	E3	52	25	395	45.750000	E3	52	62	
387	79.167708	C#3	49	32	394	45.750000	C#3	49	62	
388	79.225000	C#5	73	52	393	45.750000	C#5	73	75	
389	79.498958	B3	59	28	396	45.937500	B3	59	62	
390	79.737500	D3	50	24	398	46.125000	D3	50	62	
391	79.744792	B4	71	61	397	46.125000	B4	71	75	
392	79.745833	F#3	54	39	399	46.125000	F#3	54	62	
393	80.025000	B3	59	38	400	46.312500	B3	59	62	
394	80.237500	C#3	49	37	402	46.500000	C#3	49	49	
395	80.239583	A4	69	64	401	46.500000	A4	69	62	
396	80.247917	F#3	54	37	403	46.500000	F#3	54	49	
397	80.470833	C#4	61	42	404	46.687500	C#4	61	49	
398	80.704167	B2	47	39	406	46.875000	B2	47	49	
399	80.707292	F#3	54	33	407	46.875000	F#3	54	49	
400	80.748958	G#4	68	62	405	46.875000	G#4	68	62	
401	81.021875	D4	62	48	408	47.062500	D4	62	49	
402	81.326042	C#3	49	34	410	47.250000	C#3	49	36	
403	81.364583	F#4	66	59	409	47.250000	F#4	66	36	
404	81.663542	A3	57	37	411	47.437500	A3	57	36	
405	81.914583	C#4	61	37	412	47.625000	C#4	61	36	
406	82.139583	A3	57	31	413	47.812500	A3	57	36	
407	82.395833	C#3	49	40	414	48.000000	C#3	49	36	
408	82.689583	A3	57	29	415	48.187500	A3	57	36	
409	82.909375	C#4	61	27	417	48.375000	C#4	61	36	
410	82.927083	G#4	68	48	416	48.375000	G#4	68	36	
411	83.078125	F#4	66	68	418	48.468750	F#4	66	36	
412	83.147917	A3	57	31	420	48.562500	A3	57	36	
413	83.195833	F4	65	65	419	48.562500	F4	65	36	
414	83.317708	F#4	66	70	421	48.656250	F#4	66	36	
415	83.415625	C#3	49	44	423	48.750000	C#3	49	36	
416	83.508333	A4	69	70	422	48.750000	A4	69	36	
417	83.778125	B3	59	38	424	48.937500	B3	59	36	
418	84.098958	C#4	61	29	425	49.125000	C#4	61	36	
419	84.418750	G#4	68	58	426	49.312500	G#4	68	36	
420	84.432292	B3	59	34	427	49.312500	B3	59	36	
421	84.891667	F#3	54	29	429	49.500000	F#3	54	36	
422	84.919792	A3	57	32	430	49.500000	A3	57	36	
423	84.986458	C#6	85	74	428	49.500000	C#6	85	36	
424	85.373958	C#4	61	32	431	49.687500	C#4	61	36	
425	85.595833	F#4	66	53	432	49.875000	F#4	66	36	
426	85.838542	F#3	54	38	433	50.062500	F#3	54	36	
427	86.127083	B3	59	37	436	50.250000	B3	59	62	
428	86.146875	G#3	56	35	435	50.250000	G#3	56	62	
429	86.159375	B5	83	60	434	50.250000	B5	83	75	
430	86.365625	F#4	66	35	437	50.437500	F#4	66	62	
431	86.630208	A3	57	31	439	50.625000	A3	57	62	
432	86.634375	A5	81	63	438	50.625000	A5	81	75	
433	86.640625	C#4	61	32	440	50.625000	C#4	61	62	
434	86.828125	F#4	66	25	441	50.812500	F#4	66	62	
435	87.089583	B3	59	43	443	51.000000	B3	59	49	
436	87.090625	D4	62	34	444	51.000000	D4	62	49	
437	87.090625	G#5	80	72	442	51.000000	G#5	80	62	
438	87.307292	F#4	66	40	445	51.187500	F#4	66	49	
439	87.596875	F#5	78	74	446	51.375000	F#5	78	62	
440	87.600000	A3	57	34	447	51.375000	A3	57	49	
441	87.615625	C#4	61	39	448	51.375000	C#4	61	49	
442	87.863542	F#4	66	26	449	51.562500	F#4	66	49	
443	88.151042	B2	47	45	452	51.750000	B2	47	49	
444	88.238542	E5	76	66	450	51.656250	E5	76	62	
445	88.433333	D3	50	44	453	51.937500	D3	50	49	
446	88.556250	D5	74	68	451	51.750000	D5	74	62	
447	88.753125	B3	59	47	454	52.125000	B3	59	49	
448	88.965625	B2	47	33	455	52.312500	B2	47	49	
449	89.275000	E3	52	31	458	52.500000	E3	52	62	
450	89.280208	C#3	49	42	457	52.500000	C#3	49	62	
451	89.388542	C#5	73	65	456	52.500000	C#5	73	75	
452	89.594792	B3	59	35	459	52.687500	B3	59	62	
453	89.830208	D3	50	39	461	52.875000	D3	50	62	
454	89.834375	F#3	54	43	462	52.875000	F#3	54	62	
455	89.847917	B4	71	68	460	52.875000	B4	71	75	
456	90.087500	B3	59	56	463	53.062500	B3	59	62	
457	90.341667	C#3	49	49	465	53.250000	C#3	49	49	
458	90.348958	F#3	54	45	466	53.250000	F#3	54	49	
459	90.351042	A4	69	67	464	53.250000	A4	69	62	
460	90.598958	C#4	61	45	467	53.437500	C#4	61	49	
461	90.873958	B2	47	36	469	53.625000	B2	47	49	
462	90.887500	F#3	54	37	470	53.625000	F#3	54	49	
463	90.905208	G#4	68	62	468	53.625000	G#4	68	62	
464	91.200000	D4	62	41	471	53.812500	D4	62	49	
465	91.532292	C#3	49	36	473	54.000000	C#3	49	36	
466	91.598958	C#5	73	64	472	54.000000	C#5	73	62	
467	91.907292	A3	57	42	474	54.187500	A3	57	36	
468	92.177083	C#4	61	38	475	54.375000	C#4	61	36	
469	92.430208	A3	57	23	476	54.562500	A3	57	36	
470	92.716667	C#3	49	31	477	54.750000	C#3	49	36	
471	92.989583	A3	57	32	478	54.937500	A3	57	36	
472	93.284375	F#4	66	47	479	55.125000	F#4	66	62	
473	93.293750	C#4	61	31	480	55.125000	C#4	61	36	
474	93.532292	A3	57	38	481	55.312500	A3	57	36	
475	93.847917	C#3	49	37	483	55.500000	C#3	49	36	
476	93.881250	A4	69	53	482	55.500000	A4	69	62	
477	94.215625	B3	59	44	484	55.687500	B3	59	36	
478	94.556250	C#4	61	43	485	55.875000	C#4	61	36	
479	94.887500	G#4	68	55	486	56.062500	G#4	68	62	
480	94.916667	B3	59	34	487	56.062500	B3	59	36	
481	95.510417	D3	50	33	489	56.250000	D3	50	36	
482	95.512500	A3	57	33	490	56.250000	A3	57	36	
483	95.514583	G#4	68	62	488	56.250000	G#4	68	62	
484	96.860417	F#4	66	35	491	57.000000	F#4	66	36	
485	97.469792	F#4	66	43	492	57.375000	F#4	66	36	
486	98.014583	F#4	66	49	493	57.750000	F#4	66	36	
487	98.569792	F#4	66	44	494	58.125000	F#4	66	36	
488	99.186458	C4	60	48	495	58.500000	C4	60	36	
489	99.196875	G#3	56	35	496	58.500000	G#3	56	36	
490	99.212500	D3	50	31	497	58.500000	D3	50	64	
491	100.384375	A3	57	31	498	59.250000	A3	57	36	
492	100.978125	A3	57	42	499	59.625000	A3	57	36	
493	101.516667	A3	57	41	500	60.000000	A3	57	36	
494	102.065625	A3	57	38	501	60.375000	A3	57	36	
495	102.771875	G#4	68	60	502	60.750000	G#4	68	62	
496	102.777083	A3	57	41	504	60.750000	A3	57	36	
497	102.782292	C#3	49	28	503	60.750000	C#3	49	36	
498	104.060417	F#4	66	43	505	61.500000	F#4	66	36	
499	104.678125	F#4	66	42	506	61.875000	F#4	66	36	
500	105.193750	F#4	66	53	507	62.250000	F#4	66	36	
501	105.735417	F#4	66	57	508	62.625000	F#4	66	36	
502	106.381250	C#3	49	35	512	63.000000	C#3	49	64	
503	106.383333	B3	59	32	511	63.000000	B3	59	36	
504	106.387500	C#4	61	58	509	63.000000	C#4	61	36	
505	106.395833	G#3	56	32	510	63.000000	G#3	56	36	
506	107.647917	F#3	54	29	513	63.750000	F#3	54	36	
507	107.653125	A3	57	32	514	63.750000	A3	57	36	
508	108.258333	F#3	54	30	515	64.125000	F#3	54	36	
509	108.279167	A3	57	15	516	64.125000	A3	57	36	
510	108.802083	A3	57	34	518	64.500000	A3	57	36	
511	108.830208	F#3	54	26	517	64.500000	F#3	54	36	
512	109.384375	A3	57	40	520	64.875000	A3	57	36	
513	109.390625	F#3	54	36	519	64.875000	F#3	54	36	
514	110.120833	A4	69	59	521	65.250000	A4	69	36	
515	110.134375	C3	48	32	525	65.250000	C3	48	64	
516	110.137500	A3	57	35	524	65.250000	A3	57	36	
517	110.150000	Eb3	51	28	522	65.250000	Eb3	51	36	
518	110.158333	F#3	54	31	523	65.250000	F#3	54	36	
519	111.331250	F#4	66	43	526	66.000000	F#4	66	36	
520	111.980208	F#4	66	47	527	66.375000	F#4	66	36	
521	112.521875	F#4	66	60	528	66.750000	F#4	66	36	
522	113.116667	F#4	66	63	529	67.125000	F#4	66	36	
523	113.834375	F#3	54	43	532	67.500000	F#3	54	36	
524	113.842708	A4	69	67	530	67.500000	A4	69	36	
525	113.856250	Eb3	51	46	531	67.500000	Eb3	51	36	
526	113.856250	A3	57	50	533	67.500000	A3	57	36	
527	113.861458	B2	47	43	534	67.500000	B2	47	64	
528	115.121875	F#4	66	53	535	68.250000	F#4	66	36	
529	115.737500	F#4	66	59	536	68.625000	F#4	66	36	
530	116.300000	F#4	66	67	537	69.000000	F#4	66	36	
531	116.906250	F#4	66	70	538	69.375000	F#4	66	36	
532	117.550000	G3	55	54	542	69.750000	G3	55	36	
533	117.555208	D3	50	52	541	69.750000	D3	50	36	
534	117.566667	B2	47	41	540	69.750000	B2	47	36	
535	117.570833	B4	71	67	539	69.750000	B4	71	49	
536	118.216667	G4	67	70	543	70.125000	G4	67	49	
537	118.912500	C5	72	70	544	70.500000	C5	72	62	
538	118.933333	A3	57	49	548	70.500000	A3	57	49	
539	118.935417	E3	52	37	547	70.500000	E3	52	49	
540	118.948958	A2	45	39	545	70.500000	A2	45	49	
541	118.954167	C3	48	35	546	70.500000	C3	48	49	
542	119.581250	A4	69	67	549	70.875000	A4	69	62	
543	120.294792	G4	67	46	550	71.250000	G4	67	49	
544	120.328125	A3	57	23	552	71.250000	A3	57	36	
545	120.332292	D3	50	24	551	71.250000	D3	50	36	
546	120.341667	C4	60	21	553	71.250000	C4	60	36	
547	121.096875	F#4	66	39	554	71.625000	F#4	66	49	
548	122.123958	E5	76	66	557	72.000000	E5	76	75	
549	122.138542	G2	43	30	558	72.000000	G2	43	36	
550	122.186458	B4	71	23	556	72.000000	B4	71	70	
551	122.677083	D3	50	30	559	72.248437	D3	50	36	
552	123.050000	G3	55	34	560	72.500000	G3	55	36	
553	123.414583	B3	59	11	562	72.750000	B3	59	36	
554	123.429167	D5	74	52	561	72.750000	D5	74	49	
555	123.723958	G3	55	31	566	72.998437	G3	55	36	
556	123.738542	D5	74	50	565	72.998437	D5	74	49	
557	123.748958	B4	71	32	564	72.998437	B4	71	49	
558	123.766667	G4	67	14	563	72.998437	G4	67	49	
559	123.994792	D3	50	32	570	73.250000	D3	50	36	
560	124.010417	D5	74	50	569	73.250000	D5	74	49	
561	124.028125	B4	71	12	568	73.250000	B4	71	49	
562	124.248958	B3	59	22	574	73.500000	B3	59	36	
563	124.271875	D5	74	56	573	73.500000	D5	74	49	
564	124.279167	G4	67	30	571	73.500000	G4	67	49	
565	124.514583	G3	55	30	578	73.748437	G3	55	36	
566	124.514583	D5	74	64	577	73.748437	D5	74	49	
567	124.545833	G4	67	30	575	73.748437	G4	67	49	
568	124.547917	B4	71	16	576	73.748437	B4	71	49	
569	124.750000	D3	50	52	582	74.000000	D3	50	36	
570	124.772917	D5	74	68	581	74.000000	D5	74	49	
571	125.053125	G2	43	41	585	74.250000	G2	43	36	
572	125.126042	B4	71	61	584	74.250000	B4	71	49	
573	125.460417	D3	50	26	586	74.498437	D3	50	36	
574	125.738542	G3	55	28	587	74.750000	G3	55	36	
575	126.014583	B3	59	32	588	75.000000	B3	59	36	
576	126.273958	D4	62	45	589	75.248437	D4	62	49	
577	126.308333	G3	55	31	590	75.248437	G3	55	36	
578	126.515625	G4	67	55	591	75.500000	G4	67	49	
579	126.547917	D3	50	18	592	75.500000	D3	50	36	
580	126.764583	B3	59	28	594	75.750000	B3	59	36	
581	126.768750	B4	71	68	593	75.750000	B4	71	49	
582	126.988542	G3	55	30	596	75.998437	G3	55	36	
583	127.003125	G4	67	62	595	75.998437	G4	67	49	
584	127.242708	D3	50	39	598	76.250000	D3	50	36	
585	127.244792	B4	71	71	597	76.250000	B4	71	49	
586	127.534375	F#2	42	42	602	76.500000	F#2	42	36	
587	127.620833	E5	76	70	601	76.500000	E5	76	49	
588	127.623958	A4	69	49	599	76.500000	A4	69	49	
589	127.639583	C5	72	52	600	76.500000	C5	72	49	
590	127.954167	D3	50	40	603	76.748437	D3	50	36	
591	128.272917	A3	57	42	604	77.000000	A3	57	36	
592	128.639583	C4	60	6	606	77.250000	C4	60	36	
593	128.664583	D5	74	53	605	77.250000	D5	74	49	
594	128.933333	A3	57	28	610	77.498437	A3	57	36	
595	128.947917	D5	74	56	609	77.498437	D5	74	49	
596	128.967708	A4	69	45	607	77.498437	A4	69	49	
597	128.976042	C5	72	21	608	77.498437	C5	72	49	
598	129.152083	D3	50	43	614	77.750000	D3	50	36	
599	129.202083	D5	74	63	613	77.750000	D5	74	49	
600	129.210417	A4	69	35	611	77.750000	A4	69	49	
601	129.431250	C4	60	27	618	78.000000	C4	60	36	
602	129.445833	A4	69	38	615	78.000000	A4	69	49	
603	129.446875	D5	74	60	617	78.000000	D5	74	49	
604	129.461458	C5	72	38	616	78.000000	C5	72	49	
605	129.675000	A4	69	53	619	78.248437	A4	69	49	
606	129.681250	D5	74	66	621	78.248437	D5	74	49	
607	129.696875	C5	72	24	620	78.248437	C5	72	49	
608	129.701042	A3	57	22	622	78.248437	A3	57	36	
609	129.942708	D3	50	49	626	78.500000	D3	50	36	
610	129.942708	D5	74	58	625	78.500000	D5	74	49	
611	130.217708	F#2	42	42	629	78.750000	F#2	42	36	
612	130.277083	A4	69	53	628	78.750000	A4	69	49	
613	130.314583	D4	62	34	627	78.750000	D4	62	49	
614	130.610417	D3	50	25	630	78.998437	D3	50	36	
615	130.919792	A3	57	39	631	79.250000	A3	57	36	
616	131.204167	C4	60	31	632	79.500000	C4	60	36	
617	131.447917	D4	62	56	633	79.748437	D4	62	49	
618	131.466667	A3	57	35	634	79.748437	A3	57	36	
619	131.656250	D3	50	46	636	80.000000	D3	50	36	
620	131.701042	A4	69	74	635	80.000000	A4	69	49	
621	131.911458	C4	60	39	638	80.250000	C4	60	36	
622	131.944792	C5	72	79	637	80.250000	C5	72	49	
623	132.148958	A3	57	36	640	80.498437	A3	57	36	
624	132.166667	A4	69	72	639	80.498437	A4	69	49	
625	132.422917	C5	72	74	641	80.750000	C5	72	49	
626	132.426042	D3	50	31	642	80.750000	D3	50	36	
627	132.696875	G2	43	45	646	81.000000	G2	43	36	
628	132.768750	E5	76	74	643	81.000000	E5	76	49	
629	132.812500	G4	67	18	644	81.000000	G4	67	36	
630	132.818750	B4	71	36	645	81.000000	B4	71	36	
631	133.067708	D3	50	39	647	81.248437	D3	50	36	
632	133.328125	G3	55	37	648	81.500000	G3	55	36	
633	133.468750	D5	74	58	649	81.562500	D5	74	49	
634	133.650000	B4	71	55	*	-1	*	-1	-1	
635	133.655208	B3	59	35	652	81.750000	B3	59	36	
636	133.721875	G4	67	13	651	81.750000	G4	67	36	
637	133.920833	C5	72	74	653	81.998437	C5	72	49	
638	133.931250	G4	67	44	654	81.998437	G4	67	36	
639	133.943750	G3	55	39	656	81.998437	G3	55	36	
640	134.155208	D5	74	75	657	82.250000	D5	74	49	
641	134.171875	D3	50	40	660	82.250000	D3	50	36	
642	134.202083	G4	67	44	658	82.250000	G4	67	36	
643	134.397917	E5	76	75	661	82.500000	E5	76	49	
644	134.408333	G4	67	51	662	82.500000	G4	67	36	
645	134.418750	B3	59	30	664	82.500000	B3	59	36	
646	134.429167	B4	71	45	663	82.500000	B4	71	36	
647	134.652083	F#5	78	81	665	82.748437	F#5	78	49	
648	134.673958	G4	67	58	666	82.748437	G4	67	36	
649	134.690625	G3	55	37	668	82.748437	G3	55	36	
650	134.910417	D3	50	46	672	83.000000	D3	50	36	
651	134.931250	G5	79	85	669	83.000000	G5	79	49	
652	134.940625	G4	67	60	670	83.000000	G4	67	36	
653	135.275000	D2	38	50	676	83.250000	F#2	42	36	
654	135.334375	B4	71	76	673	83.250000	B4	71	49	
655	135.364583	F#4	66	50	675	83.250000	F#4	66	36	
656	135.373958	D4	62	41	674	83.250000	D4	62	36	
657	135.678125	D3	50	47	677	83.498437	D3	50	36	
658	135.981250	A3	57	42	678	83.750000	A3	57	36	
659	136.102083	A4	69	64	679	83.812500	A4	69	49	
660	136.289583	C4	60	40	682	84.000000	C4	60	36	
661	136.314583	F#4	66	58	680	84.000000	F#4	66	49	
662	136.360417	D4	62	38	681	84.000000	D4	62	36	
663	136.587500	A3	57	40	686	84.248437	A3	57	36	
664	136.588542	G4	67	69	683	84.248437	G4	67	49	
665	136.630208	D4	62	51	684	84.248437	D4	62	36	
666	136.829167	A4	69	75	687	84.500000	A4	69	49	
667	136.838542	D3	50	47	690	84.500000	D3	50	36	
668	136.881250	D4	62	38	688	84.500000	D4	62	36	
669	137.088542	B4	71	69	691	84.750000	B4	71	49	
670	137.098958	A3	57	46	694	84.750000	A3	57	36	
671	137.108333	F#4	66	45	693	84.750000	F#4	66	36	
672	137.144792	D4	62	27	692	84.750000	D4	62	36	
673	137.350000	C5	72	81	695	84.998437	C5	72	49	
674	137.358333	F#3	54	51	698	84.998437	F#3	54	36	
675	137.365625	F#4	66	55	697	84.998437	F#4	66	36	
676	137.395833	D4	62	16	696	84.998437	D4	62	36	
677	137.633333	D5	74	80	699	85.250000	D5	74	49	
678	137.646875	C3	48	60	702	85.250000	C3	48	36	
679	137.652083	D4	62	66	700	85.250000	D4	62	36	
680	138.006250	E2	40	58	705	85.500000	E2	40	36	
681	138.009375	G4	67	69	703	85.500000	G4	67	49	
682	138.018750	B3	59	69	704	85.500000	B3	59	36	
683	138.434375	B2	47	57	706	85.748437	B2	47	36	
684	138.689583	G3	55	56	707	86.000000	G3	55	36	
685	138.779167	A4	69	70	708	86.062500	A4	69	49	
686	138.852083	B4	71	70	709	86.156250	B4	71	49	
687	138.964583	C5	72	75	710	86.250000	C5	72	49	
688	138.972917	D4	62	53	711	86.250000	D4	62	36	
689	138.985417	A4	69	18	712	86.250000	A4	69	36	
690	138.989583	F#2	42	51	713	86.250000	F#2	42	36	
691	139.330208	D3	50	45	714	86.498437	D3	50	36	
692	139.635417	A3	57	44	715	86.750000	A3	57	36	
693	139.763542	E5	76	51	716	86.812500	E5	76	49	
694	139.919792	D5	74	46	717	86.906250	D5	74	49	
695	140.038542	G2	43	27	720	87.000000	G2	43	36	
696	140.076042	B4	71	45	718	87.000000	B4	71	49	
697	140.408333	D3	50	40	721	87.248437	D3	50	36	
698	140.718750	B3	59	35	722	87.500000	B3	59	36	
699	141.090625	G2	43	37	726	87.750000	G2	43	62	
700	141.148958	E5	76	68	725	87.750000	E5	76	75	
701	141.192708	B4	71	34	724	87.750000	B4	71	75	
702	141.221875	G4	67	4	723	87.750000	G4	67	75	
703	141.492708	D3	50	28	727	87.998437	D3	50	62	
704	141.733333	G3	55	39	728	88.250000	G3	55	62	
705	142.072917	B3	59	42	730	88.500000	B3	59	62	
706	142.117708	D5	74	52	729	88.500000	D5	74	75	
707	142.352083	G3	55	54	734	88.748437	G3	55	62	
708	142.352083	D5	74	66	733	88.748437	D5	74	75	
709	142.373958	G4	67	29	731	88.748437	G4	67	75	
710	142.593750	B4	71	62	736	89.000000	B4	71	75	
711	142.593750	D5	74	70	737	89.000000	D5	74	75	
712	142.600000	D3	50	61	738	89.000000	D3	50	62	
713	142.655208	G4	67	17	735	89.000000	G4	67	75	
714	142.835417	B3	59	74	742	89.250000	B3	59	62	
715	142.838542	G4	67	52	739	89.250000	G4	67	75	
716	142.839583	D5	74	70	741	89.250000	D5	74	75	
717	142.845833	B4	71	65	740	89.250000	B4	71	75	
718	143.086458	D5	74	80	745	89.498437	D5	74	75	
719	143.089583	G4	67	61	743	89.498437	G4	67	75	
720	143.095833	B4	71	65	744	89.498437	B4	71	75	
721	143.100000	G3	55	50	746	89.498437	G3	55	62	
722	143.345833	D3	50	53	750	89.750000	D3	50	62	
723	143.670833	E2	40	58	754	90.000000	E2	40	75	
724	143.683333	A5	81	87	753	90.000000	A5	81	88	
725	143.705208	B4	71	71	751	90.000000	B4	71	88	
726	143.732292	E5	76	46	752	90.000000	E5	76	88	
727	143.827083	E5	76	27	*	-1	*	-1	-1	
728	143.961458	E3	52	73	755	90.248437	E3	52	75	
729	144.201042	G3	55	82	756	90.500000	G3	55	75	
730	144.453125	B3	59	84	758	90.750000	B3	59	75	
731	144.458333	G5	79	86	757	90.750000	G5	79	88	
732	144.695833	G3	55	79	762	90.998437	G3	55	75	
733	144.715625	E5	76	79	760	90.998437	E5	76	88	
734	144.715625	G5	79	86	761	90.998437	G5	79	88	
735	144.716667	B4	71	74	759	90.998437	B4	71	88	
736	144.939583	E3	52	80	766	91.250000	E3	52	75	
737	144.941667	G5	79	92	765	91.250000	G5	79	88	
738	144.946875	E5	76	83	764	91.250000	E5	76	88	
739	144.950000	B4	71	83	763	91.250000	B4	71	88	
740	145.188542	B3	59	84	770	91.500000	B3	59	88	
741	145.192708	G5	79	97	769	91.500000	G5	79	101	
742	145.194792	B4	71	85	767	91.500000	B4	71	101	
743	145.194792	E5	76	89	768	91.500000	E5	76	101	
744	145.429167	G3	55	66	774	91.748437	G3	55	88	
745	145.435417	E5	76	83	772	91.748437	E5	76	101	
746	145.435417	G5	79	90	773	91.748437	G5	79	101	
747	145.437500	B4	71	79	771	91.748437	B4	71	101	
748	145.673958	E3	52	69	778	92.000000	E3	52	88	
749	145.680208	G5	79	94	777	92.000000	G5	79	101	
750	145.685417	B4	71	81	775	92.000000	B4	71	101	
751	146.063542	A1	33	77	782	92.250000	A1	33	101	
752	146.067708	A2	45	85	783	92.250000	A2	45	101	
753	146.069792	G5	79	100	780	92.250000	G5	79	114	
754	146.070833	E6	88	96	781	92.250000	E6	88	114	
755	146.073958	E5	76	91	779	92.250000	E5	76	114	
756	146.975000	C#6	85	87	784	93.000000	C#6	85	114	
757	147.235417	C#6	85	88	787	93.248437	C#6	85	114	
758	147.250000	E5	76	74	785	93.248437	E5	76	114	
759	147.254167	G5	79	68	786	93.248437	G5	79	114	
760	147.482292	C#6	85	90	790	93.500000	C#6	85	114	
761	147.486458	E5	76	74	788	93.500000	E5	76	114	
762	147.496875	G5	79	73	789	93.500000	G5	79	114	
763	147.736458	C#6	85	91	793	93.750000	C#6	85	114	
764	147.743750	E5	76	76	791	93.750000	E5	76	114	
765	147.746875	G5	79	81	792	93.750000	G5	79	114	
766	147.976042	E5	76	70	794	93.998437	E5	76	114	
767	147.981250	G5	79	80	795	93.998437	G5	79	114	
768	147.981250	C#6	85	88	796	93.998437	C#6	85	114	
769	148.213542	C#6	85	97	799	94.250000	C#6	85	114	
770	148.219792	E5	76	85	797	94.250000	E5	76	114	
771	148.221875	G5	79	54	798	94.250000	G5	79	114	
772	148.469792	Bb3	58	75	804	94.500000	Bb3	58	101	
773	148.470833	Bb2	46	74	803	94.500000	Bb2	46	101	
774	148.480208	G#5	80	91	801	94.500000	G#5	80	114	
775	148.483333	E5	76	90	800	94.500000	E5	76	114	
776	148.483333	E6	88	95	802	94.500000	E6	88	114	
777	149.330208	Bb2	46	67	809	95.250000	Bb2	46	101	
778	149.332292	Bb1	34	64	808	95.250000	Bb1	34	101	
779	149.345833	D6	86	79	807	95.250000	D6	86	114	
780	149.608333	Bb2	46	53	811	95.498437	Bb2	46	101	
781	149.626042	Bb1	34	49	810	95.498437	Bb1	34	101	
782	149.861458	Bb2	46	51	813	95.750000	Bb2	46	101	
783	149.869792	Bb1	34	41	812	95.750000	Bb1	34	101	
784	150.111458	Bb2	46	54	815	96.000000	Bb2	46	101	
785	150.121875	Bb1	34	48	814	96.000000	Bb1	34	101	
786	150.373958	Bb2	46	51	817	96.248438	Bb2	46	101	
787	150.412500	Bb1	34	37	816	96.248438	Bb1	34	101	
788	150.639583	Bb1	34	43	818	96.500000	Bb1	34	101	
789	150.641667	Bb2	46	50	819	96.500000	Bb2	46	101	
790	151.003125	A2	45	37	824	96.750000	A2	45	36	
791	151.017708	A1	33	31	823	96.750000	A1	33	36	
792	151.080208	E5	76	67	820	96.750000	E5	76	49	
793	151.111458	G4	67	39	822	96.750000	G4	67	36	
794	151.113542	E4	64	37	821	96.750000	E4	64	36	
795	152.093750	C#5	73	44	825	97.500000	C#5	73	49	
796	152.446875	E4	64	34	827	97.748438	E4	64	36	
797	152.446875	C#5	73	53	826	97.748438	C#5	73	49	
798	152.469792	G4	67	26	828	97.748438	G4	67	36	
799	152.694792	C#5	73	60	829	98.000000	C#5	73	49	
800	152.705208	E4	64	43	830	98.000000	E4	64	36	
801	152.941667	G4	67	61	834	98.250000	G4	67	36	
802	152.942708	C#5	73	73	832	98.250000	C#5	73	49	
803	152.958333	E4	64	47	833	98.250000	E4	64	36	
804	153.175000	G4	67	65	837	98.498438	G4	67	36	
805	153.178125	C#5	73	75	835	98.498438	C#5	73	49	
806	153.212500	E4	64	30	836	98.498438	E4	64	36	
807	153.412500	C#5	73	81	838	98.750000	C#5	73	49	
808	153.417708	E4	64	54	839	98.750000	E4	64	36	
809	153.666667	Bb2	46	43	844	99.000000	Bb2	46	36	
810	153.725000	E5	76	69	843	99.000000	E5	76	49	
811	153.736458	E4	64	45	841	99.000000	E4	64	49	
812	153.737500	G#4	68	57	842	99.000000	G#4	68	49	
813	154.526042	D5	74	49	845	99.750000	D5	74	49	
814	154.536458	Bb1	34	21	846	99.750000	Bb1	34	36	
815	154.809375	Bb1	34	39	847	99.998438	Bb1	34	36	
816	155.051042	Bb1	34	40	848	100.250000	Bb1	34	36	
817	155.325000	Bb1	34	47	849	100.500000	Bb1	34	36	
818	155.573958	Bb1	34	43	850	100.748438	Bb1	34	36	
819	155.886458	Bb1	34	28	851	101.000000	Bb1	34	36	
820	156.163542	A1	33	31	855	101.250000	A1	33	36	
821	156.184375	C#5	73	55	854	101.250000	C#5	73	36	
822	156.202083	A4	69	48	853	101.250000	A4	69	36	
823	156.207292	E4	64	40	852	101.250000	E4	64	36	
824	157.109375	A4	69	54	858	102.000000	A4	69	36	
825	157.120833	C#4	61	45	856	102.000000	C#4	61	36	
826	157.142708	E4	64	34	857	102.000000	E4	64	36	
827	157.376042	A2	45	38	859	102.248438	A2	45	36	
828	157.627083	A2	45	39	860	102.500000	A2	45	36	
829	157.914583	A2	45	37	861	102.750000	A2	45	36	
830	158.191667	A2	45	32	862	102.998438	A2	45	36	
831	158.482292	A2	45	39	863	103.250000	A2	45	36	
832	158.842708	B4	71	56	866	103.500000	B4	71	36	
833	158.857292	A1	33	32	867	103.500000	A1	33	36	
834	158.864583	D4	62	41	864	103.500000	D4	62	36	
835	158.887500	G4	67	20	865	103.500000	G4	67	36	
836	159.783333	G4	67	50	870	104.250000	G4	67	36	
837	159.819792	B3	59	38	868	104.250000	B3	59	36	
838	159.829167	D4	62	31	869	104.250000	D4	62	36	
839	160.097917	A2	45	32	871	104.498438	A2	45	36	
840	160.370833	A2	45	41	872	104.750000	A2	45	36	
841	160.644792	A2	45	42	873	105.000000	A2	45	36	
842	160.936458	A2	45	39	874	105.248438	A2	45	36	
843	161.210417	A2	45	39	875	105.500000	A2	45	36	
844	161.579167	A4	69	47	878	105.750000	A4	69	36	
845	161.584375	D4	62	32	876	105.750000	D4	62	36	
846	161.603125	F#4	66	38	877	105.750000	F#4	66	36	
847	162.593750	A3	57	29	880	106.514611	A3	57	36	
848	162.595833	D4	62	34	881	106.514611	D4	62	36	
849	162.611458	F#4	66	39	882	106.514611	F#4	66	36	
850	162.884375	A1	33	31	883	106.783192	A1	33	36	
851	163.179167	A1	33	29	884	107.060861	A1	33	36	
852	163.490625	A1	33	34	885	107.342551	A1	33	36	
853	163.792708	A1	33	30	886	107.639193	A1	33	36	
854	164.115625	A1	33	33	887	107.946562	A1	33	36	
855	164.536458	A2	45	31	892	108.259062	A2	45	36	
856	164.541667	G4	67	41	891	108.259062	G4	67	36	
857	164.559375	E4	64	37	890	108.259062	E4	64	36	
858	164.571875	C#4	61	27	889	108.259062	C#4	61	36	
859	164.576042	A3	57	28	888	108.259062	A3	57	36	
860	165.831250	E4	64	38	896	109.268107	E4	64	36	
861	165.876042	G3	55	30	893	109.268107	G3	55	36	
862	165.916667	C#4	61	12	895	109.268107	C#4	61	36	
863	165.970833	A3	57	3	894	109.268107	A3	57	36	
864	166.254167	A1	33	18	897	109.636163	A1	33	36	
865	166.600000	A1	33	23	898	110.008848	A1	33	36	
866	166.954167	A1	33	23	899	110.379218	A1	33	36	
867	167.366667	A1	33	8	900	110.747274	A1	33	36	
868	167.829167	A1	33	22	901	111.119959	A1	33	36	
869	169.135417	B4	71	57	904	111.490329	B4	71	62	
870	169.155208	F#3	54	35	906	111.490329	F#3	54	36	
871	169.163542	F#4	66	45	903	111.490329	F#4	66	57	
872	169.166667	D3	50	34	905	111.490329	D3	50	36	
873	169.168750	D4	62	36	902	111.490329	D4	62	52	
874	170.984375	A4	69	37	907	112.240329	A4	69	36	
875	171.606250	A4	69	42	910	112.615329	A4	69	36	
876	171.652083	D4	62	9	908	112.615329	D4	62	36	
877	171.652083	F#4	66	24	909	112.615329	F#4	66	36	
878	172.145833	A4	69	49	913	112.990329	A4	69	36	
879	172.151042	F#4	66	33	912	112.990329	F#4	66	36	
880	172.171875	D4	62	25	911	112.990329	D4	62	36	
881	172.679167	A4	69	56	916	113.365329	A4	69	36	
882	172.696875	F#4	66	45	915	113.365329	F#4	66	36	
883	172.697917	D4	62	35	914	113.365329	D4	62	36	
884	173.391667	B3	59	48	921	113.740329	B3	59	62	
885	173.396875	F#4	66	48	918	113.740329	F#4	66	36	
886	173.397917	F#3	54	30	920	113.740329	F#3	54	57	
887	173.410417	D3	50	27	919	113.740329	D3	50	52	
888	173.439583	D4	62	18	917	113.740329	D4	62	36	
889	174.608333	A3	57	35	922	114.490329	A3	57	36	
890	175.160417	F#4	66	45	923	114.865329	F#4	66	36	
891	175.184375	A3	57	35	926	114.865329	A3	57	36	
892	175.188542	D3	50	25	924	114.865329	D3	50	36	
893	175.192708	F#3	54	32	925	114.865329	F#3	54	36	
894	175.702083	D3	50	31	928	115.240329	D3	50	36	
895	175.702083	A3	57	39	930	115.240329	A3	57	36	
896	175.712500	D4	62	51	927	115.240329	D4	62	36	
897	175.723958	F#3	54	28	929	115.240329	F#3	54	36	
898	176.214583	F#4	66	66	931	115.615329	F#4	66	36	
899	176.218750	A3	57	37	934	115.615329	A3	57	36	
900	176.231250	D3	50	28	932	115.615329	D3	50	36	
901	176.291667	F#3	54	17	933	115.615329	F#3	54	36	
902	176.822917	B4	71	63	937	115.990329	B4	71	62	
903	176.836458	E4	64	42	935	115.990329	E4	64	52	
904	176.838542	E3	52	38	939	115.990329	E3	52	36	
905	176.839583	C#3	49	33	938	115.990329	C#3	49	36	
906	176.850000	G4	67	40	936	115.990329	G4	67	57	
907	178.183333	A4	69	51	940	116.740329	A4	69	36	
908	178.768750	A4	69	45	943	117.115329	A4	69	36	
909	178.769792	A3	57	50	946	117.115329	A3	57	36	
910	178.782292	C#3	49	33	944	117.115329	C#3	49	36	
911	178.816667	E3	52	35	945	117.115329	E3	52	36	
912	179.292708	A4	69	57	949	117.490329	A4	69	36	
913	179.303125	E3	52	62	951	117.490329	E3	52	36	
914	179.325000	C#3	49	43	950	117.490329	C#3	49	36	
915	179.810417	E3	52	52	956	117.865329	E3	52	36	
916	179.811458	A3	57	68	957	117.865329	A3	57	36	
917	179.813542	A4	69	59	954	117.865329	A4	69	36	
918	179.815625	C#3	49	49	955	117.865329	C#3	49	36	
919	179.871875	E4	64	20	952	117.865329	E4	64	36	
920	180.488542	B3	59	64	962	118.240329	B3	59	36	
921	180.493750	E4	64	55	958	118.240329	E4	64	36	
922	180.506250	G3	55	43	961	118.240329	G3	55	36	
923	180.510417	E3	52	39	960	118.240329	E3	52	36	
924	180.516667	C#3	49	39	959	118.240329	C#3	49	36	
925	181.778125	A3	57	40	963	118.990329	A3	57	36	
926	182.354167	G4	67	51	964	119.365329	G4	67	36	
927	182.375000	A3	57	24	968	119.365329	A3	57	36	
928	182.378125	G3	55	29	967	119.365329	G3	55	36	
929	182.402083	E3	52	23	966	119.365329	E3	52	36	
930	182.421875	C#3	49	11	965	119.365329	C#3	49	36	
931	182.896875	G3	55	27	972	119.740329	G3	55	36	
932	182.900000	E4	64	62	969	119.740329	E4	64	36	
933	182.915625	A3	57	36	973	119.740329	A3	57	36	
934	182.922917	C#3	49	21	970	119.740329	C#3	49	36	
935	182.927083	E3	52	24	971	119.740329	E3	52	36	
936	183.405208	A3	57	37	978	120.115329	A3	57	36	
937	183.420833	G4	67	67	974	120.115329	G4	67	36	
938	183.441667	C#3	49	30	975	120.115329	C#3	49	36	
939	183.452083	E3	52	37	976	120.115329	E3	52	36	
940	184.002083	B4	71	66	981	120.490329	B4	71	62	
941	184.018750	D3	50	34	982	120.490329	D3	50	36	
942	184.018750	F#3	54	37	983	120.490329	F#3	54	36	
943	184.030208	F#4	66	43	980	120.490329	F#4	66	57	
944	184.047917	D4	62	25	979	120.490329	D4	62	52	
945	185.319792	A4	69	37	984	121.240329	A4	69	36	
946	185.892708	A4	69	52	987	121.615329	A4	69	36	
947	185.901042	F#3	54	47	989	121.615329	F#3	54	36	
948	185.925000	F#4	66	28	986	121.615329	F#4	66	36	
949	185.926042	D3	50	37	988	121.615329	D3	50	36	
950	186.434375	A4	69	59	992	121.990329	A4	69	36	
951	186.437500	A3	57	63	995	121.990329	A3	57	36	
952	186.439583	F#4	66	46	991	121.990329	F#4	66	36	
953	186.468750	D3	50	39	993	121.990329	D3	50	36	
954	187.005208	F#3	54	66	1000	122.365329	F#3	54	36	
955	187.005208	A4	69	70	998	122.365329	A4	69	36	
956	187.019792	F#4	66	55	997	122.365329	F#4	66	36	
957	187.028125	D3	50	53	999	122.365329	D3	50	36	
958	187.765625	E5	76	74	1002	122.740329	E5	76	62	
959	187.769792	C#4	61	63	1005	122.740329	C#4	61	62	
960	187.781250	F#4	66	59	1001	122.740329	F#4	66	54	
961	187.788542	F#3	54	43	1004	122.740329	F#3	54	57	
962	187.792708	B2	47	39	1003	122.740329	B2	47	52	
963	189.162500	D5	74	43	1006	123.490329	D5	74	36	
964	189.171875	B3	59	26	1007	123.490329	B3	59	36	
965	189.759375	B3	59	49	1010	123.865329	B3	59	36	
966	189.760417	D5	74	59	1009	123.865329	D5	74	36	
967	189.765625	D4	62	47	1011	123.865329	D4	62	36	
968	189.770833	F#4	66	48	1008	123.865329	F#4	66	36	
969	190.343750	D5	74	76	1013	124.240329	D5	74	75	
970	190.348958	A3	57	65	1014	124.240329	A3	57	62	
971	190.352083	F#4	66	67	1012	124.240329	F#4	66	75	
972	190.355208	D4	62	71	1015	124.240329	D4	62	62	
973	190.986458	D5	74	87	1017	124.615329	D5	74	75	
974	190.995833	D4	62	62	1019	124.615329	D4	62	62	
975	190.996875	B4	71	80	1016	124.615329	B4	71	75	
976	191.011458	G3	55	59	1018	124.615329	G3	55	62	
977	191.686458	B5	83	91	1022	124.990329	B5	83	114	
978	191.691667	D5	74	84	1021	124.990329	D5	74	109	
979	191.694792	A4	69	93	1020	124.990329	A4	69	104	
980	191.700000	F#2	42	67	1023	124.990329	F#2	42	91	
981	191.703125	D3	50	64	1024	124.990329	D3	50	96	
982	191.703125	A3	57	64	1025	124.990329	A3	57	101	
983	193.125000	A5	81	66	1026	125.740329	A5	81	88	
984	193.706250	A5	81	80	1029	126.115329	A5	81	88	
985	193.708333	D5	74	64	1028	126.115329	D5	74	88	
986	193.714583	D4	62	49	1032	126.115329	D4	62	75	
987	193.716667	A4	69	61	1027	126.115329	A4	69	88	
988	193.729167	A3	57	40	1031	126.115329	A3	57	75	
989	193.750000	F#3	54	36	1030	126.115329	F#3	54	75	
990	194.255208	F#3	54	49	1036	126.490329	F#3	54	75	
991	194.256250	D5	74	73	1034	126.490329	D5	74	88	
992	194.263542	A5	81	77	1035	126.490329	A5	81	88	
993	194.265625	A4	69	69	1033	126.490329	A4	69	88	
994	194.267708	D4	62	45	1038	126.490329	D4	62	75	
995	194.298958	A3	57	19	1037	126.490329	A3	57	75	
996	194.795833	D4	62	34	1042	126.865329	D4	62	75	
997	194.801042	D6	86	80	1040	126.865329	D6	86	88	
998	194.807292	F#4	66	49	1043	126.865329	F#4	66	75	
999	194.810417	D5	74	68	1039	126.865329	D5	74	88	
1000	194.825000	A3	57	33	1041	126.865329	A3	57	75	
1001	195.632292	F#5	78	56	1046	127.240329	F#5	78	75	
1002	195.638542	A3	57	31	1047	127.240329	A3	57	54	
1003	195.650000	D4	62	37	1048	127.240329	D4	62	62	
1004	195.656250	A4	69	41	1045	127.240329	A4	69	70	
1005	195.662500	G4	67	39	1044	127.240329	G4	67	65	
1006	197.142708	E5	76	46	1049	127.990329	E5	76	49	
1007	197.152083	C#4	61	25	1050	127.990329	C#4	61	36	
1008	197.713542	E5	76	56	1053	128.365329	E5	76	49	
1009	197.736458	B3	59	33	1055	128.365329	B3	59	36	
1010	197.740625	B4	71	45	1052	128.365329	B4	71	49	
1011	197.762500	A3	57	20	1054	128.365329	A3	57	36	
1012	198.275000	E5	76	57	1058	128.740329	E5	76	49	
1013	198.278125	A4	69	46	1057	128.740329	A4	69	49	
1014	198.293750	A3	57	29	1059	128.740329	A3	57	36	
1015	198.308333	C#4	61	21	1060	128.740329	C#4	61	36	
1016	198.884375	A5	81	60	1063	129.115329	A5	81	49	
1017	198.902083	C#5	73	41	1062	129.115329	C#5	73	49	
1018	198.907292	A3	57	19	1064	129.115329	A3	57	36	
1019	198.918750	G4	67	21	1061	129.115329	G4	67	49	
1020	200.047917	F2	41	29	1067	129.490329	F2	41	36	
1021	200.057292	Bb4	70	45	1066	129.490329	Bb4	70	36	
1022	200.060417	D3	50	23	1068	129.490329	D3	50	36	
1023	200.079167	F3	53	28	1069	129.490329	F3	53	36	
1024	200.084375	D4	62	27	1065	129.490329	D4	62	36	
1025	201.485417	A4	69	41	1070	130.240329	A4	69	36	
1026	202.086458	D3	50	33	1074	130.615329	D3	50	36	
1027	202.092708	A4	69	48	1072	130.615329	A4	69	36	
1028	202.105208	F2	41	26	1073	130.615329	F2	41	36	
1029	202.113542	F3	53	32	1075	130.615329	F3	53	36	
1030	202.146875	D4	62	12	1071	130.615329	D4	62	36	
1031	202.643750	A4	69	55	1077	130.990329	A4	69	36	
1032	202.669792	F3	53	25	1080	130.990329	F3	53	36	
1033	202.670833	D3	50	25	1079	130.990329	D3	50	36	
1034	202.675000	F2	41	11	1078	130.990329	F2	41	36	
1035	202.689583	D4	62	38	1076	130.990329	D4	62	36	
1036	203.193750	D5	74	55	1082	131.365329	D5	74	36	
1037	203.213542	A2	45	33	1083	131.365329	A2	45	36	
1038	203.215625	D4	62	34	1081	131.365329	D4	62	36	
1039	203.219792	F3	53	25	1085	131.365329	F3	53	36	
1040	203.250000	D3	50	3	1084	131.365329	D3	50	36	
1041	203.921875	F4	65	48	1087	131.740329	F4	65	36	
1042	203.935417	G3	55	27	1089	131.740329	G3	55	36	
1043	203.940625	C#4	61	42	1086	131.740329	C#4	61	36	
1044	203.956250	A2	45	29	1088	131.740329	A2	45	36	
1045	205.386458	E4	64	35	1091	132.490329	E4	64	36	
1046	206.035417	E4	64	36	1093	132.865329	E4	64	36	
1047	206.048958	G3	55	13	1095	132.865329	G3	55	36	
1048	206.054167	A2	45	12	1094	132.865329	A2	45	36	
1049	206.068750	C#4	61	15	1092	132.865329	C#4	61	36	
1050	206.643750	E4	64	38	1097	133.240329	E4	64	36	
1051	206.650000	C#4	61	31	1096	133.240329	C#4	61	36	
1052	206.658333	A2	45	24	1098	133.240329	A2	45	36	
1053	206.659375	G3	55	24	1099	133.240329	G3	55	36	
1054	207.313542	A4	69	45	1101	133.615329	A4	69	36	
1055	207.339583	A2	45	31	1102	133.615329	A2	45	36	
1056	207.342708	G3	55	21	1103	133.615329	G3	55	36	
1057	207.343750	C#4	61	26	1100	133.615329	C#4	61	36	
1058	208.206250	F3	53	11	1105	133.990329	F3	53	36	
1059	208.237500	E5	76	51	1104	133.990329	E5	76	36	
1060	208.663542	A3	57	27	1106	134.177829	A3	57	36	
1061	209.023958	D4	62	14	1107	134.365329	D4	62	36	
1062	209.283333	A3	57	31	1108	134.552829	A3	57	36	
1063	209.585417	F3	53	25	1110	134.740329	F3	53	36	
1064	209.595833	D5	74	39	1109	134.740329	D5	74	36	
1065	209.881250	A3	57	22	1111	134.927829	A3	57	36	
1066	210.146875	D5	74	55	1112	135.115329	D5	74	36	
1067	210.179167	D4	62	32	1113	135.115329	D4	62	36	
1068	210.404167	A3	57	33	1114	135.302829	A3	57	36	
1069	210.662500	D5	74	61	1115	135.490329	D5	74	36	
1070	210.692708	F3	53	24	1116	135.490329	F3	53	36	
1071	210.951042	A3	57	37	1117	135.677829	A3	57	36	
1072	211.238542	D5	74	61	1118	135.865329	D5	74	36	
1073	211.257292	D4	62	26	1119	135.865329	D4	62	36	
1074	211.501042	A3	57	30	1120	136.052829	A3	57	36	
1075	211.862500	E3	52	23	1122	136.240329	E3	52	36	
1076	211.953125	A5	81	68	1121	136.240329	A5	81	36	
1077	212.303125	G3	55	31	1123	136.427829	G3	55	36	
1078	212.590625	C#4	61	31	1124	136.615329	C#4	61	36	
1079	212.845833	G3	55	36	1125	136.802829	G3	55	36	
1080	213.134375	E3	52	31	1126	136.990329	E3	52	36	
1081	213.375000	G3	55	30	1127	137.177829	G3	55	36	
1082	213.654167	C#4	61	29	1128	137.365329	C#4	61	36	
1083	213.898958	G3	55	29	1129	137.552829	G3	55	36	
1084	214.201042	E3	52	35	1130	137.740329	E3	52	36	
1085	214.481250	G3	55	42	1131	137.927829	G3	55	36	
1086	214.759375	C#4	61	35	1132	138.115329	C#4	61	36	
1087	215.051042	G3	55	38	1133	138.302829	G3	55	36	
1088	215.405208	F#3	54	24	1135	138.490329	F3	53	36	
1089	215.531250	E5	76	58	1134	138.490329	E5	76	36	
1090	215.912500	A3	57	26	1136	138.677829	A3	57	36	
1091	216.275000	D4	62	27	1137	138.865329	D4	62	36	
1092	216.550000	A3	57	31	1138	139.052829	A3	57	36	
1093	216.827083	F#3	54	30	1140	139.240329	F3	53	36	
1094	216.944792	D5	74	43	1139	139.240329	D5	74	36	
1095	217.168750	A3	57	27	1141	139.427829	A3	57	36	
1096	217.479167	D5	74	55	1142	139.615329	D5	74	36	
1097	217.482292	D4	62	34	1143	139.615329	D4	62	36	
1098	217.737500	A3	57	22	1144	139.802829	A3	57	36	
1099	217.953125	F#3	54	26	1146	139.990329	F3	53	36	
1100	218.016667	D5	74	59	1145	139.990329	D5	74	36	
1101	218.229167	A3	57	30	1147	140.177829	A3	57	36	
1102	218.528125	D4	62	27	1149	140.365329	D4	62	36	
1103	218.528125	D5	74	63	1148	140.365329	D5	74	36	
1104	218.771875	A3	57	24	1150	140.552829	A3	57	36	
1105	219.032292	E3	52	28	1152	140.740329	E3	52	36	
1106	219.154167	Bb5	82	75	1151	140.740329	Bb5	82	36	
1107	219.416667	G3	55	31	1153	140.927829	G3	55	36	
1108	219.681250	C#4	61	35	1154	141.115329	C#4	61	36	
1109	219.885417	G3	55	23	1155	141.302829	G3	55	36	
1110	220.146875	E3	52	29	1156	141.490329	E3	52	36	
1111	220.430208	G3	55	30	1157	141.677829	G3	55	36	
1112	220.712500	C#4	61	33	1158	141.865329	C#4	61	36	
1113	220.959375	G3	55	29	1159	142.052829	G3	55	36	
1114	221.264583	E3	52	31	1160	142.240329	E3	52	36	
1115	221.525000	G3	55	32	1161	142.427829	G3	55	36	
1116	221.812500	C#4	61	34	1162	142.615329	C#4	61	36	
1117	222.094792	G3	55	38	1163	142.802829	G3	55	36	
1118	222.356250	F3	53	28	1165	142.990329	F3	53	36	
1119	222.465625	A5	81	64	1164	142.990329	A5	81	49	
1120	222.744792	A3	57	25	1166	143.177829	A3	57	36	
1121	223.017708	D4	62	33	1167	143.365329	D4	62	36	
1122	223.258333	D3	50	37	1168	143.552829	D3	50	36	
1123	223.526042	G3	55	28	1171	143.740329	G3	55	49	
1124	223.552083	E3	52	28	1170	143.740329	E3	52	49	
1125	223.575000	G5	79	57	1169	143.740329	G5	79	62	
1126	223.825000	D4	62	37	1172	143.927829	D4	62	49	
1127	224.060417	F5	77	61	1173	144.115329	F5	77	62	
1128	224.131250	A3	57	31	1175	144.115329	A3	57	49	
1129	224.303125	D4	62	19	1176	144.302829	D4	62	49	
1130	224.579167	E5	76	67	1177	144.490329	E5	76	49	
1131	224.598958	Bb3	58	28	1179	144.490329	Bb3	58	36	
1132	224.610417	G3	55	19	1178	144.490329	G3	55	36	
1133	224.825000	D4	62	40	1180	144.677829	D4	62	36	
1134	225.071875	D5	74	61	1181	144.865329	D5	74	49	
1135	225.072917	A3	57	40	1183	144.865329	A3	57	36	
1136	225.082292	F3	53	27	1182	144.865329	F3	53	36	
1137	225.277083	D4	62	34	1184	145.052829	D4	62	36	
1138	225.626042	G2	43	40	1186	145.240329	G2	43	36	
1139	225.743750	Bb4	70	63	1185	145.240329	Bb4	70	49	
1140	226.012500	Bb2	46	30	1187	145.427829	Bb2	46	36	
1141	226.292708	G3	55	34	1188	145.615329	G3	55	36	
1142	226.522917	G2	43	35	1189	145.802829	G2	43	36	
1143	226.821875	A2	45	25	1191	145.990329	A2	45	49	
1144	226.854167	C#3	49	30	1192	145.990329	C#3	49	49	
1145	226.887500	A4	69	67	1190	145.990329	A4	69	62	
1146	227.160417	G3	55	38	1193	146.177829	A3	57	49	
1147	227.379167	D3	50	42	1196	146.365329	D3	50	49	
1148	227.385417	G4	67	58	1194	146.365329	G4	67	62	
1149	227.387500	Bb2	46	41	1195	146.365329	Bb2	46	49	
1150	227.611458	G3	55	41	1197	146.552829	A3	57	49	
1151	227.878125	F4	65	57	1198	146.740329	F4	65	49	
1152	227.884375	A2	45	34	1199	146.740329	A2	45	36	
1153	227.886458	D3	50	38	1200	146.740329	D3	50	36	
1154	228.131250	A3	57	36	1201	146.927829	A3	57	36	
1155	228.409375	E4	64	68	1202	147.115329	E4	64	49	
1156	228.410417	G2	43	39	1203	147.115329	G2	43	36	
1157	228.421875	D3	50	27	1204	147.115329	D3	50	36	
1158	228.686458	Bb3	58	50	1205	147.302829	Bb3	58	36	
1159	228.978125	A2	45	38	1207	147.490329	A2	45	36	
1160	229.078125	D4	62	66	1206	147.490329	D4	62	49	
1161	229.382292	F3	53	38	1208	147.677829	F3	53	36	
1162	229.647917	A3	57	44	1209	147.865329	A3	57	36	
1163	229.890625	F3	53	43	1210	148.052829	F3	53	36	
1164	230.136458	A2	45	46	1211	148.240329	A2	45	36	
1165	230.417708	C#4	61	53	1212	148.427829	C#4	61	49	
1166	230.427083	F3	53	21	1213	148.427829	F3	53	36	
1167	230.587500	D4	62	70	1214	148.521579	D4	62	49	
1168	230.673958	A3	57	38	1216	148.615329	A3	57	36	
1169	230.710417	E4	64	71	1215	148.615329	E4	64	49	
1170	230.830208	D4	62	76	1217	148.709079	D4	62	49	
1171	230.886458	F3	53	36	1219	148.802829	F3	53	36	
1172	230.927083	C#4	61	74	1218	148.802829	C#4	61	49	
1173	231.052083	D4	62	69	1220	148.896579	D4	62	49	
1174	231.156250	A2	45	43	1222	148.990329	A2	45	36	
1175	231.215625	F4	65	70	1221	148.990329	F4	65	49	
1176	231.505208	G3	55	48	1223	149.177829	G3	55	36	
1177	231.852083	A3	57	40	1224	149.365329	A3	57	36	
1178	232.223958	G3	55	31	1226	149.552829	G3	55	36	
1179	232.234375	E4	64	56	1225	149.552829	E4	64	49	
1180	232.875000	F#3	54	34	1228	149.740329	F#3	54	36	
1181	233.048958	A5	81	69	1227	149.740329	A5	81	49	
1182	233.487500	A3	57	41	1229	149.927829	A3	57	36	
1183	233.779167	D4	62	41	1230	150.115329	D4	62	36	
1184	234.036458	D3	50	40	1231	150.302829	D3	50	36	
1185	234.273958	G3	55	42	1234	150.490329	G3	55	49	
1186	234.283333	E3	52	37	1233	150.490329	E3	52	49	
1187	234.390625	G5	79	67	1232	150.490329	G5	79	62	
1188	234.541667	D4	62	33	1235	150.677829	D4	62	49	
1189	234.809375	F#5	78	71	1236	150.865329	F#5	78	62	
1190	234.815625	F#3	54	33	1237	150.865329	F#3	54	49	
1191	234.838542	A3	57	41	1238	150.865329	A3	57	49	
1192	235.073958	D4	62	41	1239	151.052829	D4	62	49	
1193	235.297917	E5	76	71	1240	151.240329	E5	76	49	
1194	235.308333	G3	55	34	1241	151.240329	G3	55	36	
1195	235.310417	B3	59	38	1242	151.240329	B3	59	36	
1196	235.506250	D4	62	45	1243	151.427829	D4	62	36	
1197	235.756250	F#3	54	30	1245	151.615329	F#3	54	36	
1198	235.760417	A3	57	39	1246	151.615329	A3	57	36	
1199	235.768750	D5	74	67	1244	151.615329	D5	74	49	
1200	235.951042	D4	62	43	1247	151.802829	D4	62	36	
1201	236.239583	G2	43	46	1250	151.990329	G2	43	36	
1202	236.340625	C#5	73	65	1248	151.896579	C#5	73	49	
1203	236.589583	B2	47	34	1251	152.177829	B2	47	36	
1204	236.707292	B4	71	61	1249	151.990329	B4	71	49	
1205	236.925000	G3	55	41	1252	152.365329	G3	55	36	
1206	237.178125	G2	43	34	1253	152.552829	G2	43	36	
1207	237.455208	C#3	49	37	1256	152.740329	C#3	49	36	
1208	237.462500	A4	69	60	1254	152.740329	A4	69	49	
1209	237.465625	A2	45	25	1255	152.740329	A2	45	36	
1210	237.730208	G3	55	46	1257	152.927829	A3	57	36	
1211	237.957292	B2	47	44	1259	153.115329	B2	47	36	
1212	237.957292	G4	67	62	1258	153.115329	G4	67	49	
1213	237.961458	D3	50	47	1260	153.115329	D3	50	36	
1214	238.210417	G3	55	57	1261	153.302829	A3	57	36	
1215	238.485417	F#4	66	66	1262	153.490329	F#4	66	49	
1216	238.491667	A2	45	46	1263	153.490329	A2	45	36	
1217	238.501042	D3	50	49	1264	153.490329	D3	50	36	
1218	238.770833	A3	57	52	1265	153.677829	A3	57	36	
1219	239.039583	D3	50	47	1268	153.865329	D3	50	36	
1220	239.046875	G#2	44	43	1267	153.865329	G#2	44	36	
1221	239.057292	E4	64	62	1266	153.865329	E4	64	49	
1222	239.377083	B3	59	47	1269	154.052829	B3	59	36	
1223	239.693750	A2	45	37	1271	154.240329	A2	45	36	
1224	239.783333	A4	69	61	1270	154.240329	A4	69	49	
1225	240.128125	F#3	54	45	1272	154.427829	F#3	54	36	
1226	240.405208	A3	57	43	1273	154.615329	A3	57	36	
1227	240.661458	F#3	54	35	1274	154.802829	F#3	54	36	
1228	240.932292	A2	45	30	1275	154.990329	A2	45	36	
1229	241.208333	F#3	54	40	1276	155.177829	F#3	54	36	
1230	241.487500	A3	57	32	1278	155.365329	A3	57	36	
1231	241.512500	D4	62	45	1277	155.365329	D4	62	49	
1232	241.800000	F#3	54	35	1279	155.552829	F#3	54	36	
1233	242.106250	A2	45	30	1281	155.740329	A2	45	36	
1234	242.170833	F#4	66	49	1280	155.740329	F#4	66	49	
1235	242.529167	G3	55	38	1282	155.927829	G3	55	36	
1236	242.885417	A3	57	43	1283	156.115329	A3	57	36	
1237	243.239583	E4	64	49	1284	156.302829	E4	64	49	
1238	243.261458	G3	55	30	1285	156.302829	G3	55	36	
1239	243.747917	D3	50	24	1287	156.490329	D3	50	36	
1240	243.759375	E4	64	49	1286	156.490329	E4	64	36	
1241	243.772917	F#3	54	34	1288	156.490329	F#3	54	36	
1242	245.240625	D4	62	25	1289	157.240329	D4	62	36	
1243	245.891667	D4	62	33	1290	157.615329	D4	62	36	
1244	246.443750	D4	62	45	1291	157.990329	D4	62	36	
1245	246.986458	D4	62	53	1292	158.365329	D4	62	36	
1246	247.608333	D3	50	34	1296	158.740329	D3	50	36	
1247	247.620833	G3	55	27	1297	158.740329	G3	55	36	
1248	247.635417	B4	71	63	1294	158.740329	B4	71	36	
1249	247.659375	E4	64	41	1295	158.740329	E4	64	36	
1250	247.686458	D4	62	29	1293	158.740329	D4	62	36	
1251	248.984375	A4	69	47	1299	159.490329	A4	69	36	
1252	249.012500	C#4	61	37	1298	159.490329	C#4	61	36	
1253	249.637500	A4	69	52	1302	159.865329	A4	69	36	
1254	249.658333	E3	52	39	1303	159.865329	E3	52	36	
1255	249.665625	G4	67	44	1301	159.865329	G4	67	36	
1256	249.673958	D3	50	34	1304	159.865329	D3	50	36	
1257	249.691667	C#4	61	13	1300	159.865329	C#4	61	36	
1258	250.226042	F#4	66	51	1306	160.240329	F#4	66	36	
1259	250.234375	A4	69	54	1307	160.240329	A4	69	36	
1260	250.235417	D3	50	43	1309	160.240329	D3	50	36	
1261	250.235417	F#3	54	41	1308	160.240329	F#3	54	36	
1262	250.269792	C#4	61	16	1305	160.240329	C#4	61	36	
1263	250.830208	A4	69	57	1312	160.615329	A4	69	36	
1264	250.836458	G3	55	52	1313	160.615329	G3	55	36	
1265	250.847917	E4	64	49	1311	160.615329	E4	64	36	
1266	250.852083	D3	50	41	1314	160.615329	D3	50	36	
1267	250.871875	C#4	61	36	1310	160.615329	C#4	61	36	
1268	251.717708	E4	64	56	1315	160.990329	E4	64	36	
1269	251.731250	D3	50	35	1319	160.990329	D3	50	36	
1270	251.735417	F#3	54	44	1316	160.990329	F#3	54	36	
1271	251.744792	A2	45	28	1318	160.990329	A2	45	36	
1272	251.754167	D2	38	31	1317	160.990329	D2	38	36	
1273	253.269792	D4	62	35	1320	161.740329	D4	62	36	
1274	253.895833	D4	62	43	1321	162.115329	D4	62	36	
1275	254.430208	D4	62	47	1322	162.490329	D4	62	36	
1276	255.092708	D4	62	46	1323	162.865329	D4	62	36	
1277	256.094792	Bb4	70	60	1326	163.240329	Bb4	70	36	
1278	256.102083	D4	62	44	1325	163.240329	D4	62	36	
1279	256.108333	E3	52	27	1329	163.240329	E3	52	36	
1280	256.111458	G2	43	26	1328	163.240329	G2	43	36	
1281	256.122917	Bb3	58	36	1324	163.240329	Bb3	58	36	
1282	256.144792	D2	38	28	1327	163.240329	D2	38	36	
1283	257.844792	A4	69	43	1332	163.990329	A4	69	36	
1284	257.854167	C#4	61	38	1331	163.990329	C#4	61	36	
1285	257.885417	A3	57	16	1330	163.990329	A3	57	36	
1286	258.626042	A4	69	44	1335	164.365329	A4	69	36	
1287	258.630208	C#3	49	35	1336	164.365329	C#3	49	36	
1288	258.635417	G2	43	17	1338	164.365329	G2	43	36	
1289	258.647917	A3	57	8	1333	164.365329	A3	57	36	
1290	258.651042	D2	38	28	1337	164.365329	D2	38	36	
1291	258.656250	E4	64	31	1334	164.365329	E4	64	36	
1292	259.306250	D4	62	38	1340	164.740329	D4	62	36	
1293	259.308333	A4	69	47	1341	164.740329	A4	69	36	
1294	259.322917	D3	50	36	1342	164.740329	D3	50	36	
1295	259.323958	F#2	42	34	1344	164.740329	F#2	42	36	
1296	259.331250	D2	38	31	1343	164.740329	D2	38	36	
1297	259.352083	A3	57	17	1339	164.740329	A3	57	36	
1298	260.064583	A4	69	49	1347	165.115329	A4	69	36	
1299	260.073958	G2	43	31	1350	165.115329	G2	43	36	
1300	260.076042	E3	52	32	1348	165.115329	E3	52	36	
1301	260.080208	C#4	61	40	1346	165.115329	C#4	61	36	
1302	260.091667	D2	38	37	1349	165.115329	D2	38	36	
1303	260.093750	A3	57	23	1345	165.115329	A3	57	36	
1304	261.202083	D3	50	34	1356	165.490329	D3	50	36	
1305	261.203125	A4	69	49	1353	165.490329	A4	69	36	
1306	261.214583	F#2	42	29	1355	165.490329	F#2	42	36	
1307	261.218750	D2	38	37	1354	165.490329	D2	38	36	
1308	261.219792	D4	62	35	1352	165.490329	D4	62	36	
1309	261.242708	A3	57	13	1351	165.490329	A3	57	36	
1310	263.650000	F#4	66	37	1359	166.990329	F#4	66	36	
1311	263.664583	A2	45	18	1361	166.990329	A2	45	36	
1312	263.669792	A3	57	16	1357	166.990329	A3	57	36	
1313	263.672917	D2	38	31	1360	166.990329	D2	38	36	
1314	263.689583	D4	62	21	1358	166.990329	D4	62	36	
1315	265.386458	D4	62	42	1364	167.740329	D4	62	36	
1316	265.397917	F#3	54	32	1362	167.740329	F#3	54	36	
1317	265.426042	D2	38	35	1365	167.740329	D2	38	36	
1318	265.431250	D3	50	23	1367	167.740329	D3	50	36	
1319	265.434375	A3	57	27	1363	167.740329	A3	57	36	
1320	265.438542	A2	45	20	1366	167.740329	A2	45	36	
*	-1	*	-1	-1	8	1.125000	D4	62	36	
*	-1	*	-1	-1	49	5.625000	G4	67	36	
*	-1	*	-1	-1	56	6.000000	G4	67	36	
*	-1	*	-1	-1	63	6.375000	G4	67	36	
*	-1	*	-1	-1	82	8.625000	C#3	49	36	
*	-1	*	-1	-1	110	10.875000	D4	62	36	
*	-1	*	-1	-1	140	15.000000	D4	62	64	
*	-1	*	-1	-1	179	19.875000	F#4	66	36	
*	-1	*	-1	-1	555	72.000000	G4	67	65	
*	-1	*	-1	-1	567	73.250000	G4	67	49	
*	-1	*	-1	-1	572	73.500000	B4	71	49	
*	-1	*	-1	-1	579	74.000000	G4	67	49	
*	-1	*	-1	-1	580	74.000000	B4	71	49	
*	-1	*	-1	-1	583	74.250000	G4	67	49	
*	-1	*	-1	-1	612	77.750000	C5	72	49	
*	-1	*	-1	-1	623	78.500000	A4	69	49	
*	-1	*	-1	-1	624	78.500000	C5	72	49	
*	-1	*	-1	-1	655	81.998437	B4	71	36	
*	-1	*	-1	-1	659	82.250000	B4	71	36	
*	-1	*	-1	-1	667	82.748437	B4	71	36	
*	-1	*	-1	-1	671	83.000000	B4	71	36	
*	-1	*	-1	-1	685	84.248437	F#4	66	36	
*	-1	*	-1	-1	689	84.500000	F#4	66	36	
*	-1	*	-1	-1	701	85.250000	F#4	66	36	
*	-1	*	-1	-1	719	87.000000	G4	67	36	
*	-1	*	-1	-1	732	88.748437	B4	71	75	
*	-1	*	-1	-1	747	89.750000	G4	67	75	
*	-1	*	-1	-1	748	89.750000	B4	71	75	
*	-1	*	-1	-1	749	89.750000	D5	74	75	
*	-1	*	-1	-1	776	92.000000	E5	76	101	
*	-1	*	-1	-1	805	95.250000	E5	76	114	
*	-1	*	-1	-1	806	95.250000	G#5	80	114	
*	-1	*	-1	-1	831	98.000000	G4	67	36	
*	-1	*	-1	-1	840	98.750000	G4	67	36	
*	-1	*	-1	-1	879	105.750000	A2	45	36	
*	-1	*	-1	-1	941	117.115329	E4	64	36	
*	-1	*	-1	-1	942	117.115329	G4	67	36	
*	-1	*	-1	-1	947	117.490329	E4	64	36	
*	-1	*	-1	-1	948	117.490329	G4	67	36	
*	-1	*	-1	-1	953	117.865329	G4	67	36	
*	-1	*	-1	-1	977	120.115329	G3	55	36	
*	-1	*	-1	-1	985	121.615329	D4	62	36	
*	-1	*	-1	-1	990	121.990329	D4	62	36	
*	-1	*	-1	-1	994	121.990329	F#3	54	36	
*	-1	*	-1	-1	996	122.365329	D4	62	36	
*	-1	*	-1	-1	1051	128.365329	G4	67	49	
*	-1	*	-1	-1	1056	128.740329	G4	67	49	
*	-1	*	-1	-1	1090	132.490329	C#4	61	36	
*	-1	*	-1	-1	1174	144.115329	F3	53	49	
*	-1	*	-1	-1	336	38.062500	B3	59	36	
*	-1	*	-1	-1	650	81.750000	B4	71	49	
