// alignID alignOntime alignSitch alignPitch alignOnvel refID refOntime refSitch refPitch refOnvel
0	1.028646	G#5	80	52	0	0.000000	G#5	80	65	
1	1.054688	F4	65	32	1	0.000000	F4	65	60	
2	1.055990	C#5	73	41	2	0.000000	C#5	73	60	
3	1.634115	A3	57	35	3	0.333333	A3	57	60	
4	1.949219	Bb3	58	49	4	0.666667	Bb3	58	60	
5	2.326823	C#4	61	42	5	1.000000	C#4	61	50	
6	2.740885	Bb3	58	36	6	1.333333	Bb3	58	50	
7	2.914062	F#5	78	56	7	1.500000	F#5	78	55	
8	2.951823	F#4	66	29	8	1.500000	F#4	66	50	
9	3.084635	C#3	49	36	9	1.666667	C#3	49	50	
10	3.377604	Bb3	58	33	11	2.000000	Bb3	58	40	
11	3.488281	C5	72	53	10	2.000000	C5	72	45	
12	3.763021	C#3	49	37	12	2.333333	C#3	49	40	
13	3.884115	C#5	73	71	13	2.500000	C#5	73	45	
14	3.970052	F#4	66	9	14	2.500000	F#4	66	40	
15	4.061198	F#2	42	38	15	2.666667	F#2	42	40	
16	4.321615	F#5	78	68	16	3.000000	F#5	78	65	
17	4.334635	C#5	73	43	18	3.000000	C#5	73	60	
18	4.417969	F#4	66	30	17	3.000000	F#4	66	60	
19	4.623698	G#3	56	45	19	3.333333	G#3	56	60	
20	4.881510	A3	57	53	20	3.666667	A3	57	60	
21	5.186198	C#4	61	48	21	4.000000	C#4	61	50	
22	5.442708	A3	57	49	22	4.333333	A3	57	50	
23	5.541667	E5	76	67	23	4.500000	E5	76	55	
24	5.657552	C#3	49	45	24	4.666667	C#3	49	50	
25	5.859375	C#4	61	40	27	5.000000	C#4	61	40	
26	5.950521	G#4	68	67	25	5.000000	G#4	68	45	
27	5.973958	E4	64	47	26	5.000000	E4	64	40	
28	6.191406	C#3	49	38	28	5.333333	C#3	49	40	
29	6.285156	A4	69	68	29	5.500000	A4	69	45	
30	6.458333	F#2	42	35	30	5.666667	F#2	42	40	
31	6.891927	C#5	73	67	31	6.000000	C#5	73	65	
32	6.916667	F#4	66	30	33	6.000000	F#4	66	60	
33	6.928385	D4	62	27	32	6.000000	D4	62	60	
34	7.270833	G#3	56	37	34	6.333333	G#3	56	60	
35	7.526042	A3	57	38	35	6.666667	A3	57	60	
36	7.860677	D4	62	40	36	7.000000	D4	62	50	
37	8.154948	A3	57	33	37	7.333333	A3	57	50	
38	8.220052	B4	71	55	38	7.500000	B4	71	55	
39	8.380208	B2	47	30	39	7.666667	B2	47	50	
40	8.606771	C#4	61	55	40	8.000000	C#4	61	55	
41	8.897135	B2	47	31	42	8.333333	B2	47	50	
42	9.003906	D4	62	44	43	8.500000	Eb4	63	55	
43	9.144531	F#2	42	40	44	8.666667	F#2	42	50	
44	9.473958	F#4	66	49	45	9.000000	F#4	66	65	
45	9.763021	E4	64	54	46	9.333333	E4	64	65	
46	9.770833	G3	55	38	47	9.333333	G3	55	60	
47	9.985677	F4	65	65	48	9.666667	F4	65	65	
48	9.989583	G#3	56	45	49	9.666667	G#3	56	60	
49	10.242188	F4	65	29	52	10.000000	F4	65	60	
50	10.388021	Eb5	75	59	50	10.000000	Eb5	75	65	
51	10.447917	Bb4	70	28	51	10.000000	Bb4	70	60	
52	10.644531	B3	59	33	53	10.333333	B3	59	60	
53	10.766927	G4	67	41	54	10.500000	G4	67	60	
54	10.945312	C#3	49	42	55	10.666667	C#3	49	60	
55	11.269531	C5	72	53	56	11.000000	C5	72	55	
56	11.335938	B3	59	28	59	11.000000	B3	59	50	
57	11.341146	F4	65	32	57	11.000000	F4	65	50	
58	11.391927	Bb4	70	8	58	11.000000	Bb4	70	50	
59	11.696615	C#3	49	30	60	11.333333	C#3	49	50	
60	11.839844	C#5	73	57	61	11.500000	C#5	73	55	
61	11.898438	G#4	68	38	62	11.500000	G#4	68	50	
62	12.140625	F#2	42	27	63	11.666667	F#2	42	50	
63	12.893229	G#5	80	53	64	12.000000	G#5	80	65	
64	12.916667	C#5	73	42	66	12.000000	C#5	73	60	
65	12.971354	F4	65	35	65	12.000000	F4	65	60	
66	13.386719	A3	57	34	67	12.333333	A3	57	60	
67	13.687500	Bb3	58	39	68	12.666667	Bb3	58	60	
68	14.035156	C#4	61	34	69	13.000000	C#4	61	50	
69	14.385417	Bb3	58	34	70	13.333333	Bb3	58	50	
70	14.493490	F#5	78	52	71	13.500000	F#5	78	55	
71	14.557292	F#4	66	19	72	13.500000	F#4	66	50	
72	14.707031	C#3	49	25	73	13.666667	C#3	49	50	
73	14.968750	C5	72	55	74	14.000000	C5	72	45	
74	14.970052	Bb3	58	31	75	14.000000	Bb3	58	40	
75	15.236979	C#3	49	36	76	14.333333	C#3	49	40	
76	15.338542	C#5	73	69	77	14.500000	C#5	73	45	
77	15.389323	F#4	66	41	78	14.500000	F#4	66	40	
78	15.498698	F#2	42	36	79	14.666667	F#2	42	40	
79	15.707031	F#5	78	70	80	15.000000	F#5	78	65	
80	15.766927	C#5	73	47	81	15.000000	C#5	73	60	
81	15.791667	F#4	66	39	82	15.000000	F#4	66	60	
82	15.986979	G#3	56	46	83	15.333333	G#3	56	60	
83	16.229167	A3	57	44	84	15.666667	A3	57	60	
84	16.541667	C#4	61	40	85	16.000000	C#4	61	50	
85	16.842448	A3	57	31	86	16.333333	A3	57	50	
86	16.894531	E5	76	55	87	16.500000	E5	76	55	
87	17.024740	C#3	49	46	88	16.666667	C#3	49	50	
88	17.223958	C#4	61	42	91	17.000000	C#4	61	40	
89	17.328125	G#4	68	62	89	17.000000	G#4	68	45	
90	17.347656	E4	64	38	90	17.000000	E4	64	40	
91	17.563802	C#3	49	50	92	17.333333	C#3	49	40	
92	17.670573	A4	69	74	93	17.500000	A4	69	45	
93	17.833333	F#2	42	51	94	17.666667	F#2	42	40	
94	18.115885	C#5	73	73	95	18.000000	C#5	73	65	
95	18.171875	D4	62	36	96	18.000000	D4	62	60	
96	18.171875	F#4	66	33	97	18.000000	F#4	66	60	
97	18.250000	F#4	66	19	*	-1	*	-1	-1	
98	18.423177	G#3	56	55	98	18.333333	G#3	56	60	
99	18.634115	A3	57	54	99	18.666667	A3	57	60	
100	18.860677	D4	62	55	100	19.000000	D4	62	50	
101	19.041667	A3	57	52	101	19.333333	A3	57	50	
102	19.118490	B4	71	72	102	19.500000	B4	71	55	
103	19.236979	B2	47	54	103	19.666667	B2	47	50	
104	19.515625	F#4	66	57	*	-1	*	-1	-1	
105	19.640625	C#4	61	68	104	20.000000	C#4	61	55	
106	19.951823	A3	57	37	106	20.333333	B2	47	50	
107	20.040365	D4	62	65	107	20.500000	Eb4	63	55	
108	20.209635	B2	47	47	108	20.666667	F#2	42	50	
109	20.415365	F#4	66	63	109	21.000000	F#4	66	55	
110	20.522135	D4	62	33	110	21.000000	D4	62	50	
111	20.682292	G3	55	51	111	21.333333	G3	55	50	
112	20.805990	E4	64	66	112	21.500000	E4	64	55	
113	20.929688	G#3	56	55	113	21.666667	G#3	56	50	
114	21.096354	Bb4	70	77	114	22.000000	Bb4	70	65	
115	21.123698	E4	64	41	115	22.000000	E4	64	60	
116	21.289062	G#3	56	67	116	22.333333	G#3	56	60	
117	21.363281	B4	71	81	117	22.500000	B4	71	65	
118	21.467448	E3	52	69	118	22.666667	E3	52	60	
119	21.695312	C#4	61	52	122	23.000000	C#4	61	70	
120	21.697917	F#5	78	82	119	23.000000	F#5	78	75	
121	21.759115	B4	71	44	120	23.000000	B4	71	70	
122	21.782552	G#4	68	45	121	23.000000	G#4	68	70	
123	21.957031	E4	64	73	123	23.333333	E4	64	70	
124	22.088542	E5	76	84	124	23.500000	E5	76	75	
125	22.239583	D4	62	72	125	23.666667	D4	62	70	
126	22.804688	B5	83	80	126	24.000000	B5	83	85	
127	22.809896	F#5	78	23	*	-1	*	-1	-1	
128	22.832031	E5	76	52	128	24.000000	E5	76	80	
129	22.868490	G#4	68	25	127	24.000000	G#4	68	80	
130	23.196615	C4	60	59	129	24.333333	C4	60	80	
131	23.458333	C#4	61	65	130	24.666667	C#4	61	80	
132	23.768229	E4	64	51	131	25.000000	E4	64	80	
133	23.992188	C#4	61	57	132	25.333333	C#4	61	80	
134	24.057292	A5	81	77	133	25.500000	A5	81	85	
135	24.102865	A4	69	49	134	25.500000	A4	69	80	
136	24.203125	E3	52	51	135	25.666667	E3	52	80	
137	24.419271	C#4	61	53	137	26.000000	C#4	61	80	
138	24.505208	Eb5	75	77	136	26.000000	Eb5	75	85	
139	24.721354	E3	52	53	138	26.333333	E3	52	80	
140	24.822917	E5	76	82	139	26.500000	E5	76	85	
141	24.882812	A4	69	39	140	26.500000	A4	69	80	
142	24.980469	A2	45	50	141	26.666667	A2	45	80	
143	25.200521	A5	81	82	142	27.000000	A5	81	85	
144	25.255208	A4	69	50	143	27.000000	A4	69	80	
145	25.433594	C#4	61	50	144	27.333333	C#4	61	80	
146	25.541667	C#5	73	75	145	27.500000	C#5	73	85	
147	25.622396	E4	64	51	146	27.666667	E4	64	80	
148	25.856771	E5	76	68	147	28.000000	E5	76	85	
149	25.885417	C#4	61	44	148	28.000000	C#4	61	80	
150	26.106771	F#3	54	43	149	28.333333	F#3	54	80	
151	26.201823	D5	74	65	150	28.500000	D5	74	85	
152	26.325521	D4	62	44	151	28.666667	D4	62	80	
153	26.617188	F#3	54	29	152	29.000000	F#3	54	80	
154	26.979167	F#2	42	35	153	29.333333	F#2	42	80	
155	27.053385	C#5	73	61	154	29.500000	C#5	73	85	
156	27.486979	C#5	73	53	155	30.000000	C#5	73	85	
157	27.604167	F#4	66	20	156	30.000000	F#4	66	80	
158	27.763021	D4	62	38	157	30.333333	D4	62	80	
159	27.855469	C5	72	61	158	30.500000	C5	72	85	
160	27.981771	Eb4	63	51	159	30.666667	Eb4	63	80	
161	28.250000	Bb5	82	65	160	31.000000	Bb5	82	85	
162	28.256510	F#4	66	35	161	31.000000	F#4	66	80	
163	28.506510	Eb4	63	44	162	31.333333	Eb4	63	80	
164	28.605469	G#5	80	72	163	31.500000	G#5	80	85	
165	28.722656	G#3	56	43	164	31.666667	G#3	56	80	
166	28.970052	G#4	68	56	166	32.000000	G#4	68	80	
167	28.973958	C4	60	34	167	32.000000	C4	60	80	
168	28.976562	F#4	66	45	165	32.000000	F#4	66	80	
169	29.229167	F#3	54	41	168	32.333333	F#3	54	80	
170	29.350260	F5	77	67	169	32.500000	F5	77	85	
171	29.550781	G#2	44	41	170	32.666667	G#2	44	80	
172	29.993490	C#3	49	34	174	33.000000	C#3	49	80	
173	30.080729	Eb5	75	57	171	33.000000	Eb5	75	85	
174	30.154948	F4	65	26	172	33.000000	F4	65	80	
175	30.154948	G#4	68	27	173	33.000000	G#4	68	80	
176	30.407552	F3	53	39	175	33.333333	F3	53	80	
177	30.651042	C4	60	38	176	33.666667	C4	60	80	
178	30.940104	C#4	61	38	177	34.000000	C#4	61	80	
179	31.234375	C#5	73	56	178	34.333333	C#5	73	85	
180	31.533854	C5	72	57	179	34.666667	C5	72	85	
181	31.846354	F4	65	24	182	35.000000	F4	65	80	
182	31.899740	C#5	73	54	180	35.000000	C#5	73	85	
183	31.953125	G#4	68	23	181	35.000000	G#4	68	80	
184	32.242188	Eb5	75	51	183	35.333333	Eb5	75	85	
185	32.690104	F5	77	46	184	35.666667	F5	77	85	
186	33.406250	F#5	78	41	185	36.000000	F#5	78	45	
187	33.440104	B4	71	28	187	36.000000	B4	71	45	
188	33.442708	Eb5	75	22	186	36.000000	Eb5	75	45	
189	33.458333	Eb4	63	17	188	36.000000	Eb4	63	40	
190	34.013021	G#5	80	52	189	36.333333	G#5	80	45	
191	34.040365	Eb5	75	27	190	36.333333	Eb5	75	45	
192	34.052083	B4	71	35	191	36.333333	B4	71	45	
193	34.053385	F3	53	32	192	36.333333	F3	53	40	
194	34.388021	F#3	54	39	193	36.666667	F#3	54	40	
195	34.477865	Eb5	75	58	194	36.833333	Eb5	75	45	
196	34.493490	F#4	66	44	196	36.833333	F#4	66	45	
197	34.518229	B4	71	21	195	36.833333	B4	71	45	
198	34.618490	Eb5	75	66	197	37.000000	Eb5	75	45	
199	34.643229	B3	59	37	200	37.000000	B3	59	40	
200	34.658854	F#4	66	47	199	37.000000	F#4	66	45	
201	34.864583	F#3	54	49	201	37.333333	F#3	54	40	
202	35.066406	G#2	44	53	202	37.666667	G#2	44	40	
203	35.317708	C#5	73	68	203	38.000000	C#5	73	50	
204	35.339844	B4	71	45	204	38.000000	B4	71	50	
205	35.388021	F#3	54	24	206	38.000000	F#3	54	45	
206	35.404948	F#4	66	20	205	38.000000	F#4	66	50	
207	35.609375	Eb5	75	70	207	38.333333	Eb5	75	55	
208	35.631510	F#4	66	42	209	38.333333	F#4	66	55	
209	35.648438	G#2	44	44	210	38.333333	G#2	44	50	
210	35.869792	B4	71	75	212	38.666667	B4	71	60	
211	35.914062	Eb4	63	51	211	38.666667	Eb4	63	60	
212	35.921875	F#4	66	39	213	38.666667	F#4	66	60	
213	35.936198	C#2	37	33	214	38.666667	C#2	37	55	
214	36.282552	Bb4	70	68	215	39.000000	Bb4	70	65	
215	36.328125	Eb4	63	39	217	39.000000	Eb4	63	60	
216	36.369792	B3	59	32	216	39.000000	B3	59	60	
217	36.605469	F3	53	48	218	39.333333	F3	53	60	
218	36.845052	F#3	54	47	219	39.666667	F#3	54	60	
219	37.049479	B3	59	42	220	40.000000	B3	59	50	
220	37.264323	F#3	54	49	221	40.333333	F#3	54	50	
221	37.479167	G#2	44	40	222	40.666667	G#2	44	50	
222	37.725260	G#4	68	48	223	41.000000	G#4	68	45	
223	37.769531	F#3	54	33	224	41.000000	F#3	54	40	
224	38.039062	G#2	44	25	225	41.333333	G#2	44	40	
225	38.315104	C#2	37	30	226	41.666667	C#2	37	40	
226	38.890625	F#4	66	52	227	42.000000	F#4	66	40	
227	39.315104	G#3	56	34	228	42.333333	G#3	56	40	
228	39.440104	G#4	68	58	229	42.500000	G#4	68	45	
229	39.601562	Bb3	58	43	230	42.666667	Bb3	58	40	
230	40.040365	F#4	66	25	232	43.000000	F#4	66	40	
231	40.040365	Eb5	75	55	231	43.000000	Eb5	75	45	
232	40.394531	B3	59	38	233	43.333333	B3	59	40	
233	40.614583	C#3	49	44	234	43.666667	C#3	49	40	
234	40.842448	G4	67	59	235	44.000000	G4	67	50	
235	40.871094	F4	65	39	236	44.000000	F4	65	50	
236	41.154948	B3	59	42	238	44.333333	B3	59	50	
237	41.197917	G#4	68	73	237	44.333333	G#4	68	50	
238	41.373698	C#3	49	37	241	44.666667	C#3	49	50	
239	41.433594	Eb5	75	76	239	44.666667	Eb5	75	55	
240	41.459635	A4	69	59	240	44.666667	A4	69	50	
241	41.666667	Eb5	75	64	242	45.000000	Eb5	75	55	
242	41.699219	F#4	66	46	244	45.000000	F#4	66	50	
243	41.701823	Bb4	70	52	243	45.000000	Bb4	70	50	
244	41.921875	Bb3	58	52	245	45.333333	Bb3	58	50	
245	42.136719	C#3	49	61	246	45.666667	C#3	49	50	
246	42.401042	F#2	42	34	249	46.000000	Bb3	58	55	
247	42.467448	C#5	73	74	247	46.000000	C#5	73	60	
248	42.506510	F#4	66	50	248	46.000000	F#4	66	55	
249	42.677083	C#3	49	64	251	46.333333	C#3	49	55	
250	42.705729	Eb5	75	80	250	46.333333	Eb5	75	60	
251	42.902344	F5	77	84	252	46.666667	F5	77	60	
252	43.136719	F#5	78	81	254	47.000000	F#5	78	60	
253	43.167969	C#5	73	67	255	47.000000	C#5	73	55	
254	43.190104	Bb4	70	46	256	47.000000	Bb4	70	55	
255	43.406250	G#5	80	79	257	47.333333	G#5	80	60	
256	43.701823	Bb5	82	81	258	47.666667	Bb5	82	60	
257	44.106771	G#4	68	34	262	48.000000	G#4	68	60	
258	44.218750	B5	83	63	259	48.000000	B5	83	65	
259	44.265625	G#5	80	17	260	48.000000	G#5	80	65	
260	44.744792	C#6	85	66	263	48.333333	C#6	85	65	
261	44.772135	Bb3	58	38	266	48.333333	Bb3	58	60	
262	44.794271	G#5	80	25	264	48.333333	G#5	80	65	
263	44.803385	E5	76	40	265	48.333333	E5	76	65	
264	45.105469	B3	59	28	267	48.666667	B3	59	60	
265	45.161458	G#5	80	71	268	48.833333	G#5	80	65	
266	45.190104	B4	71	44	270	48.833333	B4	71	65	
267	45.194010	E5	76	44	269	48.833333	E5	76	65	
268	45.300781	G#5	80	71	271	49.000000	G#5	80	65	
269	45.333333	E4	64	40	274	49.000000	E4	64	60	
270	45.356771	B4	71	37	273	49.000000	B4	71	65	
271	45.399740	E5	76	34	272	49.000000	E5	76	65	
272	45.529948	B3	59	54	275	49.333333	B3	59	60	
273	45.748698	C#3	49	54	276	49.666667	C#3	49	60	
274	45.970052	F#5	78	75	277	50.000000	F#5	78	65	
275	46.001302	E5	76	51	278	50.000000	E5	76	65	
276	46.009115	B4	71	43	279	50.000000	B4	71	65	
277	46.023438	B3	59	38	280	50.000000	B3	59	60	
278	46.252604	G#5	80	82	281	50.333333	G#5	80	70	
279	46.272135	C#3	49	48	284	50.333333	C#3	49	65	
280	46.295573	B4	71	40	283	50.333333	B4	71	70	
281	46.496094	E5	76	91	286	50.666667	E5	76	75	
282	46.528646	G#4	68	61	285	50.666667	G#4	68	75	
283	46.529948	B4	71	35	287	50.666667	B4	71	75	
284	46.532552	F#2	42	41	288	50.666667	F#2	42	70	
285	46.886719	Eb5	75	76	289	51.000000	Eb5	75	75	
286	46.936198	G#4	68	40	291	51.000000	G#4	68	70	
287	46.970052	E4	64	40	290	51.000000	E4	64	70	
288	47.177083	Bb3	58	54	292	51.333333	Bb3	58	70	
289	47.399740	B3	59	56	293	51.666667	B3	59	70	
290	47.630208	E4	64	50	294	52.000000	E4	64	60	
291	47.832031	B3	59	51	295	52.333333	B3	59	60	
292	48.036458	C#3	49	49	296	52.666667	C#3	49	60	
293	48.302083	C#5	73	61	297	53.000000	C#5	73	55	
294	48.307292	B3	59	33	298	53.000000	B3	59	50	
295	48.579427	C#3	49	43	299	53.333333	C#3	49	50	
296	48.894531	F#2	42	47	300	53.666667	F#2	42	50	
297	49.460938	B4	71	63	301	54.000000	B4	71	50	
298	49.888021	C#4	61	41	302	54.333333	C#4	61	50	
299	50.014323	C#5	73	70	303	54.500000	C#5	73	55	
300	50.157552	Eb4	63	51	304	54.666667	Eb4	63	50	
301	50.536458	B4	71	38	306	55.000000	B4	71	50	
302	50.697917	G#5	80	65	305	55.000000	G#5	80	55	
303	51.024740	E4	64	49	307	55.333333	E4	64	50	
304	51.242188	F#3	54	48	308	55.666667	F#3	54	50	
305	51.420573	C5	72	66	309	56.000000	C5	72	60	
306	51.468750	Bb4	70	44	310	56.000000	Bb4	70	60	
307	51.709635	E4	64	55	312	56.333333	E4	64	60	
308	51.776042	C#5	73	86	311	56.333333	C#5	73	60	
309	51.949219	F#3	54	62	315	56.666667	F#3	54	60	
310	52.001302	G#5	80	86	313	56.666667	G#5	80	65	
311	52.023438	D5	74	73	314	56.666667	D5	74	60	
312	52.255208	G#5	80	74	316	57.000000	G#5	80	65	
313	52.282552	B4	71	62	318	57.000000	B4	71	60	
314	52.294271	Eb5	75	56	317	57.000000	Eb5	75	60	
315	52.528646	Eb4	63	61	319	57.333333	Eb4	63	60	
316	52.720052	F#3	54	66	320	57.666667	F#3	54	60	
317	52.932292	Eb4	63	64	321	58.000000	Eb4	63	50	
318	53.130208	F#5	78	72	322	58.333333	F#5	78	55	
319	53.153646	F#3	54	63	323	58.333333	F#3	54	50	
320	53.378906	F5	77	81	324	58.666667	F5	77	55	
321	53.402344	B2	47	51	325	58.666667	B2	47	50	
322	53.657552	F#5	78	81	326	59.000000	F#5	78	65	
323	53.950521	G#5	80	81	327	59.333333	G#5	80	80	
324	54.282552	Bb5	82	88	328	59.666667	Bb5	82	95	
325	54.734375	F#4	66	51	332	60.000000	F#4	66	100	
326	54.852865	C#6	85	84	329	60.000000	C#6	85	105	
327	54.888021	F#5	78	50	330	60.000000	F#5	78	105	
328	54.908854	Eb5	75	58	331	60.000000	Eb5	75	105	
329	55.319010	B3	59	46	336	60.333333	B3	59	100	
330	55.382812	D5	74	81	335	60.333333	D5	74	105	
331	55.450521	F#4	66	49	333	60.333333	F#4	66	105	
332	55.450521	B4	71	44	334	60.333333	B4	71	105	
333	55.755208	Eb3	51	40	340	60.666667	Eb3	51	100	
334	55.760417	Eb5	75	86	338	60.666667	Eb5	75	105	
335	55.781250	B4	71	57	337	60.666667	B4	71	105	
336	55.785156	F#4	66	62	339	60.666667	F#4	66	105	
337	56.016927	Bb3	58	69	344	61.000000	Bb3	58	100	
338	56.121094	C#6	85	91	341	61.000000	C#6	85	105	
339	56.139323	Eb5	75	68	343	61.000000	Eb5	75	105	
340	56.154948	F#5	78	55	342	61.000000	F#5	78	105	
341	56.339844	Eb3	51	75	345	61.333333	Eb3	51	100	
342	56.546875	B5	83	87	346	61.666667	B5	83	105	
343	56.579427	G#2	44	53	350	61.666667	G#2	44	100	
344	56.579427	F#5	78	65	347	61.666667	F#5	78	105	
345	56.589844	Eb5	75	56	348	61.666667	Eb5	75	105	
346	56.591146	B3	59	55	349	61.666667	B3	59	100	
347	56.833333	Eb3	51	67	351	62.000000	Eb3	51	100	
348	57.057292	B3	59	75	352	62.333333	B3	59	100	
349	57.359375	F#4	66	42	356	62.666667	F#4	66	100	
350	57.427083	Bb5	82	85	353	62.666667	Bb5	82	105	
351	57.479167	Eb5	75	30	355	62.666667	Eb5	75	105	
352	57.492188	B4	71	52	354	62.666667	B4	71	105	
353	57.858073	F#4	66	41	360	63.000000	F#4	66	100	
354	57.954427	Bb5	82	82	359	63.000000	Bb5	82	105	
355	58.020833	Eb5	75	7	358	63.000000	Eb5	75	105	
356	58.036458	B4	71	38	357	63.000000	B4	71	105	
357	58.311198	B3	59	40	361	63.333333	B3	59	100	
358	58.561198	Eb3	51	42	362	63.666667	Eb3	51	100	
359	58.803385	B3	59	44	363	64.000000	B3	59	100	
360	59.000000	Eb3	51	43	364	64.333333	Eb3	51	100	
361	59.054688	G#5	80	71	367	64.500000	G#5	80	105	
362	59.104167	Eb5	75	38	366	64.500000	Eb5	75	105	
363	59.119792	B4	71	46	365	64.500000	B4	71	105	
364	59.233073	G#2	44	21	368	64.666667	G#2	44	100	
365	59.455729	F#5	78	66	371	65.000000	F#5	78	105	
366	59.489583	Eb5	75	45	370	65.000000	Eb5	75	105	
367	59.490885	Eb3	51	45	372	65.000000	Eb3	51	100	
368	59.529948	B4	71	26	369	65.000000	B4	71	105	
369	59.736979	Eb5	75	78	374	65.333333	Eb5	75	105	
370	59.748698	B4	71	51	373	65.333333	B4	71	105	
371	59.766927	B3	59	45	376	65.333333	B3	59	100	
372	59.805990	F#4	66	32	375	65.333333	F#4	66	105	
373	59.988281	B4	71	85	377	65.666667	B4	71	105	
374	60.003906	F#4	66	39	379	65.666667	F#4	66	100	
375	60.015625	Eb4	63	52	378	65.666667	Eb4	63	105	
376	60.339844	F4	65	38	382	66.000000	F4	65	100	
377	60.459635	Bb4	70	69	380	66.000000	Bb4	70	105	
378	60.542969	C#4	61	38	381	66.000000	C#4	61	100	
379	60.764323	G4	67	69	383	66.322581	G4	67	105	
380	60.813802	B3	59	42	384	66.322581	B3	59	100	
381	60.962240	G#4	68	79	385	66.645161	G#4	68	105	
382	61.027344	C#3	49	42	386	66.645161	C#3	49	100	
383	61.190104	Eb5	75	73	387	66.967742	Eb5	75	105	
384	61.256510	F4	65	51	388	66.967742	F4	65	100	
385	61.384115	B3	59	53	389	67.290323	B3	59	100	
386	61.450521	C#5	73	85	390	67.451613	C#5	73	105	
387	61.570312	F4	65	53	391	67.612903	F4	65	100	
388	61.860677	B4	71	66	392	67.935484	B4	71	105	
389	61.873698	F#4	66	30	394	67.935484	F#4	66	100	
390	61.953125	Eb4	63	29	393	67.935484	Eb4	63	100	
391	62.162760	B3	59	42	395	68.258065	B3	59	100	
392	62.257812	Bb4	70	68	396	68.419355	Bb4	70	105	
393	62.394531	G#3	56	42	397	68.580645	G#3	56	100	
394	62.531250	Bb4	70	59	398	68.903226	Bb4	70	105	
395	62.558594	F4	65	35	400	68.903226	F4	65	100	
396	62.588542	C#4	61	31	399	68.903226	C#4	61	100	
397	62.803385	G4	67	65	401	69.215726	G4	67	105	
398	62.834635	B3	59	33	402	69.215726	B3	59	100	
399	63.045573	G#4	68	70	403	69.528226	G#4	68	105	
400	63.071615	C#3	49	37	404	69.528226	C#3	49	100	
401	63.390625	Eb5	75	57	405	69.840726	Eb5	75	90	
402	63.440104	F4	65	40	406	69.840726	F4	65	85	
403	63.727865	B3	59	29	407	70.153226	B3	59	85	
404	63.867188	C5	72	55	408	70.309476	C5	72	90	
405	64.041667	F4	65	38	409	70.465726	F4	65	85	
406	64.466146	Eb5	75	49	410	70.778226	Eb5	75	80	
407	65.013021	B3	59	23	411	71.100807	B3	59	75	
408	65.285156	C#5	73	43	412	71.262097	C#5	73	80	
409	65.657552	C#3	49	24	413	71.423387	C#3	49	75	
410	66.877604	G#5	80	50	414	71.745968	G#5	80	65	
411	66.910156	C#5	73	38	416	71.745968	C#5	73	60	
412	66.920573	F4	65	11	415	71.745968	F4	65	60	
413	67.436198	A3	57	28	417	72.068549	A3	57	60	
414	67.785156	Bb3	58	29	418	72.391129	Bb3	58	60	
415	68.118490	C#4	61	30	419	72.713710	C#4	61	50	
416	68.447917	Bb3	58	29	420	73.047043	Bb3	58	50	
417	68.618490	F#5	78	52	421	73.213710	F#5	78	55	
418	68.703125	F#4	66	20	422	73.213710	F#4	66	50	
419	68.766927	C#3	49	34	423	73.380377	C#3	49	50	
420	69.041667	Bb3	58	34	425	73.713710	Bb3	58	40	
421	69.165365	C5	72	55	424	73.713710	C5	72	45	
422	69.433594	C#3	49	23	426	74.047043	C#3	49	40	
423	69.536458	C#5	73	63	427	74.213710	C#5	73	45	
424	69.596354	F#4	66	35	428	74.213710	F#4	66	40	
425	69.717448	F#2	42	30	429	74.380377	F#2	42	40	
426	70.010417	F#5	78	58	430	74.713710	F#5	78	65	
427	70.031250	C#5	73	38	432	74.713710	C#5	73	60	
428	70.049479	F#4	66	36	431	74.713710	F#4	66	60	
429	70.320312	G#3	56	44	433	75.047043	G#3	56	60	
430	70.567708	A3	57	42	434	75.380377	A3	57	60	
431	70.869792	C#4	61	41	435	75.713710	C#4	61	50	
432	71.177083	A3	57	31	436	76.047043	A3	57	50	
433	71.252604	E5	76	58	437	76.213710	E5	76	55	
434	71.398438	C#3	49	37	438	76.380377	C#3	49	50	
435	71.644531	G#4	68	56	439	76.713710	G#4	68	45	
436	71.654948	C#4	61	32	441	76.713710	C#4	61	40	
437	71.694010	E4	64	28	440	76.713710	E4	64	40	
438	71.934896	C#3	49	37	442	77.047043	C#3	49	40	
439	72.037760	A4	69	57	443	77.213710	A4	69	45	
440	72.231771	F#2	42	23	444	77.380377	F#2	42	40	
441	72.611979	C#5	73	55	445	77.713710	C#5	73	65	
442	72.658854	D4	62	27	446	77.713710	D4	62	60	
443	72.658854	F#4	66	26	447	77.713710	F#4	66	60	
444	72.957031	G#3	56	38	448	78.047043	G#3	56	60	
445	73.214844	A3	57	34	449	78.380377	A3	57	60	
446	73.505208	D4	62	30	450	78.713710	D4	62	50	
447	73.697917	A3	57	36	451	79.047043	A3	57	50	
448	73.804688	B4	71	49	452	79.213710	B4	71	55	
449	73.946615	B2	47	35	453	79.380377	B2	47	50	
450	74.180990	C#4	61	51	454	79.713710	C#4	61	45	
451	74.184896	A3	57	32	455	79.713710	A3	57	40	
452	74.458333	B2	47	30	456	80.047043	B2	47	40	
453	74.567708	D4	62	50	457	80.213710	Eb4	63	45	
454	74.739583	F#2	42	29	458	80.380377	F#2	42	40	
455	75.049479	F#4	66	44	459	80.713710	F#4	66	55	
456	75.329427	E4	64	48	460	81.047043	E4	64	55	
457	75.356771	G3	55	34	461	81.047043	G3	55	50	
458	75.563802	F4	65	53	462	81.380377	F4	65	55	
459	75.588542	G#3	56	36	463	81.380377	G#3	56	50	
460	75.911458	F4	65	24	466	81.713710	F4	65	50	
461	76.055990	Eb5	75	46	464	81.713710	Eb5	75	55	
462	76.371094	B3	59	26	467	82.047043	B3	59	50	
463	76.481771	G4	67	32	468	82.213710	G4	67	50	
464	76.656250	C#3	49	32	469	82.380377	C#3	49	50	
465	76.980469	C5	72	46	470	82.713710	C5	72	45	
466	77.037760	F4	65	27	471	82.713710	F4	65	40	
467	77.045573	B3	59	20	473	82.713710	B3	59	40	
468	77.378906	C#3	49	27	474	83.047043	C#3	49	40	
469	77.535156	C#5	73	49	475	83.213710	C#5	73	45	
470	77.583333	G#4	68	31	476	83.213710	G#4	68	40	
471	77.799479	F#2	42	29	477	83.380377	F#2	42	40	
472	78.402344	G#5	80	52	478	83.713710	G#5	80	45	
473	78.441406	C#5	73	43	480	83.713710	C#5	73	40	
474	78.446615	F4	65	33	479	83.713710	F4	65	40	
475	78.803385	A3	57	33	481	84.047043	A3	57	40	
476	79.063802	Bb3	58	48	482	84.380377	Bb3	58	40	
477	79.312500	C#4	61	47	483	84.713710	C#4	61	40	
478	79.518229	Bb3	58	49	484	85.047043	Bb3	58	40	
479	79.554688	F#5	78	63	485	85.213710	F#5	78	45	
480	79.595052	F#4	66	44	486	85.213710	F#4	66	40	
481	79.721354	C#3	49	46	487	85.380377	C#3	49	40	
482	79.950521	C5	72	66	488	85.713710	B4	71	55	
483	79.981771	Bb3	58	41	491	85.713710	Bb3	58	50	
484	79.994792	F#4	66	29	490	85.713710	F#4	66	50	
485	79.996094	E4	64	45	489	85.713710	E4	64	50	
486	80.216146	C#5	73	75	492	86.047043	C#5	73	55	
487	80.240885	F#3	54	53	493	86.047043	C#3	49	50	
488	80.580729	F#2	42	47	494	86.380377	F#2	42	50	
489	80.670573	D5	74	77	495	86.547043	D5	74	55	
490	80.932292	D5	74	75	496	86.713710	D5	74	65	
491	80.944010	B2	47	49	499	86.713710	B2	47	60	
492	81.006510	F#4	66	14	497	86.713710	F#4	66	60	
493	81.026042	E4	64	21	498	86.713710	E4	64	60	
494	81.225260	F#3	54	47	500	87.047043	F#3	54	60	
495	81.419271	Bb3	58	54	501	87.380377	Bb3	58	60	
496	81.634115	F#4	66	52	503	87.713710	F#4	66	60	
497	81.640625	Bb4	70	56	502	87.713710	Bb4	70	60	
498	81.845052	G#4	68	69	504	88.047043	G#4	68	60	
499	81.855469	Bb3	58	54	505	88.047043	Bb3	58	60	
500	82.029948	F#3	54	59	507	88.380377	F#3	54	60	
501	82.033854	F#4	66	74	506	88.380377	F#4	66	60	
502	82.287760	B3	59	46	511	88.713710	B3	59	60	
503	82.364583	Eb5	75	77	508	88.713710	Eb5	75	65	
504	82.451823	Eb4	63	33	510	88.713710	Eb4	63	60	
505	82.470052	F#4	66	4	509	88.713710	F#4	66	60	
506	82.618490	Bb3	58	64	512	89.047043	Bb3	58	60	
507	82.859375	B3	59	61	514	89.380377	B3	59	60	
508	82.864583	G4	67	74	513	89.380377	G4	67	60	
509	83.298177	Bb5	82	81	515	89.713710	Bb5	82	65	
510	83.334635	Eb5	75	52	517	89.713710	Eb5	75	60	
511	83.339844	G4	67	49	516	89.713710	G4	67	60	
512	83.596354	B3	59	60	518	90.047043	B3	59	60	
513	83.859375	C4	60	60	519	90.380377	C4	60	60	
514	84.085938	Eb4	63	60	520	90.713710	Eb4	63	60	
515	84.274740	C4	60	64	521	91.047043	C4	60	60	
516	84.348958	G#5	80	75	522	91.213710	G#5	80	65	
517	84.385417	G#4	68	55	523	91.213710	G#4	68	60	
518	84.477865	Eb3	51	66	524	91.380377	Eb3	51	60	
519	84.686198	D5	74	80	525	91.713710	D5	74	65	
520	84.695312	C4	60	52	528	91.713710	C4	60	60	
521	84.709635	F#4	66	62	526	91.713710	F#4	66	60	
522	84.709635	G#4	68	58	527	91.713710	G#4	68	60	
523	84.942708	G#3	56	70	530	92.047043	G#3	56	60	
524	84.947917	Eb5	75	84	529	92.047043	Eb5	75	65	
525	85.287760	G#2	44	71	531	92.380377	G#2	44	60	
526	85.381510	E5	76	87	532	92.547043	E5	76	65	
527	85.531250	E5	76	80	533	92.713710	E5	76	65	
528	85.553385	C#3	49	63	536	92.713710	C#3	49	60	
529	85.589844	G#4	68	47	534	92.713710	G#4	68	60	
530	85.597656	F#4	66	46	535	92.713710	F#4	66	60	
531	85.777344	G#3	56	70	537	93.047043	G#3	56	60	
532	85.958333	C4	60	68	538	93.380377	C4	60	60	
533	86.166667	F#4	66	55	540	93.713710	G#4	68	60	
534	86.167969	C5	72	73	539	93.713710	C5	72	60	
535	86.388021	C4	60	57	542	94.047043	C4	60	60	
536	86.394531	Bb4	70	77	541	94.047043	Bb4	70	60	
537	86.597656	G#3	56	71	544	94.380377	F3	53	60	
538	86.609375	G#4	68	85	543	94.380377	G#4	68	60	
539	86.950521	C#4	61	43	548	94.713710	C#4	61	60	
540	87.003906	F5	77	79	545	94.713710	F5	77	65	
541	87.070312	G#4	68	41	546	94.713710	G#4	68	60	
542	87.106771	F4	65	34	547	94.713710	F4	65	60	
543	87.332031	C4	60	65	549	95.047043	C4	60	60	
544	87.813802	A4	69	66	550	95.380377	A4	69	60	
545	87.852865	C#4	61	30	551	95.380377	C#4	61	60	
546	88.761719	Eb6	87	59	552	95.713710	Eb6	87	45	
547	88.808594	G#5	80	25	554	95.713710	G#5	80	40	
548	88.809896	Eb5	75	36	553	95.713710	Eb5	75	45	
549	89.173177	E4	64	39	555	96.047043	E4	64	40	
550	89.455729	F4	65	40	556	96.380377	F4	65	40	
551	89.755208	B4	71	39	557	96.713710	B4	71	40	
552	89.990885	F4	65	38	558	97.047043	F4	65	40	
553	90.052083	C#6	85	57	560	97.213710	C#6	85	45	
554	90.067708	C#5	73	41	559	97.213710	C#5	73	45	
555	90.230469	G#3	56	28	561	97.380377	G#3	56	40	
556	90.440104	G5	79	64	562	97.713710	G5	79	55	
557	90.479167	F4	65	32	565	97.713710	F4	65	50	
558	90.492188	B4	71	40	564	97.713710	B4	71	50	
559	90.510417	C#5	73	14	563	97.713710	C#5	73	50	
560	90.736979	G#5	80	64	566	98.047043	G#5	80	55	
561	90.777344	C#4	61	23	567	98.047043	C#4	61	50	
562	91.139323	C#3	49	40	568	98.380377	C#3	49	50	
563	91.246094	A5	81	67	569	98.547043	A5	81	55	
564	91.466146	A5	81	61	570	98.713710	A5	81	55	
565	91.488281	F#3	54	39	573	98.713710	F#3	54	50	
566	91.548177	B4	71	30	571	98.713710	B4	71	50	
567	91.576823	C#5	73	18	572	98.713710	C#5	73	50	
568	91.747396	C#4	61	53	574	99.047043	C#4	61	50	
569	91.983073	F4	65	52	575	99.380377	F4	65	50	
570	92.268229	F#4	66	44	576	99.713710	F#4	66	50	
571	92.618490	C#4	61	40	577	100.047043	C#4	61	50	
572	92.765625	Bb5	82	59	578	100.213710	Bb5	82	55	
573	92.829427	Bb4	70	26	579	100.213710	Bb4	70	50	
574	92.954427	F#3	54	32	580	100.380377	F#3	54	50	
575	93.320312	F#4	66	29	583	100.713710	F#4	66	50	
576	93.471354	D5	74	51	581	100.713710	D5	74	55	
577	93.540365	Bb4	70	29	582	100.713710	Bb4	70	50	
578	93.832031	Eb5	75	64	584	100.963710	Eb5	75	55	
579	93.912760	C4	60	40	585	101.047043	C4	60	50	
580	94.095052	G#5	80	74	586	101.213710	G#5	80	55	
581	94.143229	G#4	68	41	587	101.213710	G#4	68	50	
582	94.220052	G#3	56	37	588	101.380377	G#3	56	50	
583	94.330729	F#5	78	77	589	101.463710	F#5	78	55	
584	94.673177	F#4	66	38	591	101.713710	F#4	66	50	
585	94.812500	F#5	78	66	590	101.713710	F#5	78	55	
586	95.257812	F5	77	70	592	102.047043	F5	77	55	
587	95.320312	B3	59	39	593	102.047043	B3	59	50	
588	95.576823	Eb5	75	71	594	102.380377	Eb5	75	55	
589	95.648438	C#3	49	34	595	102.380377	C#3	49	50	
590	95.851562	C#5	73	80	596	102.713710	C#5	73	45	
591	96.080729	B3	59	57	597	103.047043	B3	59	40	
592	96.204427	Bb4	70	72	598	103.213710	Bb4	70	45	
593	96.329427	F#4	66	65	599	103.380377	F#4	66	40	
594	96.654948	F4	65	66	600	103.713710	F4	65	40	
595	97.018229	B3	59	61	601	104.047043	B3	59	40	
596	97.233073	G#4	68	74	602	104.213710	G#4	68	45	
597	97.515625	C#3	49	65	603	104.380377	C#3	49	40	
598	98.253906	G#4	68	69	604	104.713710	G#4	68	65	
599	98.298177	F4	65	63	606	104.713710	F4	65	60	
600	98.320312	C#4	61	48	605	104.713710	C#4	61	60	
601	98.779948	Bb3	58	53	607	105.047043	Bb3	58	60	
602	99.044271	C#3	49	48	608	105.380377	C#3	49	60	
603	99.330729	F#2	42	43	609	105.713710	F#2	42	50	
604	99.652344	C#3	49	40	610	106.047043	C#3	49	50	
605	100.026042	Bb3	58	33	611	106.380377	Bb3	58	50	
606	100.423177	F#4	66	50	612	106.713710	F#4	66	45	
607	100.464844	Eb4	63	33	613	106.713710	Eb4	63	40	
608	100.897135	C4	60	40	614	107.047043	C4	60	40	
609	101.540365	C#4	61	35	615	107.380377	C#4	61	40	
610	102.520833	F#5	78	39	616	107.713710	F#5	78	45	
611	102.553385	Eb5	75	33	617	107.713710	Eb5	75	45	
612	102.554688	B4	71	34	618	107.713710	B4	71	45	
613	102.574219	F#4	66	24	619	107.713710	F#4	66	40	
614	103.230469	G#5	80	44	620	108.047043	G#5	80	45	
615	103.250000	Eb5	75	36	621	108.047043	Eb5	75	45	
616	103.266927	B4	71	21	622	108.047043	B4	71	45	
617	103.290365	G#3	56	25	623	108.047043	G#3	56	40	
618	103.692708	Bb3	58	25	624	108.380377	Bb3	58	40	
619	103.812500	Eb5	75	54	625	108.547043	Eb5	75	45	
620	103.817708	B4	71	42	626	108.547043	B4	71	45	
621	103.841146	F#4	66	28	627	108.547043	F#4	66	45	
622	103.972656	Eb5	75	53	628	108.713710	Eb5	75	45	
623	104.002604	B4	71	37	629	108.713710	B4	71	45	
624	104.020833	B3	59	25	631	108.713710	B3	59	40	
625	104.037760	F#4	66	32	630	108.713710	F#4	66	45	
626	104.260417	C#3	49	31	632	109.047043	C#3	49	40	
627	104.507812	F#2	42	32	633	109.380377	F#2	42	40	
628	104.763021	C#5	73	56	634	109.713710	C#5	73	45	
629	104.812500	B4	71	37	635	109.713710	B4	71	45	
630	104.819010	F#4	66	26	636	109.713710	F#4	66	45	
631	105.095052	Eb5	75	63	637	110.047043	Eb5	75	45	
632	105.109375	C#3	49	39	640	110.047043	C#3	49	40	
633	105.140625	B4	71	4	638	110.047043	B4	71	45	
634	105.151042	F#4	66	4	639	110.047043	F#4	66	45	
635	105.339844	B4	71	68	642	110.380377	B4	71	45	
636	105.371094	B3	59	41	644	110.380377	B3	59	40	
637	105.378906	F#4	66	32	643	110.380377	F#4	66	45	
638	105.393229	Eb4	63	44	641	110.380377	Eb4	63	45	
639	105.677083	Bb4	70	64	645	110.713710	Bb4	70	65	
640	105.725260	F#4	66	43	646	110.713710	F#4	66	60	
641	105.984375	Bb3	58	54	647	111.047043	Bb3	58	60	
642	106.252604	B3	59	49	648	111.380377	B3	59	60	
643	106.548177	Eb4	63	43	649	111.713710	Eb4	63	50	
644	106.785156	B3	59	48	650	112.047043	B3	59	50	
645	107.009115	C#3	49	50	651	112.380377	C#3	49	50	
646	107.281250	G#4	68	45	652	112.713710	G#4	68	45	
647	107.294271	F#2	42	36	656	112.713710	F#2	42	40	
648	107.326823	F#4	66	33	655	112.713710	F#4	66	40	
649	107.386719	B3	59	13	653	112.713710	B3	59	40	
650	107.605469	C#3	49	38	657	113.047043	C#3	49	40	
651	107.998698	B3	59	29	658	113.380377	B3	59	40	
652	108.562500	F#4	66	42	659	113.713710	F#4	66	40	
653	109.052083	G#3	56	28	660	114.047043	G#3	56	40	
654	109.171875	G#4	68	46	661	114.213710	G#4	68	45	
655	109.337240	Bb3	58	38	662	114.380377	Bb3	58	40	
656	109.755208	Eb5	75	56	663	114.713710	Eb5	75	45	
657	109.783854	F#4	66	24	664	114.713710	F#4	66	40	
658	110.154948	B3	59	35	665	115.047043	B3	59	40	
659	110.428385	C#3	49	17	666	115.380377	C#3	49	40	
660	110.674479	F4	65	31	668	115.713710	F4	65	50	
661	110.691406	G4	67	43	667	115.713710	G4	67	50	
662	111.009115	B3	59	29	670	116.047043	B3	59	50	
663	111.115885	G#4	68	63	669	116.047043	G#4	68	50	
664	111.286458	C#3	49	33	673	116.380377	C#3	49	50	
665	111.345052	Eb5	75	67	671	116.380377	Eb5	75	55	
666	111.372396	A4	69	47	672	116.380377	A4	69	50	
667	111.618490	Eb5	75	55	674	116.713710	Eb5	75	65	
668	111.635417	F#4	66	42	676	116.713710	F#4	66	60	
669	111.661458	Bb4	70	41	675	116.713710	Bb4	70	60	
670	111.895833	Bb3	58	46	677	117.047043	Bb3	58	60	
671	112.130208	C#3	49	46	678	117.380377	C#3	49	60	
672	112.407552	F#2	42	29	679	117.713710	F#2	42	50	
673	112.662760	C#3	49	30	681	118.047043	C#3	49	50	
674	112.691406	C#5	73	56	680	118.047043	C#5	73	55	
675	112.960938	C5	72	54	682	118.380377	C5	72	55	
676	112.977865	Bb3	58	30	683	118.380377	Bb3	58	50	
677	113.291667	C#5	73	50	684	118.713710	C#5	73	45	
678	113.326823	F#4	66	39	685	118.713710	F#4	66	40	
679	113.639323	Eb5	75	52	686	119.047043	Eb5	75	45	
680	114.059896	F5	77	50	687	119.380377	F5	77	45	
681	114.720052	F#5	78	43	688	119.713710	F#5	78	45	
682	114.761719	F#4	66	23	691	119.713710	F#4	66	40	
683	114.763021	Eb5	75	25	689	119.713710	Eb5	75	45	
684	114.770833	B4	71	32	690	119.713710	B4	71	45	
685	115.363281	G#5	80	43	692	120.047043	G#5	80	45	
686	115.397135	Eb5	75	29	693	120.047043	Eb5	75	45	
687	115.408854	G#3	56	22	695	120.047043	G#3	56	40	
688	115.411458	B4	71	29	694	120.047043	B4	71	45	
689	115.804688	Bb3	58	39	696	120.380377	Bb3	58	40	
690	115.919271	Eb5	75	52	697	120.547043	Eb5	75	45	
691	115.950521	B4	71	21	698	120.547043	B4	71	45	
692	116.082031	Eb5	75	60	700	120.713710	Eb5	75	45	
693	116.100260	B4	71	31	701	120.713710	B4	71	45	
694	116.106771	B3	59	33	703	120.713710	B3	59	40	
695	116.359375	C#3	49	36	704	121.047043	C#3	49	40	
696	116.625000	F#2	42	26	705	121.380377	F#2	42	40	
697	116.838542	C#5	73	59	706	121.713710	C#5	73	55	
698	116.888021	F#4	66	29	708	121.713710	F#4	66	55	
699	116.894531	B4	71	26	707	121.713710	B4	71	55	
700	117.140625	Eb5	75	61	709	122.047043	Eb5	75	55	
701	117.148438	B4	71	36	710	122.047043	B4	71	55	
702	117.152344	C#3	49	43	712	122.047043	C#3	49	50	
703	117.177083	F#4	66	40	711	122.047043	F#4	66	55	
704	117.402344	B4	71	59	714	122.380377	B4	71	55	
705	117.463542	Eb4	63	29	713	122.380377	Eb4	63	55	
706	117.481771	F#4	66	3	715	122.380377	F#4	66	55	
707	117.785156	Bb4	70	61	717	122.713710	Bb4	70	65	
708	117.855469	F#4	66	27	718	122.713710	F#4	66	60	
709	118.109375	Bb3	58	50	719	123.047043	Bb3	58	60	
710	118.430990	B3	59	50	720	123.380377	B3	59	60	
711	118.791667	Eb4	63	39	721	123.713710	Eb4	63	50	
712	119.074219	B3	59	28	722	124.047043	B3	59	50	
713	119.376302	C#3	49	20	723	124.380377	C#3	49	50	
714	119.615885	F#2	42	34	728	124.713710	F#2	42	40	
715	119.617188	G#4	68	42	724	124.713710	G#4	68	45	
716	119.643229	F#4	66	34	727	124.713710	F#4	66	40	
717	119.669271	B3	59	21	725	124.713710	B3	59	40	
718	119.936198	C#3	49	42	729	125.047043	C#3	49	40	
719	120.354167	B3	59	29	730	125.380377	B3	59	40	
720	121.041667	F#4	66	38	731	125.713710	F#4	66	40	
721	121.571615	G#3	56	28	732	126.047043	G#3	56	40	
722	121.738281	G#4	68	47	733	126.213710	G#4	68	45	
723	121.930990	Bb3	58	25	734	126.380377	Bb3	58	40	
724	122.325521	F#4	66	25	736	126.713710	F#4	66	40	
725	122.440104	Eb5	75	52	735	126.713710	Eb5	75	45	
726	122.794271	B3	59	36	737	127.047043	B3	59	40	
727	123.035156	C#3	49	36	738	127.380377	C#3	49	40	
728	123.283854	G4	67	45	739	127.713710	G4	67	40	
729	123.298177	F4	65	36	740	127.713710	F4	65	40	
730	123.602865	B3	59	28	742	128.047043	B3	59	40	
731	123.631510	G#4	68	56	741	128.047043	G#4	68	40	
732	123.812500	C#3	49	37	745	128.380377	C#3	49	40	
733	123.899740	Eb5	75	69	743	128.380377	Eb5	75	45	
734	123.940104	A4	69	45	744	128.380377	A4	69	40	
735	124.166667	Eb5	75	54	746	128.713710	Eb5	75	45	
736	124.207031	Bb4	70	50	747	128.713710	Bb4	70	40	
737	124.217448	F#4	66	41	748	128.713710	F#4	66	40	
738	124.480469	Bb3	58	45	749	129.047043	Bb3	58	40	
739	124.716146	C#3	49	47	750	129.380377	C#3	49	40	
740	124.997396	C#5	73	59	751	129.713710	C#5	73	45	
741	125.010417	F#2	42	29	752	129.713710	F#2	42	40	
742	125.278646	C#3	49	35	753	130.047043	C#3	49	40	
743	125.569010	Bb3	58	34	754	130.380377	Bb3	58	40	
744	125.955729	Eb5	75	53	755	130.713710	Eb5	75	45	
745	126.010417	G4	67	33	756	130.713710	G4	67	40	
746	126.036458	F4	65	31	757	130.713710	F4	65	40	
747	126.369792	B3	59	36	759	131.047043	B3	59	40	
748	126.433594	G#4	68	52	758	131.047043	G#4	68	40	
749	126.636719	C#3	49	20	762	131.380377	C#3	49	40	
750	126.717448	Eb5	75	63	760	131.380377	Eb5	75	45	
751	126.748698	A4	69	52	761	131.380377	A4	69	40	
752	127.037760	Eb5	75	60	763	131.713710	Eb5	75	45	
753	127.063802	Bb4	70	45	764	131.713710	Bb4	70	40	
754	127.071615	F#4	66	35	765	131.713710	F#4	66	40	
755	127.355469	Bb3	58	38	766	132.047043	Bb3	58	40	
756	127.592448	C#3	49	41	767	132.380377	C#3	49	40	
757	127.919271	F#2	42	25	769	132.713710	F#2	42	40	
758	127.962240	C#5	73	54	768	132.713710	C#5	73	45	
759	128.270833	C#3	49	31	770	133.047043	C#3	49	40	
760	128.617188	Bb3	58	26	771	133.380377	Bb3	58	40	
761	129.128906	Eb5	75	51	772	133.713710	Eb5	75	45	
762	129.148438	G4	67	41	773	133.713710	G4	67	40	
763	129.171875	F4	65	30	774	133.713710	F4	65	40	
764	129.694010	B3	59	35	776	134.047043	B3	59	40	
765	129.804688	G#4	68	57	775	134.047043	G#4	68	40	
766	130.121094	C#3	49	28	779	134.380377	C#3	49	40	
767	130.205729	Eb5	75	61	777	134.380377	Eb5	75	45	
768	130.231771	A4	69	48	778	134.380377	A4	69	40	
769	130.958333	Eb5	75	53	780	134.713710	Eb5	75	35	
770	130.979167	Bb4	70	43	781	134.713710	Bb4	70	30	
771	131.003906	F#4	66	29	782	134.713710	F#4	66	30	
772	131.561198	Bb3	58	31	783	135.047043	Bb3	58	30	
773	131.868490	C#3	49	43	784	135.380377	C#3	49	30	
774	132.203125	F#2	42	30	785	135.713710	F#2	42	30	
775	132.516927	C#3	49	33	786	136.047043	C#3	49	30	
776	132.895833	Bb3	58	27	787	136.380377	Bb3	58	30	
777	133.295573	C#5	73	51	788	136.713710	C#5	73	35	
778	133.350260	F#4	66	24	789	136.713710	F#4	66	30	
779	133.805990	Bb3	58	31	790	137.047043	Bb3	58	30	
780	134.371094	C#3	49	32	791	137.380377	C#3	49	30	
781	135.528646	Bb5	82	40	792	137.713710	Bb5	82	35	
782	135.545573	F#1	30	23	793	137.713710	F#1	30	30	
*	-1	*	-1	-1	41	8.000000	A3	57	50	
*	-1	*	-1	-1	105	20.000000	A3	57	50	
*	-1	*	-1	-1	198	37.000000	B4	71	45	
*	-1	*	-1	-1	208	38.333333	B4	71	55	
*	-1	*	-1	-1	253	46.666667	F#2	42	55	
*	-1	*	-1	-1	261	48.000000	E5	76	65	
*	-1	*	-1	-1	282	50.333333	E5	76	70	
*	-1	*	-1	-1	465	81.713710	Bb4	70	50	
*	-1	*	-1	-1	472	82.713710	Bb4	70	40	
*	-1	*	-1	-1	654	112.713710	Eb4	63	40	
*	-1	*	-1	-1	699	120.547043	F#4	66	45	
*	-1	*	-1	-1	702	120.713710	F#4	66	45	
*	-1	*	-1	-1	716	122.380377	B3	59	50	
*	-1	*	-1	-1	726	124.713710	Eb4	63	40	
