// alignID alignOntime alignSitch alignPitch alignOnvel refID refOntime refSitch refPitch refOnvel
0	0.908854	C4	60	57	0	0.136364	C4	60	127	
1	1.070312	F4	65	58	1	0.318182	F4	65	127	
2	1.213542	F4	65	64	2	0.500000	F4	65	127	
3	1.358073	E4	64	56	3	0.681819	E4	64	127	
4	1.503906	D4	62	71	4	0.863637	D4	62	127	
5	1.658854	D4	62	56	5	1.045455	D4	62	127	
6	1.783854	C4	60	62	6	1.227274	C4	60	127	
7	1.942708	Bb3	58	68	7	1.409092	Bb3	58	127	
8	2.083333	A3	57	62	8	1.590910	A3	57	127	
9	2.223958	Bb3	58	70	9	1.772729	Bb3	58	127	
10	2.367188	C4	60	71	10	1.954547	C4	60	127	
11	2.515625	D4	62	70	11	2.136365	D4	62	127	
12	2.636719	C5	72	71	12	2.318184	C5	72	127	
13	2.651042	E4	64	71	13	2.318184	E4	64	127	
14	2.781250	F4	65	68	15	2.500002	F4	65	127	
15	2.781250	F5	77	68	14	2.500002	F5	77	127	
16	2.971354	F5	77	19	16	2.681820	F5	77	127	
17	3.197917	Bb3	58	55	19	3.045457	Bb3	58	127	
18	3.367188	C5	72	31	21	3.409094	C5	72	127	
19	3.574219	D4	62	72	24	3.590912	D4	62	127	
20	3.613281	Bb4	70	60	23	3.590912	Bb4	70	127	
21	3.742188	A4	69	62	25	3.772730	A4	69	127	
22	3.859375	Bb4	70	68	26	3.954549	Bb4	70	127	
23	4.002604	C4	60	52	28	4.136367	C4	60	127	
24	4.033854	C5	72	61	27	4.136367	C5	72	127	
25	4.282552	C4	60	76	29	4.500004	C4	60	127	
26	4.428385	Bb4	70	74	30	4.681822	Bb4	70	127	
27	4.597656	Bb4	70	31	31	4.863640	Bb4	70	127	
28	4.708333	A4	69	71	33	5.045459	A4	69	127	
29	4.712240	C5	72	77	32	5.045459	C5	72	127	
30	4.842448	G4	67	71	35	5.227277	G4	67	127	
31	4.850260	Bb5	82	75	34	5.227277	Bb5	82	127	
32	4.994792	Bb5	82	67	36	5.409095	Bb5	82	127	
33	4.997396	G4	67	66	37	5.409095	G4	67	127	
34	5.114583	F4	65	73	39	5.590914	F4	65	127	
35	5.128906	A5	81	70	38	5.590914	A5	81	127	
36	5.265625	G5	79	77	40	5.772732	G5	79	127	
37	5.268229	Bb4	70	79	41	5.772732	Bb4	70	127	
38	5.408854	Bb4	70	67	43	5.954550	Bb4	70	127	
39	5.415365	G5	79	57	42	5.954550	G5	79	127	
40	5.531250	F5	77	75	44	6.136369	F5	77	127	
41	5.537760	A4	69	69	45	6.136369	A4	69	127	
42	5.664062	G4	67	71	47	6.318187	G4	67	127	
43	5.666667	E5	76	75	46	6.318187	E5	76	127	
44	5.802083	G4	67	78	49	6.500005	G4	67	127	
45	5.805990	E5	76	62	48	6.500005	E5	76	127	
46	5.945312	F4	65	74	51	6.681824	F4	65	127	
47	5.949219	D5	74	70	50	6.681824	D5	74	127	
48	6.084635	E4	64	72	53	6.863642	E4	64	127	
49	6.085938	C5	72	68	52	6.863642	C5	72	127	
50	6.223958	C4	60	74	55	7.045460	C4	60	127	
51	6.230469	C5	72	64	54	7.045460	C5	72	127	
52	6.351562	E4	64	81	58	7.227279	E4	64	127	
53	6.360677	Bb4	70	78	56	7.227279	Bb4	70	127	
54	6.386719	G4	67	54	57	7.227279	G4	67	127	
55	6.498698	F4	65	88	60	7.409097	F4	65	127	
56	6.500000	A4	69	81	59	7.409097	A4	69	127	
57	6.638021	Bb4	70	79	61	7.590915	Bb4	70	127	
58	6.647135	G4	67	72	62	7.590915	G4	67	127	
59	6.765625	A3	57	82	65	7.772734	A3	57	127	
60	6.789062	A4	69	61	64	7.772734	A4	69	127	
61	6.789062	C5	72	56	63	7.772734	C5	72	127	
62	6.916667	G4	67	55	67	7.954552	G4	67	127	
63	6.923177	Bb3	58	95	68	7.954552	Bb3	58	127	
64	6.960938	A4	69	51	66	7.954552	Bb4	70	127	
65	7.067708	F4	65	77	70	8.136370	F4	65	127	
66	7.078125	A4	69	75	69	8.136370	A4	69	127	
67	7.201823	G4	67	84	71	8.318189	G4	67	127	
68	7.209635	C4	60	79	73	8.318189	C4	60	127	
69	7.216146	E4	64	69	72	8.318189	E4	64	127	
70	7.371094	F3	53	87	75	8.500007	F3	53	127	
71	7.377604	F4	65	88	74	8.500007	F4	65	127	
72	7.669271	C3	48	82	76	8.863644	C3	48	127	
73	7.800781	F3	53	79	77	9.045462	F3	53	127	
74	7.953125	F3	53	70	78	9.227280	F3	53	127	
75	8.080729	E3	52	82	80	9.409099	E3	52	127	
76	8.098958	C4	60	77	79	9.409099	C4	60	127	
77	8.229167	A3	57	76	82	9.590917	A3	57	127	
78	8.231771	F4	65	78	81	9.590917	F4	65	127	
79	8.378906	F4	65	73	83	9.772735	F4	65	127	
80	8.501302	E4	64	73	84	9.954554	E4	64	127	
81	8.502604	G3	55	69	85	9.954554	G3	55	127	
82	8.634115	F3	53	75	87	10.136372	F3	53	127	
83	8.639323	A4	69	72	86	10.136372	A4	69	127	
84	8.769531	A4	69	75	88	10.318190	A4	69	127	
85	8.906250	C5	72	77	89	10.500009	C5	72	127	
86	8.919271	C3	48	67	91	10.500009	C3	48	127	
87	8.924479	G4	67	62	90	10.500009	G4	67	127	
88	9.058594	A3	57	79	94	10.681827	A3	57	127	
89	9.061198	F4	65	73	93	10.681827	F4	65	127	
90	9.061198	F5	77	81	92	10.681827	F5	77	127	
91	9.205729	F5	77	69	95	10.863645	F5	77	127	
92	9.334635	E5	76	74	96	11.045464	E5	76	127	
93	9.335938	G3	55	74	97	11.045464	G3	55	127	
94	9.475260	F3	53	81	99	11.227282	F3	53	127	
95	9.477865	A5	81	83	98	11.227282	A5	81	127	
96	9.656250	G5	79	31	*	-1	*	-1	-1	
97	9.667969	A5	81	25	100	11.409100	A5	81	127	
98	9.746094	C3	48	77	102	11.590919	C3	48	127	
99	9.770833	G5	79	59	101	11.590919	G5	79	127	
100	9.893229	F5	77	72	103	11.772737	F5	77	127	
101	9.895833	F3	53	80	104	11.772737	F3	53	127	
102	9.901042	F2	41	76	105	11.772737	F2	41	127	
103	10.044271	A5	81	67	106	11.954555	A5	81	127	
104	10.063802	F5	77	47	107	11.954555	F5	77	127	
105	10.160156	E5	76	66	109	12.136374	E5	76	127	
106	10.182292	G5	79	56	108	12.136374	G5	79	127	
107	10.291667	G3	55	66	112	12.318192	G3	55	127	
108	10.294271	G2	43	68	113	12.318192	G2	43	127	
109	10.296875	F5	77	71	110	12.318192	F5	77	127	
110	10.304688	D5	74	64	111	12.318192	D5	74	127	
111	10.437500	E5	76	68	114	12.500010	E5	76	127	
112	10.438802	C5	72	71	115	12.500010	C5	72	127	
113	10.570312	D5	74	63	116	12.681829	D5	74	127	
114	10.578125	B4	71	56	117	12.681829	B4	71	127	
115	10.753906	C5	72	63	119	12.863647	C5	72	127	
116	10.755208	C3	48	40	120	12.863647	C3	48	127	
117	10.755208	E5	76	58	118	12.863647	E5	76	127	
118	10.766927	C2	36	46	*	-1	*	-1	-1	
119	11.048177	G2	43	77	121	13.227284	G2	43	127	
120	11.184896	C3	48	73	122	13.409102	C3	48	127	
121	11.333333	C3	48	77	123	13.590920	C3	48	127	
122	11.464844	B2	47	79	125	13.772739	B2	47	127	
123	11.484375	G3	55	75	124	13.772739	G3	55	127	
124	11.617188	E3	52	72	127	13.954557	E3	52	127	
125	11.621094	C4	60	75	126	13.954557	C4	60	127	
126	11.761719	C4	60	73	128	14.136375	C4	60	127	
127	11.894531	B3	59	68	129	14.318194	B3	59	127	
128	11.915365	D3	50	65	130	14.318194	D3	50	127	
129	12.035156	E4	64	71	131	14.500012	E4	64	127	
130	12.042969	C3	48	70	132	14.500012	C3	48	127	
131	12.164062	E4	64	69	133	14.681830	E4	64	127	
132	12.287760	G2	43	63	136	14.863649	G2	43	127	
133	12.290365	G4	67	76	134	14.863649	G4	67	127	
134	12.308594	D4	62	61	135	14.863649	D4	62	127	
135	12.438802	E3	52	77	139	15.045467	E3	52	127	
136	12.438802	C4	60	77	138	15.045467	C4	60	127	
137	12.444010	C5	72	79	137	15.045467	C5	72	127	
138	12.578125	C5	72	71	140	15.227285	C5	72	127	
139	12.703125	B4	71	77	141	15.409104	B4	71	127	
140	12.712240	D3	50	69	142	15.409104	D3	50	127	
141	12.843750	C3	48	76	144	15.590922	C3	48	127	
142	12.852865	E5	76	79	143	15.590922	E5	76	127	
143	12.994792	E5	76	75	145	15.772740	E5	76	127	
144	13.085938	G2	43	61	148	15.954559	G2	43	127	
145	13.127604	G5	79	82	146	15.954559	G5	79	127	
146	13.162760	D5	74	41	147	15.954559	D5	74	127	
147	13.251302	E3	52	82	151	16.136377	E3	52	127	
148	13.268229	C6	84	84	149	16.136377	C6	84	127	
149	13.270833	C5	72	78	150	16.136377	C5	72	127	
150	13.402344	C6	84	71	152	16.318195	C6	84	127	
151	13.540365	B5	83	82	153	16.500014	B5	83	127	
152	13.541667	C3	48	66	154	16.500014	C3	48	127	
153	13.674479	F3	53	68	156	16.681832	F3	53	127	
154	13.677083	A5	81	81	155	16.681832	A5	81	127	
155	13.816406	A5	81	73	157	16.863650	A5	81	127	
156	13.954427	G5	79	71	158	17.045469	G5	79	127	
157	13.962240	G3	55	59	159	17.045469	G3	55	127	
158	14.088542	F5	77	71	160	17.227287	F5	77	127	
159	14.134115	A3	57	56	161	17.227287	A3	57	127	
160	14.222656	E5	76	67	162	17.409105	E5	76	127	
161	14.346354	D5	74	60	163	17.590924	D5	74	127	
162	14.376302	B3	59	56	164	17.590924	B3	59	127	
163	14.476562	C5	72	70	166	17.772742	C5	72	127	
164	14.505208	D5	74	65	165	17.772742	D5	74	127	
165	14.523438	A3	57	67	168	17.772742	A3	57	127	
166	14.533854	C4	60	63	167	17.772742	C4	60	127	
167	14.587240	C5	72	50	*	-1	*	-1	-1	
168	14.631510	B4	71	58	169	17.954560	B4	71	127	
169	14.766927	F#5	78	67	170	18.136379	F#5	78	127	
170	14.817708	A2	45	32	172	18.136379	A2	45	127	
171	15.007812	G5	79	67	173	18.318197	G5	79	127	
172	15.019531	G2	43	57	175	18.318197	G2	43	127	
173	15.325521	G3	55	79	178	18.681834	G3	55	127	
174	15.325521	G4	67	79	177	18.681834	G4	67	127	
175	15.329427	G5	79	88	176	18.681834	G5	79	127	
176	15.481771	B4	71	66	179	18.863652	B4	71	127	
177	15.486979	F4	65	71	180	18.863652	F4	65	127	
178	15.636719	B4	71	61	181	19.045470	B4	71	127	
179	15.770833	E4	64	62	183	19.227289	E4	64	127	
180	15.778646	C5	72	63	182	19.227289	C5	72	127	
181	15.924479	D4	62	62	185	19.409107	D4	62	127	
182	15.929688	D5	74	61	184	19.409107	D5	74	127	
183	16.072917	D5	74	50	186	19.590925	D5	74	127	
184	16.196615	E5	76	63	187	19.772744	E5	76	127	
185	16.197917	C4	60	54	188	19.772744	C4	60	127	
186	16.325521	B3	59	55	190	19.954562	B3	59	127	
187	16.329427	F5	77	68	189	19.954562	F5	77	127	
188	16.485677	F5	77	60	191	20.136380	F5	77	127	
189	16.592448	E5	76	70	192	20.318199	E5	76	127	
190	16.601562	C4	60	48	193	20.318199	C4	60	127	
191	16.871094	G4	67	97	197	20.500017	G4	67	127	
192	16.872396	B4	71	86	196	20.500017	B4	71	127	
193	16.872396	G5	79	89	195	20.500017	G5	79	127	
194	16.875000	G2	43	95	198	20.500017	G2	43	127	
195	16.875000	D5	74	79	194	20.500017	D5	74	127	
196	16.881510	D2	38	61	199	20.500017	D2	38	127	
197	16.885417	G1	31	80	201	20.500017	G1	31	127	
198	16.897135	B1	35	68	200	20.500017	B1	35	127	
199	16.916667	E5	76	62	*	-1	*	-1	-1	
200	17.200521	G5	79	79	202	20.863654	G5	79	127	
201	17.207031	G3	55	69	203	20.863654	G3	55	127	
202	17.222656	G4	67	59	*	-1	*	-1	-1	
203	17.342448	B4	71	66	204	21.045472	B4	71	127	
204	17.350260	F4	65	74	205	21.045472	F4	65	127	
205	17.498698	B4	71	63	206	21.227290	B4	71	127	
206	17.639323	C5	72	69	207	21.409109	C5	72	127	
207	17.649740	E4	64	60	208	21.409109	E4	64	127	
208	17.779948	D4	62	71	210	21.590927	D4	62	127	
209	17.785156	D5	74	60	209	21.590927	D5	74	127	
210	17.919271	D5	74	68	211	21.772745	D5	74	127	
211	18.055990	E5	76	70	212	21.954564	E5	76	127	
212	18.059896	C4	60	60	213	21.954564	C4	60	127	
213	18.195312	F5	77	72	214	22.136382	F5	77	127	
214	18.199219	B3	59	63	215	22.136382	B3	59	127	
215	18.346354	F5	77	56	216	22.318200	F5	77	127	
216	18.454427	E5	76	71	217	22.500019	E5	76	127	
217	18.471354	C4	60	44	218	22.500019	C4	60	127	
218	18.720052	D5	74	59	220	22.681837	D5	74	127	
219	18.723958	G4	67	95	222	22.681837	G4	67	127	
220	18.723958	G5	79	87	219	22.681837	G5	79	127	
221	18.726562	B4	71	85	221	22.681837	B4	71	127	
222	18.735677	G2	43	83	223	22.681837	G2	43	127	
223	18.738281	G1	31	71	226	22.681837	G1	31	127	
224	18.739583	D2	38	61	224	22.681837	D2	38	127	
225	18.752604	B1	35	55	225	22.681837	B1	35	127	
226	19.046875	E4	64	73	227	23.090928	E4	64	127	
227	19.046875	C6	84	88	228	23.090928	C6	84	127	
228	19.183594	F4	65	86	229	23.272747	F4	65	127	
229	19.192708	C6	84	85	230	23.272747	C6	84	127	
230	19.326823	D5	74	71	231	23.454565	D5	74	127	
231	19.437500	A4	69	79	232	23.636383	A4	69	127	
232	19.457031	A5	81	82	233	23.636383	A5	81	127	
233	19.572917	G4	67	87	234	23.818202	G4	67	127	
234	19.591146	A5	81	78	235	23.818202	A5	81	127	
235	19.720052	B4	71	71	236	24.000020	B4	71	127	
236	19.842448	E5	76	70	238	24.181838	E5	76	127	
237	19.845052	E4	64	55	237	24.181838	E4	64	127	
238	19.848958	C5	72	67	239	24.181838	C5	72	127	
239	19.993490	D5	74	71	241	24.363657	D5	74	127	
240	20.001302	F5	77	62	242	24.363657	F5	77	127	
241	20.011719	F4	65	61	240	24.363657	F4	65	127	
242	20.132812	E5	76	63	244	24.545475	E5	76	127	
243	20.138021	C5	72	57	243	24.545475	C5	72	127	
244	20.250000	D5	74	66	247	24.727293	D5	74	127	
245	20.251302	G4	67	56	245	24.727293	G4	67	127	
246	20.264323	B4	71	55	246	24.727293	B4	71	127	
247	20.463542	C5	72	53	249	24.909112	C5	72	127	
248	20.468750	E5	76	58	248	24.909112	E5	76	127	
249	20.475260	C4	60	44	250	24.909112	C4	60	127	
250	20.781250	G3	55	80	252	25.272748	G3	55	127	
251	20.786458	G5	79	85	251	25.272748	G5	79	127	
252	20.789062	G4	67	78	253	25.272748	G4	67	127	
253	20.941406	B4	71	66	255	25.454567	B4	71	127	
254	20.955729	F4	65	70	254	25.454567	F4	65	127	
255	21.089844	B4	71	60	256	25.636385	B4	71	127	
256	21.233073	C5	72	68	258	25.818203	C5	72	127	
257	21.251302	E4	64	60	257	25.818203	E4	64	127	
258	21.384115	D5	74	64	260	26.000022	D5	74	127	
259	21.403646	D4	62	65	259	26.000022	D4	62	127	
260	21.531250	D5	74	56	261	26.181840	D5	74	127	
261	21.661458	E5	76	63	263	26.363658	E5	76	127	
262	21.666667	C4	60	64	262	26.363658	C4	60	127	
263	21.800781	F5	77	70	265	26.545477	F5	77	127	
264	21.819010	B3	59	50	264	26.545477	B3	59	127	
265	21.960938	F5	77	66	266	26.727295	F5	77	127	
266	22.065104	E5	76	75	268	26.909113	E5	76	127	
267	22.071615	C4	60	61	267	26.909113	C4	60	127	
268	22.339844	G2	43	90	273	27.090932	G2	43	127	
269	22.342448	G4	67	96	272	27.090932	G4	67	127	
270	22.343750	G5	79	94	269	27.090932	G5	79	127	
271	22.345052	D2	38	67	274	27.090932	D2	38	127	
272	22.345052	B4	71	90	271	27.090932	B4	71	127	
273	22.345052	D5	74	82	270	27.090932	D5	74	127	
274	22.348958	B1	35	66	275	27.090932	B1	35	127	
275	22.351562	G1	31	80	276	27.090932	G1	31	127	
276	22.653646	G3	55	76	277	27.454568	G3	55	127	
277	22.654948	G4	67	72	278	27.454568	G4	67	127	
278	22.662760	G5	79	83	279	27.454568	G5	79	127	
279	22.802083	B4	71	71	281	27.636387	B4	71	127	
280	22.805990	F4	65	71	280	27.636387	F4	65	127	
281	22.967448	B4	71	63	282	27.818205	B4	71	127	
282	23.108073	E4	64	56	283	28.000023	E4	64	127	
283	23.108073	C5	72	72	284	28.000023	C5	72	127	
284	23.253906	D5	74	63	286	28.181842	D5	74	127	
285	23.259115	D4	62	61	285	28.181842	D4	62	127	
286	23.395833	D5	74	63	287	28.363660	D5	74	127	
287	23.516927	C4	60	64	288	28.545478	C4	60	127	
288	23.528646	E5	76	68	289	28.545478	E5	76	127	
289	23.666667	F5	77	74	291	28.727297	F5	77	127	
290	23.669271	B3	59	63	290	28.727297	B3	59	127	
291	23.808594	F5	77	70	292	28.909115	F5	77	127	
292	23.933594	E5	76	75	294	29.090933	E5	76	127	
293	23.940104	C4	60	66	293	29.090933	C4	60	127	
294	24.200521	D5	74	49	295	29.272752	D5	74	127	
295	24.204427	G2	43	90	299	29.272752	G2	43	127	
296	24.205729	G4	67	93	298	29.272752	G4	67	127	
297	24.207031	G5	79	89	297	29.272752	G5	79	127	
298	24.209635	D2	38	68	300	29.272752	D2	38	127	
299	24.209635	B4	71	87	296	29.272752	B4	71	127	
300	24.213542	B1	35	57	301	29.272752	B1	35	127	
301	24.216146	G1	31	73	302	29.272752	G1	31	127	
302	24.515625	E4	64	78	303	29.727298	E4	64	127	
303	24.519531	C6	84	85	304	29.727298	C6	84	127	
304	24.645833	F4	65	86	305	29.909116	F4	65	127	
305	24.657552	C6	84	84	306	29.909116	C6	84	127	
306	24.795573	D5	74	71	307	30.090934	D5	74	127	
307	24.924479	A4	69	77	308	30.272753	A4	69	127	
308	24.934896	A5	81	86	309	30.272753	A5	81	127	
309	25.070312	G4	67	87	311	30.454571	G4	67	127	
310	25.072917	A5	81	80	310	30.454571	A5	81	127	
311	25.216146	B4	71	70	312	30.636389	B4	71	127	
312	25.329427	E4	64	59	313	30.818207	E4	64	127	
313	25.338542	C5	72	64	315	30.818207	C5	72	127	
314	25.338542	E5	76	63	314	30.818207	E5	76	127	
315	25.471354	F5	77	70	318	31.000026	F5	77	127	
316	25.472656	F4	65	70	316	31.000026	F4	65	127	
317	25.472656	D5	74	68	317	31.000026	D5	74	127	
318	25.598958	E5	76	69	320	31.181844	E5	76	127	
319	25.610677	C5	72	61	319	31.181844	C5	72	127	
320	25.733073	G4	67	58	321	31.363663	G4	67	127	
321	25.740885	D5	74	70	323	31.363663	D5	74	127	
322	25.755208	B4	71	60	322	31.363663	B4	71	127	
323	25.886719	C5	72	73	324	31.545481	C5	72	127	
324	25.920573	C4	60	61	325	31.545481	C4	60	127	
325	26.188802	C5	72	79	327	31.909118	C5	72	127	
326	26.191406	E3	52	75	326	31.909118	E3	52	127	
327	26.325521	F3	53	88	328	32.090936	F3	53	127	
328	26.328125	C5	72	78	329	32.090936	C5	72	127	
329	26.471354	D4	62	78	330	32.272754	D4	62	127	
330	26.592448	A3	57	80	331	32.454573	A3	57	127	
331	26.610677	A4	69	66	332	32.454573	A4	69	127	
332	26.619792	G4	67	69	*	-1	*	-1	-1	
333	26.738281	G3	55	97	334	32.636391	G3	55	127	
334	26.761719	A4	69	69	333	32.636391	A4	69	127	
335	26.880208	B3	59	72	335	32.818209	B3	59	127	
336	27.000000	E3	52	80	336	33.000028	E3	52	127	
337	27.014323	C4	60	78	338	33.000028	C4	60	127	
338	27.022135	E4	64	69	337	33.000028	E4	64	127	
339	27.156250	D4	62	80	340	33.181846	D4	62	127	
340	27.156250	F4	65	77	341	33.181846	F4	65	127	
341	27.157552	F3	53	89	339	33.181846	F3	53	127	
342	27.286458	C4	60	79	343	33.363664	C4	60	127	
343	27.286458	E4	64	77	342	33.363664	E4	64	127	
344	27.430990	D4	62	86	346	33.545482	D4	62	127	
345	27.432292	G3	55	78	344	33.545482	G3	55	127	
346	27.438802	B3	59	80	345	33.545482	B3	59	127	
347	27.692708	C3	48	85	349	33.727301	C3	48	127	
348	27.696615	C4	60	93	347	33.727301	C4	60	127	
349	27.699219	C2	36	80	348	33.727301	C2	36	127	
350	28.513021	A4	69	69	356	34.681847	A4	69	127	
351	28.531250	C#5	73	68	355	34.681847	C#5	73	127	
352	28.552083	E5	76	59	354	34.681847	E5	76	127	
353	28.596354	G5	79	83	353	34.681847	G5	79	127	
354	28.605469	A2	45	90	351	34.681847	A2	45	127	
355	28.613281	A1	33	78	*	-1	*	-1	-1	
356	28.617188	E2	40	75	*	-1	*	-1	-1	
357	28.764323	A4	69	78	357	34.863665	A4	69	127	
358	28.895833	F5	77	78	358	35.045484	F5	77	127	
359	28.921875	D5	74	58	359	35.045484	D5	74	127	
360	29.052083	A4	69	77	362	35.227302	A4	69	127	
361	29.063802	E5	76	68	361	35.227302	E5	76	127	
362	29.082031	C#5	73	39	360	35.227302	C#5	73	127	
363	29.192708	A4	69	77	363	35.409120	A4	69	127	
364	29.296875	D5	74	77	365	35.590939	D5	74	127	
365	29.304688	B4	71	57	364	35.590939	B4	71	127	
366	29.449219	A4	69	83	366	35.772757	A4	69	127	
367	29.453125	C#5	73	78	367	35.772757	C#5	73	127	
368	29.455729	G4	67	68	368	35.772757	G4	67	127	
369	29.559896	A3	57	66	369	35.954575	A3	57	127	
370	29.710938	F4	65	74	372	36.136394	F4	65	127	
371	29.744792	B4	71	58	370	36.136394	B4	71	127	
372	29.747396	D5	74	58	371	36.136394	D5	74	127	
373	29.865885	E4	64	72	375	36.318212	E4	64	127	
374	29.880208	E5	76	75	373	36.318212	E5	76	127	
375	29.911458	C#5	73	60	374	36.318212	C#5	73	127	
376	30.027344	A3	57	66	376	36.500030	A3	57	127	
377	30.162760	D4	62	72	379	36.681849	D4	62	127	
378	30.170573	F5	77	74	377	36.681849	F5	77	127	
379	30.175781	D5	74	70	378	36.681849	D5	74	127	
380	30.320312	C#4	61	79	383	36.863667	C#4	61	127	
381	30.328125	E5	76	73	382	36.863667	E5	76	127	
382	30.332031	G5	79	78	380	36.863667	G5	79	127	
383	30.338542	A4	69	70	381	36.863667	A4	69	127	
384	30.477865	A3	57	72	384	37.045485	A3	57	127	
385	30.618490	F5	77	71	385	37.227304	F5	77	127	
386	30.621094	D4	62	75	387	37.227304	D4	62	127	
387	30.627604	D5	74	62	386	37.227304	D5	74	127	
388	30.761719	G5	79	73	389	37.409122	G5	79	127	
389	30.772135	G3	55	74	391	37.409122	G3	55	127	
390	30.772135	F5	77	74	390	37.409122	F5	77	127	
391	30.776042	Bb4	70	76	388	37.409122	Bb4	70	127	
392	30.917969	E5	76	71	392	37.590940	E5	76	127	
393	30.920573	A3	57	73	393	37.590940	A3	57	127	
394	30.932292	Bb4	70	21	*	-1	*	-1	-1	
395	31.058594	D5	74	70	394	37.772759	D5	74	127	
396	31.063802	Bb3	58	75	395	37.772759	Bb3	58	127	
397	31.069010	Bb4	70	30	*	-1	*	-1	-1	
398	31.214844	A3	57	75	399	37.954577	A3	57	127	
399	31.218750	A4	69	78	398	37.954577	A4	69	127	
400	31.221354	E5	76	72	397	37.954577	E5	76	127	
401	31.229167	C#5	73	63	396	37.954577	C#5	73	127	
402	31.337240	A4	69	43	*	-1	*	-1	-1	
403	31.355469	G3	55	73	400	38.136395	G3	55	127	
404	31.501302	F3	53	72	403	38.318214	F3	53	127	
405	31.515625	F5	77	72	402	38.318214	F5	77	127	
406	31.550781	D5	74	31	401	38.318214	D5	74	127	
407	31.643229	G5	79	68	404	38.500032	G5	79	127	
408	31.658854	G3	55	74	407	38.500032	G3	55	127	
409	31.669271	Bb4	70	70	406	38.500032	Bb4	70	127	
410	31.669271	F5	77	61	405	38.500032	F5	77	127	
411	31.824219	A3	57	60	409	38.681850	A3	57	127	
412	31.826823	E5	76	59	408	38.681850	E5	76	127	
413	31.962240	D5	74	72	410	38.863669	D5	74	127	
414	31.972656	Bb3	58	63	411	38.863669	Bb3	58	127	
415	32.125000	A3	57	65	415	39.045487	A3	57	127	
416	32.151042	A4	69	62	413	39.045487	A4	69	127	
417	32.152344	E5	76	62	412	39.045487	E5	76	127	
418	32.153646	C#5	73	59	414	39.045487	C#5	73	127	
419	32.266927	G3	55	61	416	39.227305	G3	55	127	
420	32.419271	F3	53	65	419	39.409124	F3	53	127	
421	32.432292	F5	77	59	418	39.409124	F5	77	127	
422	32.440104	D5	74	48	417	39.409124	D5	74	127	
423	32.566406	G5	79	68	422	39.590942	G5	79	127	
424	32.575521	G3	55	64	423	39.590942	G3	55	127	
425	32.598958	F5	77	65	421	39.590942	F5	77	127	
426	32.600260	Bb4	70	53	420	39.590942	Bb4	70	127	
427	32.750000	E5	76	55	424	39.772760	E5	76	127	
428	32.763021	A3	57	59	425	39.772760	A3	57	127	
429	32.888021	D5	74	70	426	39.954579	D5	74	127	
430	32.897135	Bb3	58	62	427	39.954579	Bb3	58	127	
431	33.084635	D5	74	63	429	40.136397	D5	74	127	
432	33.091146	A3	57	59	428	40.136397	A3	57	127	
433	33.118490	E5	76	58	*	-1	*	-1	-1	
434	33.171875	F5	77	66	*	-1	*	-1	-1	
435	33.266927	E5	76	67	*	-1	*	-1	-1	
436	33.322917	F5	77	61	*	-1	*	-1	-1	
437	33.411458	E5	76	70	430	40.500034	E5	76	127	
438	33.467448	F5	77	56	*	-1	*	-1	-1	
439	33.546875	E5	76	61	*	-1	*	-1	-1	
440	33.592448	A2	45	44	431	40.681852	A2	45	127	
441	33.622396	F5	77	64	*	-1	*	-1	-1	
442	33.652344	E5	76	38	*	-1	*	-1	-1	
443	33.923177	Bb4	70	67	433	41.409125	Bb4	70	127	
444	33.936198	D5	74	62	432	41.409125	D5	74	127	
445	33.980469	F5	77	58	434	41.409125	F5	77	127	
446	34.011719	G#5	80	83	435	41.409125	G#5	80	127	
447	34.024740	Bb1	34	90	436	41.409125	Bb1	34	127	
448	34.173177	Bb4	70	81	437	41.590944	Bb4	70	127	
449	34.328125	Eb5	75	66	438	41.772762	Eb5	75	127	
450	34.335938	G5	79	71	439	41.772762	G5	79	127	
451	34.475260	Bb4	70	76	440	41.954580	Bb4	70	127	
452	34.475260	F5	77	70	442	41.954580	F5	77	127	
453	34.493490	D5	74	54	441	41.954580	D5	74	127	
454	34.632812	Bb4	70	80	443	42.136399	Bb4	70	127	
455	34.739583	C5	72	62	445	42.318217	C5	72	127	
456	34.766927	Eb5	75	64	444	42.318217	Eb5	75	127	
457	34.891927	D5	74	80	446	42.500035	D5	74	127	
458	34.907552	Bb4	70	74	447	42.500035	Bb4	70	127	
459	34.908854	G#4	68	72	448	42.500035	G#4	68	127	
460	35.033854	Bb3	58	68	449	42.681854	Bb3	58	127	
461	35.192708	G4	67	70	450	42.863672	G4	67	127	
462	35.201823	Eb5	75	61	452	42.863672	Eb5	75	127	
463	35.204427	C5	72	61	451	42.863672	C5	72	127	
464	35.328125	F4	65	76	453	43.045490	F4	65	127	
465	35.337240	F5	77	74	455	43.045490	F5	77	127	
466	35.355469	D5	74	63	454	43.045490	D5	74	127	
467	35.468750	Bb3	58	67	456	43.227309	Bb3	58	127	
468	35.591146	Eb4	63	71	457	43.409127	Eb4	63	127	
469	35.600260	G5	79	63	459	43.409127	G5	79	127	
470	35.606771	Eb5	75	67	458	43.409127	Eb5	75	127	
471	35.752604	F5	77	72	461	43.590945	F5	77	127	
472	35.753906	D4	62	70	463	43.590945	D4	62	127	
473	35.756510	G#5	80	74	460	43.590945	G#5	80	127	
474	35.763021	Bb4	70	71	462	43.590945	Bb4	70	127	
475	35.919271	Bb3	58	66	464	43.772764	Bb3	58	127	
476	35.921875	Bb4	70	7	*	-1	*	-1	-1	
477	36.055990	Eb4	63	69	465	43.954582	Eb4	63	127	
478	36.059896	G5	79	70	467	43.954582	G5	79	127	
479	36.065104	Eb5	75	61	466	43.954582	Eb5	75	127	
480	36.191406	G#5	80	74	469	44.136400	G#5	80	127	
481	36.204427	G#3	56	65	468	44.136400	G#3	56	127	
482	36.205729	G5	79	68	471	44.136400	G5	79	127	
483	36.208333	C5	72	74	470	44.136400	C5	72	127	
484	36.337240	C5	72	22	*	-1	*	-1	-1	
485	36.356771	F5	77	66	473	44.318219	F5	77	127	
486	36.360677	Bb3	58	61	472	44.318219	Bb3	58	127	
487	36.494792	Eb5	75	67	475	44.500037	Eb5	75	127	
488	36.513021	C4	60	59	474	44.500037	C4	60	127	
489	36.613281	C5	72	26	*	-1	*	-1	-1	
490	36.647135	D5	74	60	476	44.681855	D5	74	127	
491	36.656250	F5	77	60	477	44.681855	F5	77	127	
492	36.660156	Bb3	58	58	478	44.681855	Bb3	58	127	
493	36.799479	G#3	56	63	479	44.863674	G#3	56	127	
494	36.945312	G5	79	63	482	45.045492	G5	79	127	
495	36.950521	Eb5	75	65	481	45.045492	Eb5	75	127	
496	36.957031	G3	55	61	480	45.045492	G3	55	127	
497	37.088542	G#5	80	62	484	45.227310	G#5	80	127	
498	37.108073	G5	79	63	486	45.227310	G5	79	127	
499	37.109375	G#3	56	68	483	45.227310	G#3	56	127	
500	37.109375	C5	72	64	485	45.227310	C5	72	127	
501	37.272135	Bb3	58	55	487	45.409129	Bb3	58	127	
502	37.273438	F5	77	56	488	45.409129	F5	77	127	
503	37.391927	Eb5	75	63	490	45.590947	Eb5	75	127	
504	37.421875	C4	60	54	489	45.590947	C4	60	127	
505	37.558594	Bb3	58	65	493	45.772765	Bb3	58	127	
506	37.567708	D5	74	57	491	45.772765	D5	74	127	
507	37.567708	F5	77	60	492	45.772765	F5	77	127	
508	37.717448	G#3	56	59	494	45.954584	G#3	56	127	
509	37.881510	G3	55	51	495	46.136402	G3	55	127	
510	37.891927	G5	79	59	497	46.136402	G5	79	127	
511	37.910156	Eb5	75	47	496	46.136402	Eb5	75	127	
512	38.045573	G#5	80	68	499	46.318220	G#5	80	127	
513	38.061198	G#3	56	60	498	46.318220	G#3	56	127	
514	38.069010	C5	72	59	501	46.318220	C5	72	127	
515	38.075521	G5	79	48	500	46.318220	G5	79	127	
516	38.244792	F5	77	58	503	46.500039	F5	77	127	
517	38.250000	Bb3	58	55	502	46.500039	Bb3	58	127	
518	38.432292	Eb5	75	56	505	46.681857	Eb5	75	127	
519	38.442708	C4	60	47	504	46.681857	C4	60	127	
520	38.735677	F5	77	45	506	46.863675	F5	77	127	
521	38.750000	D5	74	39	507	46.863675	D5	74	127	
522	38.760417	Bb3	58	37	508	46.863675	Bb3	58	127	
523	39.303385	Bb2	46	60	509	47.227312	Bb2	46	127	
524	39.464844	Eb3	51	68	510	47.409130	Eb3	51	127	
525	39.601562	Eb3	51	63	511	47.590949	Eb3	51	127	
526	39.738281	D3	50	75	512	47.772767	D3	50	127	
527	39.766927	Bb3	58	67	513	47.772767	Bb3	58	127	
528	39.897135	G3	55	66	515	47.954585	G3	55	127	
529	39.899740	Eb4	63	63	514	47.954585	Eb4	63	127	
530	40.053385	Eb4	63	61	516	48.136404	Eb4	63	127	
531	40.188802	F3	53	56	517	48.318222	F3	53	127	
532	40.191406	D4	62	64	518	48.318222	D4	62	127	
533	40.312500	Eb3	51	60	519	48.500040	Eb3	51	127	
534	40.330729	G4	67	68	520	48.500040	G4	67	127	
535	40.476562	G4	67	60	521	48.681859	G4	67	127	
536	40.578125	D3	50	47	522	48.863677	D3	50	127	
537	40.600260	F#4	66	72	523	48.863677	F#4	66	127	
538	40.723958	G3	55	62	525	49.045495	G3	55	127	
539	40.743490	Bb4	70	64	524	49.045495	Bb4	70	127	
540	40.869792	Bb4	70	61	526	49.227314	Bb4	70	127	
541	41.005208	F3	53	60	527	49.409132	F3	53	127	
542	41.015625	A4	69	74	528	49.409132	A4	69	127	
543	41.154948	F4	65	71	530	49.590950	F4	65	127	
544	41.156250	D5	74	73	531	49.590950	D5	74	127	
545	41.296875	D5	74	71	532	49.772769	D5	74	127	
546	41.421875	C#5	73	77	534	49.954587	C#5	73	127	
547	41.432292	E4	64	67	533	49.954587	E4	64	127	
548	41.549479	D4	62	76	536	50.136405	D4	62	127	
549	41.567708	F5	77	80	535	50.136405	F5	77	127	
550	41.699219	F5	77	78	537	50.318224	F5	77	127	
551	41.837240	E5	76	77	539	50.500042	E5	76	127	
552	41.854167	C4	60	77	538	50.500042	C4	60	127	
553	41.981771	A5	81	86	541	50.681860	A5	81	127	
554	42.121094	A5	81	81	542	50.863679	A5	81	127	
555	42.240885	B3	59	64	543	51.045497	B3	59	127	
556	42.243490	G#5	80	85	544	51.045497	G#5	80	127	
557	42.380208	A3	57	70	546	51.227315	A3	57	127	
558	42.394531	C6	84	86	545	51.227315	C6	84	127	
559	42.528646	C6	84	79	547	51.409134	C6	84	127	
560	42.658854	B3	59	64	548	51.590952	B3	59	127	
561	42.662760	B5	83	78	549	51.590952	B5	83	127	
562	42.802083	C4	60	76	550	51.772770	C4	60	127	
563	42.804688	A5	81	81	551	51.772770	A5	81	127	
564	42.945312	A5	81	75	552	51.954589	A5	81	127	
565	43.053385	A3	57	61	553	52.136407	A3	57	127	
566	43.085938	G5	79	74	554	52.136407	G5	79	127	
567	43.220052	D4	62	78	557	52.318225	D4	62	127	
568	43.229167	F5	77	64	555	52.318225	F5	77	127	
569	43.235677	D3	50	67	556	52.318225	D3	50	127	
570	43.367188	E5	76	61	558	52.500044	E5	76	127	
571	43.489583	E3	52	62	559	52.681862	E3	52	127	
572	43.503906	D5	74	65	560	52.681862	D5	74	127	
573	43.651042	C5	72	63	564	52.863680	C5	72	127	
574	43.657552	B3	59	47	561	52.863680	B3	59	127	
575	43.658854	A3	57	51	562	52.863680	A3	57	127	
576	43.787760	B4	71	63	565	53.045499	B4	71	127	
577	43.927083	A4	69	63	566	53.227317	A4	69	127	
578	44.101562	E4	64	47	567	53.409135	E4	64	127	
579	44.111979	B4	71	54	568	53.409135	B4	71	127	
580	44.114583	A3	57	45	570	53.409135	B3	59	127	
581	44.139323	E3	52	23	569	53.409135	E3	52	127	
582	44.390625	E3	52	68	571	53.772772	E3	52	127	
583	44.539062	A3	57	67	572	53.954590	A3	57	127	
584	44.680990	A3	57	50	573	54.136409	A3	57	127	
585	44.804688	G#3	56	68	574	54.318227	G#3	56	127	
586	44.805990	E4	64	64	575	54.318227	E4	64	127	
587	44.955729	C4	60	69	577	54.500045	C4	60	127	
588	44.955729	A4	69	70	576	54.500045	A4	69	127	
589	45.100260	A4	69	71	578	54.681864	A4	69	127	
590	45.221354	G#4	68	71	580	54.863682	G#4	68	127	
591	45.244792	B3	59	58	579	54.863682	B3	59	127	
592	45.360677	A3	57	64	581	55.045500	A3	57	127	
593	45.377604	C5	72	64	582	55.045500	C5	72	127	
594	45.524740	C5	72	58	583	55.227319	C5	72	127	
595	45.619792	G3	55	58	584	55.409137	G3	55	127	
596	45.647135	B4	71	69	585	55.409137	B4	71	127	
597	45.764323	C4	60	72	587	55.590955	C4	60	127	
598	45.787760	E5	76	70	586	55.590955	E5	76	127	
599	45.927083	E5	76	68	588	55.772774	E5	76	127	
600	46.062500	D5	74	69	590	55.954592	D5	74	127	
601	46.063802	Bb3	58	72	589	55.954592	Bb3	58	127	
602	46.194010	G5	79	79	592	56.136410	G5	79	127	
603	46.325521	G5	79	76	593	56.318229	G5	79	127	
604	46.451823	A3	57	66	594	56.500047	A3	57	127	
605	46.455729	F#5	78	86	595	56.500047	F#5	78	127	
606	46.601562	Bb5	82	83	596	56.681865	Bb5	82	127	
607	46.611979	G4	67	87	597	56.681865	G4	67	127	
608	46.730469	Bb5	82	74	598	56.863684	Bb5	82	127	
609	46.877604	A5	81	83	600	57.045502	A5	81	127	
610	46.882812	F4	65	85	599	57.045502	F4	65	127	
611	47.020833	D6	86	85	602	57.227320	D6	86	127	
612	47.158854	D6	86	79	603	57.409139	D6	86	127	
613	47.273438	E4	64	74	604	57.590957	E4	64	127	
614	47.276042	C#6	85	87	605	57.590957	C#6	85	127	
615	47.430990	D4	62	88	608	57.772775	D4	62	127	
616	47.437500	F6	89	91	606	57.772775	F6	89	127	
617	47.446615	D3	50	76	607	57.772775	D3	50	127	
618	47.579427	F6	89	80	609	57.954594	F6	89	127	
619	47.709635	E3	52	60	610	58.136412	E3	52	127	
620	47.717448	E6	88	78	611	58.136412	E6	88	127	
621	47.847656	F3	53	67	612	58.318230	F3	53	127	
622	47.850260	D6	86	79	613	58.318230	D6	86	127	
623	48.005208	D6	86	72	614	58.500049	D6	86	127	
624	48.138021	D3	50	64	615	58.681867	D3	50	127	
625	48.139323	C6	84	74	616	58.681867	C6	84	127	
626	48.282552	Bb5	82	83	617	58.863685	Bb5	82	127	
627	48.289062	G3	55	71	619	58.863685	G3	55	127	
628	48.289062	D4	62	73	618	58.863685	D4	62	127	
629	48.430990	A5	81	76	621	59.045504	A5	81	127	
630	48.432292	F3	53	64	620	59.045504	A3	57	127	
631	48.554688	E3	52	62	622	59.227322	E3	52	127	
632	48.557292	G5	79	63	623	59.227322	G5	79	127	
633	48.678385	F5	77	84	*	-1	*	-1	-1	
634	48.697917	G5	79	71	626	59.409140	G5	79	127	
635	48.707031	D3	50	76	624	59.409140	D3	50	127	
636	48.789062	F5	77	67	625	59.409140	F5	77	127	
637	48.845052	E5	76	67	627	59.590959	E5	76	127	
638	48.980469	D3	50	69	628	59.772777	D3	50	127	
639	48.984375	B5	83	76	629	59.772777	B5	83	127	
640	48.992188	F5	77	61	630	59.772777	F5	77	127	
641	49.132812	C3	48	92	633	59.954595	C3	48	127	
642	49.143229	G5	79	82	631	59.954595	G5	79	127	
643	49.143229	C6	84	78	632	59.954595	C6	84	127	
644	49.283854	C5	72	81	635	60.136414	C5	72	127	
645	49.295573	C4	60	71	634	60.136414	C4	60	127	
646	49.402344	E5	76	74	637	60.318232	E5	76	127	
647	49.421875	Bb3	58	67	636	60.318232	Bb3	58	127	
648	49.541667	F5	77	75	639	60.500050	F5	77	127	
649	49.562500	A3	57	68	638	60.500050	A3	57	127	
650	49.584635	G5	79	70	*	-1	*	-1	-1	
651	49.648438	F5	77	64	*	-1	*	-1	-1	
652	49.690104	G3	55	57	640	60.681869	G3	55	127	
653	49.704427	G5	79	86	641	60.681869	G5	79	127	
654	49.816406	F3	53	71	642	60.863687	F3	53	127	
655	49.847656	A5	81	83	643	60.863687	A5	81	127	
656	49.996094	G5	79	86	644	61.045505	G5	79	127	
657	50.002604	C3	48	84	645	61.045505	C3	48	127	
658	50.151042	C5	72	68	647	61.227324	C5	72	127	
659	50.153646	C4	60	74	646	61.227324	C4	60	127	
660	50.269531	Bb3	58	62	648	61.409142	Bb3	58	127	
661	50.274740	E5	76	64	649	61.409142	E5	76	127	
662	50.403646	A3	57	66	650	61.590960	A3	57	127	
663	50.403646	F5	77	69	651	61.590960	F5	77	127	
664	50.447917	G5	79	65	652	61.636415	E5	76	127	
665	50.510417	F5	77	62	653	61.681870	F5	77	127	
666	50.550781	G3	55	53	654	61.772779	G3	55	127	
667	50.574219	G5	79	72	655	61.772779	G5	79	127	
668	50.695312	F3	53	46	656	61.954597	F3	53	127	
669	50.714844	A5	81	64	657	61.954597	A5	81	127	
670	50.934896	G5	79	68	658	62.136415	G5	79	127	
671	50.962240	C3	48	52	659	62.136415	C3	48	127	
672	51.268229	C4	60	83	661	62.500052	C4	60	127	
673	51.277344	C5	72	76	662	62.500052	C5	72	127	
674	51.277344	C6	84	89	660	62.500052	C6	84	127	
675	51.428385	E5	76	72	664	62.681870	E5	76	127	
676	51.436198	Bb4	70	74	663	62.681870	Bb4	70	127	
677	51.584635	E5	76	62	665	62.863689	E5	76	127	
678	51.725260	A4	69	59	666	63.045507	A4	69	127	
679	51.725260	F5	77	71	667	63.045507	F5	77	127	
680	51.863281	G5	79	67	668	63.227325	G5	79	127	
681	51.884115	G4	67	65	669	63.227325	G4	67	127	
682	52.016927	G5	79	63	670	63.409144	G5	79	127	
683	52.140625	C6	84	8	*	-1	*	-1	-1	
684	52.157552	A5	81	70	672	63.590962	A5	81	127	
685	52.169271	F4	65	48	671	63.590962	F4	65	127	
686	52.281250	E4	64	56	673	63.772780	E4	64	127	
687	52.292969	Bb5	82	73	674	63.772780	Bb5	82	127	
688	52.427083	Bb5	82	64	675	63.954599	Bb5	82	127	
689	52.552083	A5	81	67	677	64.136417	A5	81	127	
690	52.562500	F4	65	48	676	64.136417	F4	65	127	
691	52.825521	C3	48	96	685	64.318235	C3	48	127	
692	52.829427	C5	72	98	681	64.318235	C5	72	127	
693	52.829427	E5	76	94	680	64.318235	E5	76	127	
694	52.830729	G5	79	89	678	64.318235	G5	79	127	
695	52.833333	G2	43	64	682	64.318235	G2	43	127	
696	52.833333	C6	84	96	679	64.318235	C6	84	127	
697	52.834635	C2	36	85	684	64.318235	C2	36	127	
698	52.850260	E2	40	56	683	64.318235	E2	40	127	
699	52.873698	A5	81	48	*	-1	*	-1	-1	
700	53.140625	C4	60	70	687	64.681872	C4	60	127	
701	53.147135	C6	84	77	686	64.681872	C6	84	127	
702	53.188802	C5	72	37	*	-1	*	-1	-1	
703	53.298177	E5	76	64	689	64.863690	E5	76	127	
704	53.307292	Bb4	70	74	688	64.863690	Bb4	70	127	
705	53.454427	E5	76	70	690	65.045509	E5	76	127	
706	53.597656	F5	77	73	692	65.227327	F5	77	127	
707	53.604167	A4	69	67	691	65.227327	A4	69	127	
708	53.730469	G5	79	70	693	65.409145	G5	79	127	
709	53.739583	G4	67	68	694	65.409145	G4	67	127	
710	53.871094	G5	79	63	695	65.590964	G5	79	127	
711	54.011719	A5	81	71	697	65.772782	A5	81	127	
712	54.022135	F4	65	61	696	65.772782	F4	65	127	
713	54.149740	Bb5	82	78	699	65.954600	Bb5	82	127	
714	54.154948	E4	64	60	698	65.954600	E4	64	127	
715	54.291667	Bb5	82	62	700	66.136419	Bb5	82	127	
716	54.403646	A5	81	78	702	66.318237	A5	81	127	
717	54.408854	F4	65	68	701	66.318237	F4	65	127	
718	54.669271	C3	48	90	710	66.500055	C3	48	127	
719	54.669271	G5	79	69	703	66.500055	G5	79	127	
720	54.671875	E5	76	93	706	66.500055	E5	76	127	
721	54.673177	C5	72	92	705	66.500055	C5	72	127	
722	54.674479	C6	84	95	704	66.500055	C6	84	127	
723	54.679688	C2	36	72	707	66.500055	C2	36	127	
724	54.679688	G2	43	76	709	66.500055	G2	43	127	
725	54.688802	E2	40	50	708	66.500055	E2	40	127	
726	54.983073	A4	69	77	712	66.909147	A4	69	127	
727	54.985677	F6	89	89	711	66.909147	F6	89	127	
728	55.118490	Bb4	70	89	714	67.090965	Bb4	70	127	
729	55.126302	F6	89	85	713	67.090965	F6	89	127	
730	55.261719	G5	79	72	715	67.272783	G5	79	127	
731	55.382812	D5	74	73	717	67.454602	D5	74	127	
732	55.390625	D6	86	88	716	67.454602	D6	86	127	
733	55.516927	C5	72	87	719	67.636420	C5	72	127	
734	55.524740	D6	86	82	718	67.636420	D6	86	127	
735	55.664062	E5	76	71	720	67.818238	E5	76	127	
736	55.781250	A4	69	65	723	68.000057	A4	69	127	
737	55.782552	C6	84	73	722	68.000057	C6	84	127	
738	55.786458	A5	81	73	721	68.000057	A5	81	127	
739	55.924479	G5	79	70	724	68.181875	G5	79	127	
740	55.930990	Bb5	82	70	725	68.181875	Bb5	82	127	
741	55.955729	Bb4	70	64	726	68.181875	Bb4	70	127	
742	56.055990	A5	81	72	727	68.363693	A5	81	127	
743	56.076823	F5	77	58	728	68.363693	F5	77	127	
744	56.190104	G5	79	70	729	68.545512	G5	79	127	
745	56.192708	C5	72	55	731	68.545512	C5	72	127	
746	56.194010	E5	76	64	730	68.545512	E5	76	127	
747	56.372396	F4	65	51	733	68.727330	F4	65	127	
748	56.381510	F5	77	69	732	68.727330	F5	77	127	
749	56.393229	A5	81	71	*	-1	*	-1	-1	
750	56.671875	C4	60	79	734	69.090967	C4	60	127	
751	56.675781	C6	84	82	735	69.090967	C6	84	127	
752	56.683594	C5	72	75	736	69.090967	C5	72	127	
753	56.819010	E5	76	73	737	69.272785	E5	76	127	
754	56.825521	Bb4	70	72	738	69.272785	Bb4	70	127	
755	56.984375	E5	76	67	739	69.454603	E5	76	127	
756	57.115885	A4	69	59	741	69.636422	A4	69	127	
757	57.118490	F5	77	65	740	69.636422	F5	77	127	
758	57.251302	G5	79	64	742	69.818240	G5	79	127	
759	57.272135	G4	67	59	743	69.818240	G4	67	127	
760	57.397135	G5	79	60	744	70.000058	G5	79	127	
761	57.531250	A5	81	65	745	70.181877	A5	81	127	
762	57.533854	F4	65	53	746	70.181877	F4	65	127	
763	57.660156	Bb5	82	73	747	70.363695	Bb5	82	127	
764	57.662760	E4	64	60	748	70.363695	E4	64	127	
765	57.791667	Bb5	82	60	749	70.545513	Bb5	82	127	
766	57.920573	A5	81	71	750	70.727332	A5	81	127	
767	57.941406	F4	65	43	751	70.727332	F4	65	127	
768	58.184896	C3	48	91	759	70.909150	C3	48	127	
769	58.192708	E2	40	63	757	70.909150	E2	40	127	
770	58.192708	G5	79	87	755	70.909150	G5	79	127	
771	58.195312	C5	72	93	753	70.909150	C5	72	127	
772	58.196615	C2	36	76	756	70.909150	C2	36	127	
773	58.196615	G2	43	72	758	70.909150	G2	43	127	
774	58.196615	E5	76	87	754	70.909150	E5	76	127	
775	58.196615	C6	84	91	752	70.909150	C6	84	127	
776	58.240885	A5	81	36	*	-1	*	-1	-1	
777	58.492188	C4	60	75	760	71.272787	C4	60	127	
778	58.506510	C5	72	59	*	-1	*	-1	-1	
779	58.514323	C6	84	81	761	71.272787	C6	84	127	
780	58.651042	E5	76	69	762	71.454605	E5	76	127	
781	58.654948	Bb4	70	70	763	71.454605	Bb4	70	127	
782	58.796875	E5	76	70	764	71.636423	E5	76	127	
783	58.953125	F5	77	74	765	71.818242	F5	77	127	
784	58.958333	A4	69	66	766	71.818242	A4	69	127	
785	59.087240	G5	79	69	767	72.000060	G5	79	127	
786	59.109375	G4	67	66	768	72.000060	G4	67	127	
787	59.227865	G5	79	66	769	72.181878	G5	79	127	
788	59.373698	A5	81	68	770	72.363697	A5	81	127	
789	59.378906	F4	65	59	771	72.363697	F4	65	127	
790	59.506510	Bb5	82	76	772	72.545515	Bb5	82	127	
791	59.515625	E4	64	62	773	72.545515	E4	64	127	
792	59.641927	Bb5	82	66	774	72.727333	Bb5	82	127	
793	59.761719	F4	65	70	776	72.909152	F4	65	127	
794	59.761719	A5	81	82	775	72.909152	A5	81	127	
795	60.027344	C3	48	86	783	73.090970	C3	48	127	
796	60.032552	E5	76	88	778	73.090970	E5	76	127	
797	60.033854	C5	72	91	780	73.090970	C5	72	127	
798	60.033854	G5	79	73	779	73.090970	G5	79	127	
799	60.033854	C6	84	90	777	73.090970	C6	84	127	
800	60.041667	C2	36	68	781	73.090970	C2	36	127	
801	60.046875	G2	43	64	784	73.090970	G2	43	127	
802	60.335938	A4	69	75	785	73.500061	A4	69	127	
803	60.338542	F6	89	90	786	73.500061	F6	89	127	
804	60.477865	Bb4	70	87	787	73.681880	Bb4	70	127	
805	60.481771	F6	89	83	788	73.681880	F6	89	127	
806	60.614583	G5	79	72	789	73.863698	G5	79	127	
807	60.740885	D5	74	70	791	74.045516	D5	74	127	
808	60.746094	D6	86	82	790	74.045516	D6	86	127	
809	60.884115	C5	72	84	792	74.227335	C5	72	127	
810	60.888021	D6	86	81	793	74.227335	D6	86	127	
811	61.031250	E5	76	67	794	74.409153	E5	76	127	
812	61.143229	A4	69	63	795	74.590971	A4	69	127	
813	61.151042	C6	84	64	796	74.590971	C6	84	127	
814	61.160156	A5	81	58	797	74.590971	A5	81	127	
815	61.286458	Bb5	82	67	799	74.772790	Bb5	82	127	
816	61.289062	G5	79	60	800	74.772790	G5	79	127	
817	61.317708	Bb4	70	62	798	74.772790	Bb4	70	127	
818	61.420573	A5	81	63	801	74.954608	A5	81	127	
819	61.457031	F5	77	27	802	74.954608	F5	77	127	
820	61.553385	G5	79	65	803	75.136426	G5	79	127	
821	61.561198	E5	76	56	804	75.136426	E5	76	127	
822	61.562500	C5	72	61	805	75.136426	C5	72	127	
823	61.716146	F4	65	56	806	75.318245	F4	65	127	
824	61.716146	F5	77	67	807	75.318245	F5	77	127	
825	62.003906	A3	57	75	808	75.681881	A3	57	127	
826	62.005208	F5	77	79	809	75.681881	F5	77	127	
827	62.139323	Bb3	58	88	810	75.863700	Bb3	58	127	
828	62.145833	F5	77	78	811	75.863700	F5	77	127	
829	62.282552	G4	67	71	812	76.045518	G4	67	127	
830	62.403646	D4	62	85	814	76.227336	D4	62	127	
831	62.410156	D5	74	79	813	76.227336	D5	74	127	
832	62.552083	C4	60	95	815	76.409155	C4	60	127	
833	62.558594	D5	74	78	816	76.409155	D5	74	127	
834	62.678385	E4	64	73	817	76.590973	E4	64	127	
835	62.809896	A4	69	74	820	76.772791	A4	69	127	
836	62.812500	C5	72	67	819	76.772791	C5	72	127	
837	62.813802	A3	57	77	818	76.772791	A3	57	127	
838	62.951823	G4	67	70	823	76.954610	G4	67	127	
839	62.954427	Bb4	70	73	822	76.954610	Bb4	70	127	
840	62.989583	Bb3	58	69	821	76.954610	Bb3	58	127	
841	63.085938	A4	69	72	825	77.136428	A4	69	127	
842	63.097656	F4	65	69	824	77.136428	F4	65	127	
843	63.221354	B3	59	66	828	77.318246	C4	60	127	
844	63.227865	G4	67	70	826	77.318246	G4	67	127	
845	63.234375	E4	64	64	827	77.318246	E4	64	127	
846	63.388021	A4	69	69	831	77.500065	A4	69	127	
847	63.391927	F4	65	60	830	77.500065	F4	65	127	
848	63.402344	F3	53	71	829	77.500065	F3	53	127	
849	63.408854	F2	41	71	*	-1	*	-1	-1	
850	63.554688	C5	72	60	832	77.681883	C5	72	127	
851	63.656250	C3	48	76	833	77.863701	C3	48	127	
852	63.666667	C2	36	67	834	77.863701	C2	36	127	
853	63.755208	Bb4	70	71	839	78.045520	Bb4	70	127	
854	63.786458	F4	65	62	835	78.045520	F4	65	127	
855	63.795573	A4	69	70	838	78.045520	A4	69	127	
856	63.819010	F3	53	82	836	78.045520	F3	53	127	
857	63.832031	F2	41	73	837	78.045520	F2	41	127	
858	63.951823	C5	72	83	840	78.227338	C5	72	127	
859	64.084635	C3	48	90	842	78.409156	C3	48	127	
860	64.093750	C2	36	78	841	78.409156	C2	36	127	
861	64.199219	Bb4	70	70	845	78.590975	Bb4	70	127	
862	64.227865	F4	65	82	846	78.590975	F4	65	127	
863	64.229167	A4	69	84	847	78.590975	A4	69	127	
864	64.238281	F3	53	93	843	78.590975	F3	53	127	
865	64.248698	F2	41	89	844	78.590975	F2	41	127	
866	64.378906	C5	72	87	848	78.772793	C5	72	127	
867	64.509115	C3	48	91	849	78.954611	C3	48	127	
868	64.516927	C2	36	82	850	78.954611	C2	36	127	
869	64.621094	Bb4	70	69	853	79.136430	Bb4	70	127	
870	64.645833	F4	65	74	855	79.136430	F4	65	127	
871	64.656250	A4	69	74	854	79.136430	A4	69	127	
872	64.673177	F3	53	89	851	79.136430	F3	53	127	
873	64.680990	F2	41	90	852	79.136430	F2	41	127	
874	64.816406	E5	76	86	857	79.318248	E5	76	127	
875	64.819010	G4	67	80	856	79.318248	G4	67	127	
876	65.009115	C3	48	86	858	79.500066	C3	48	127	
877	65.014323	C2	36	79	859	79.500066	C2	36	127	
878	65.342448	F2	41	84	863	79.681885	F2	41	127	
879	65.342448	F5	77	91	861	79.681885	F5	77	127	
880	65.343750	F4	65	92	860	79.681885	F4	65	127	
881	65.345052	F3	53	79	862	79.681885	F3	53	127	
*	-1	*	-1	-1	17	2.863639	E5	76	127	
*	-1	*	-1	-1	18	3.045457	D5	74	127	
*	-1	*	-1	-1	20	3.227275	D5	74	127	
*	-1	*	-1	-1	22	3.590912	C5	72	127	
*	-1	*	-1	-1	171	18.136379	C5	72	127	
*	-1	*	-1	-1	174	18.318197	B4	71	127	
*	-1	*	-1	-1	350	34.681847	E3	52	127	
*	-1	*	-1	-1	352	34.681847	A3	57	127	
*	-1	*	-1	-1	529	49.590950	F3	53	127	
*	-1	*	-1	-1	540	50.681860	C4	60	127	
*	-1	*	-1	-1	563	52.863680	F3	53	127	
*	-1	*	-1	-1	591	56.136410	Bb3	58	127	
*	-1	*	-1	-1	601	57.227320	F4	65	127	
*	-1	*	-1	-1	782	73.090970	E2	40	127	
