// alignID alignOntime alignSitch alignPitch alignOnvel refID refOntime refSitch refPitch refOnvel
0	0.951042	F1	29	92	0	0.000000	F1	29	108	
1	1.333333	F2	41	77	1	0.333333	F2	41	108	
2	1.697917	C3	48	91	2	0.666666	C3	48	108	
3	2.123958	C3	48	95	3	0.999999	C3	48	108	
4	2.770833	D4	62	85	9	1.333332	D4	62	92	
5	2.775000	G3	55	79	6	1.333332	G3	55	92	
6	2.776042	D5	74	86	7	1.333332	D5	74	92	
7	2.777083	Bb3	58	82	10	1.333332	Bb3	58	92	
8	2.777083	G5	79	96	4	1.333332	G5	79	108	
9	2.779167	G4	67	84	5	1.333332	G4	67	92	
10	2.782292	Bb4	70	80	8	1.333332	Bb4	70	92	
11	4.815625	A5	81	68	11	2.833330	A5	81	75	
12	5.067708	Bb5	82	74	12	3.020830	Bb5	82	75	
13	5.225000	A5	81	79	13	3.208330	A5	81	75	
14	5.331250	G5	79	80	14	3.395830	G5	79	75	
15	5.451042	A5	81	78	15	3.518781	A5	81	75	
16	5.565625	G5	79	81	16	3.641732	G5	79	75	
17	5.646875	F5	77	79	17	3.764683	F5	77	75	
18	5.753125	D5	74	80	18	3.887633	D5	74	75	
19	5.865625	F5	77	68	19	3.994776	F5	77	74	
20	5.962500	D5	74	74	20	4.101919	D5	74	72	
21	6.051042	C5	72	77	21	4.209062	C5	72	70	
22	6.167708	Bb4	70	76	22	4.316204	Bb4	70	68	
23	6.275000	G4	67	68	23	4.466204	G4	67	66	
24	6.384375	D4	62	71	24	4.616204	D4	62	64	
25	6.521875	E4	64	72	25	4.766204	E4	64	62	
26	6.610417	F2	41	49	27	4.916204	F2	41	45	
27	6.697917	C3	48	49	29	4.916204	C3	48	45	
28	6.771875	A3	57	66	30	4.916204	A3	57	45	
29	6.779167	G4	67	64	28	4.916204	G4	67	60	
30	6.782292	C4	60	64	26	4.916204	C4	60	45	
31	6.926042	F4	65	70	31	5.046639	F4	65	60	
32	7.045833	G4	67	66	32	5.177074	G4	67	60	
33	7.154167	A4	69	66	33	5.307509	A4	69	60	
34	7.307292	G4	67	68	34	5.437943	G4	67	60	
35	7.931250	Bb2	46	43	35	6.259860	Bb2	46	45	
36	7.935417	F3	53	43	36	6.259860	F3	53	45	
37	8.015625	D4	62	54	37	6.259860	D4	62	45	
38	8.150000	F4	65	61	38	6.487133	F4	65	60	
39	8.266667	G4	67	65	39	6.605243	G4	67	60	
40	8.357292	A4	69	69	40	6.723353	A4	69	60	
41	8.506250	C5	72	71	41	6.841463	C5	72	60	
42	8.614583	A4	69	64	42	6.964414	A4	69	60	
43	8.737500	G4	67	69	43	7.087364	G4	67	60	
44	8.864583	F4	65	68	44	7.210315	F4	65	60	
45	8.962500	C3	48	47	47	7.333266	C3	48	45	
46	8.984375	A3	57	50	48	7.333266	A3	57	45	
47	9.018750	E4	64	57	46	7.333266	E4	64	45	
48	9.036458	G4	67	62	45	7.333266	G4	67	60	
49	9.157292	F4	65	66	49	7.463701	F4	65	60	
50	9.284375	G4	67	63	50	7.594135	G4	67	60	
51	9.393750	A4	69	56	51	7.724570	A4	69	60	
52	9.563542	G4	67	56	52	7.855005	G4	67	60	
53	10.165625	D3	50	43	54	8.676922	D3	50	45	
54	10.296875	D4	62	42	53	8.676922	D4	62	45	
55	10.425000	F4	65	43	55	8.904194	F4	65	60	
56	10.539583	G4	67	55	56	9.022304	G4	67	60	
57	10.685417	A4	69	51	57	9.140414	A4	69	60	
58	10.873958	D5	74	54	58	9.258525	D5	74	60	
59	11.031250	A4	69	38	59	9.381475	A4	69	60	
60	11.136458	G4	67	55	60	9.504426	G4	67	60	
61	11.259375	F4	65	62	61	9.627377	F4	65	60	
62	11.375000	Bb3	58	53	63	9.750328	Bb3	58	60	
63	11.385417	Bb2	46	47	62	9.750328	Bb2	46	60	
64	11.415625	F3	53	33	64	9.750328	F3	53	60	
65	11.510417	Bb4	70	58	65	9.865712	Bb4	70	63	
66	11.638542	D5	74	66	66	9.981097	D5	74	67	
67	11.760417	F5	77	60	67	10.096481	F5	77	71	
68	11.937500	F4	65	55	69	10.211866	F4	65	60	
69	11.959375	Bb3	58	40	70	10.211866	Bb3	58	60	
70	12.018750	A5	81	61	71	10.211866	A5	81	75	
71	12.058333	D5	74	34	68	10.211866	D5	74	60	
72	12.562500	C5	72	55	72	10.934757	C5	72	60	
73	12.568750	E4	64	43	73	10.934757	E4	64	60	
74	12.807292	G5	79	73	74	11.220471	G5	79	75	
75	13.072917	F5	77	75	76	11.506185	F5	77	75	
76	13.073958	D4	62	54	75	11.506185	D4	62	60	
77	13.337500	G5	79	80	78	11.756185	G5	79	75	
78	13.341667	E4	64	56	77	11.756185	E4	64	60	
79	13.656250	A3	57	46	79	12.006185	A3	57	60	
80	13.751042	F5	77	62	81	12.131185	F5	77	75	
81	13.766667	F4	65	63	80	12.131185	F4	65	60	
82	13.878125	E5	76	66	83	12.256185	E5	76	75	
83	13.898958	G4	67	57	82	12.256185	G4	67	60	
84	13.994792	G5	79	69	84	12.381185	G5	79	75	
85	14.006250	A4	69	68	85	12.381185	A4	69	60	
86	14.129167	F5	77	66	87	12.506185	F5	77	75	
87	14.145833	D4	62	52	86	12.506185	D4	62	60	
88	14.402083	Bb4	70	71	88	12.756185	Bb4	70	60	
89	14.525000	A4	69	67	89	12.881185	A4	69	60	
90	14.638542	Bb4	70	79	90	13.006185	Bb4	70	60	
91	14.675000	G3	55	46	91	13.006185	G3	55	60	
92	14.916667	E4	64	61	92	13.332271	E4	64	60	
93	14.937500	E5	76	69	93	13.332271	E5	76	68	
94	15.216667	D5	74	75	94	13.658358	D5	74	61	
95	15.221875	C3	48	66	96	13.658358	C3	48	60	
96	15.229167	F4	65	67	95	13.658358	F4	65	61	
97	15.546875	C5	72	76	97	14.194072	C5	72	53	
98	15.552083	E4	64	64	98	14.194072	E4	64	53	
99	15.920833	F1	29	90	99	14.578687	F1	29	108	
100	16.290625	F2	41	77	100	14.912020	F2	41	108	
101	16.641667	C3	48	91	101	15.245353	C3	48	108	
102	17.110417	C3	48	95	102	15.578686	C3	48	108	
103	17.760417	G5	79	93	107	15.912019	G5	79	108	
104	17.764583	D4	62	77	104	15.912019	D4	62	92	
105	17.765625	D5	74	79	109	15.912019	D5	74	92	
106	17.768750	G4	67	81	106	15.912019	G4	67	92	
107	17.768750	Bb4	70	81	108	15.912019	Bb4	70	92	
108	17.771875	G3	55	76	103	15.912019	G3	55	92	
109	17.773958	Bb3	58	72	105	15.912019	Bb3	58	92	
110	19.690625	A5	81	66	110	17.412017	A5	81	75	
111	19.927083	Bb5	82	65	111	17.578684	Bb5	82	75	
112	20.078125	A5	81	67	112	17.745350	A5	81	75	
113	20.181250	G5	79	75	113	17.912017	G5	79	75	
114	20.303125	A5	81	75	114	18.034967	A5	81	75	
115	20.425000	G5	79	76	115	18.157918	G5	79	75	
116	20.503125	F5	77	77	116	18.280869	F5	77	75	
117	20.610417	D5	74	76	117	18.403820	D5	74	75	
118	20.723958	F5	77	70	118	18.510962	F5	77	74	
119	20.815625	D5	74	68	119	18.618105	D5	74	72	
120	20.922917	C5	72	73	120	18.725248	C5	72	70	
121	21.035417	Bb4	70	73	121	18.832391	Bb4	70	68	
122	21.144792	G4	67	71	122	18.982391	G4	67	66	
123	21.271875	D4	62	66	123	19.132391	D4	62	64	
124	21.398958	E4	64	73	124	19.282391	E4	64	62	
125	21.622917	Eb4	63	50	128	19.432391	Eb4	63	60	
126	21.634375	C4	60	50	125	19.432391	C4	60	60	
127	21.645833	Bb3	58	46	127	19.432391	Bb3	58	60	
128	21.717708	G4	67	65	126	19.432391	G4	67	60	
129	21.833333	F4	65	71	129	19.562825	F4	65	60	
130	21.957292	G4	67	67	130	19.693260	G4	67	60	
131	22.078125	A4	69	65	131	19.823695	A4	69	60	
132	22.213542	G4	67	55	132	19.954130	G4	67	60	
133	22.867708	A3	57	48	133	20.776047	A3	57	60	
134	22.994792	F4	65	61	134	21.003319	F4	65	60	
135	23.125000	G4	67	57	135	21.121429	G4	67	60	
136	23.225000	A4	69	68	136	21.239539	A4	69	60	
137	23.352083	C5	72	68	137	21.357649	C5	72	60	
138	23.471875	A4	69	63	138	21.480600	A4	69	60	
139	23.596875	G4	67	64	139	21.603551	G4	67	60	
140	23.678125	Eb3	51	59	141	21.849452	Eb3	51	60	
141	23.725000	F4	65	65	140	21.726501	F4	65	60	
142	23.832292	Bb3	58	56	*	-1	*	-1	-1	
143	23.886458	G4	67	60	142	21.849452	G4	67	60	
144	23.917708	D4	62	79	*	-1	*	-1	-1	
145	24.031250	F4	65	64	145	21.979887	F4	65	60	
146	24.185417	G4	67	58	146	22.110322	G4	67	60	
147	24.316667	A4	69	54	147	22.240756	A4	69	60	
148	24.535417	G4	67	56	148	22.371191	G4	67	60	
149	25.018750	F2	41	32	149	23.193108	F2	41	60	
150	25.119792	C3	48	34	150	23.193108	C3	48	60	
151	25.294792	A3	57	47	152	23.193108	A3	57	60	
152	25.326042	Eb4	63	46	151	23.193108	Eb4	63	60	
153	25.583333	F4	65	55	153	23.420381	F4	65	60	
154	25.722917	G4	67	52	154	23.538491	G4	67	60	
155	25.844792	A4	69	60	155	23.656601	A4	69	60	
156	26.010417	D5	74	63	156	23.774711	D5	74	60	
157	26.146875	A4	69	57	157	23.897661	A4	69	60	
158	26.243750	G4	67	62	158	24.020612	G4	67	60	
159	26.365625	F4	65	66	159	24.143563	F4	65	60	
160	26.527083	Bb2	46	64	160	24.266514	Bb2	46	75	
161	26.547917	Bb1	34	46	161	24.266514	Bb1	34	75	
162	26.891667	F3	53	77	162	24.549532	F3	53	75	
163	27.430208	D5	74	72	165	25.263818	D5	74	75	
164	27.432292	D4	62	53	166	25.263818	D4	62	75	
165	27.445833	F4	65	62	163	25.263818	F4	65	75	
166	27.445833	F5	77	54	164	25.263818	F5	77	75	
167	27.479167	G5	79	39	*	-1	*	-1	-1	
168	28.432292	E5	76	58	168	26.513817	E5	76	60	
169	28.438542	G4	67	54	167	26.513817	G4	67	60	
170	28.438542	C5	72	52	169	26.513817	C5	72	60	
171	28.448958	E4	64	44	170	26.513817	E4	64	60	
172	28.556250	F5	77	66	171	26.673391	F5	77	58	
173	28.561458	A4	69	62	172	26.673391	A4	69	58	
174	28.568750	D5	74	65	174	26.673391	D5	74	58	
175	28.577083	F4	65	46	173	26.673391	F4	65	58	
176	28.718750	G4	67	56	177	26.832966	G4	67	56	
177	28.732292	E4	64	43	175	26.832966	E4	64	56	
178	28.735417	E5	76	60	176	26.832966	E5	76	56	
179	28.739583	C5	72	42	*	-1	*	-1	-1	
180	29.014583	F4	65	64	179	27.152114	F4	65	51	
181	29.015625	Bb4	70	58	181	27.152114	Bb4	70	51	
182	29.018750	D5	74	57	178	27.152114	D5	74	51	
183	29.045833	D4	62	48	180	27.152114	D4	62	51	
184	29.129167	C5	72	54	182	27.260810	C5	72	48	
185	29.133333	G4	67	58	185	27.260810	G4	67	48	
186	29.154167	E4	64	62	183	27.260810	E4	64	48	
187	29.166667	E5	76	41	184	27.260810	E5	76	48	
188	29.235417	D5	74	67	187	27.369505	D5	74	45	
189	29.253125	Bb4	70	54	186	27.369505	Bb4	70	45	
190	29.269792	F4	65	57	188	27.369505	F4	65	45	
191	29.334375	D4	62	24	189	27.369505	D4	62	45	
192	29.520833	C5	72	65	192	27.714333	C5	72	48	
193	29.535417	G4	67	51	191	27.714333	G4	67	48	
194	29.556250	E4	64	47	190	27.714333	E4	64	48	
195	29.560417	C4	60	51	193	27.714333	C4	60	48	
196	29.779167	C5	72	68	194	28.030122	C5	72	51	
197	29.782292	G4	67	64	196	28.030122	G4	67	51	
198	29.785417	E4	64	61	197	28.030122	E4	64	51	
199	29.795833	C4	60	46	195	28.030122	C4	60	51	
200	30.020833	F4	65	64	198	28.310495	F4	65	55	
201	30.027083	D5	74	78	200	28.310495	D5	74	55	
202	30.031250	Bb3	58	64	199	28.310495	Bb3	58	55	
203	30.036458	Bb4	70	72	201	28.310495	Bb4	70	55	
204	30.281250	E5	76	84	203	28.571365	E5	76	59	
205	30.284375	A3	57	63	204	28.571365	A3	57	59	
206	30.287500	C4	60	60	207	28.571365	C4	60	59	
207	30.289583	E4	64	63	206	28.571365	E4	64	59	
208	30.289583	A4	69	72	205	28.571365	A4	69	59	
209	30.297917	C5	72	64	202	28.571365	C5	72	59	
210	30.550000	D4	62	68	209	28.851738	D4	62	63	
211	30.551042	G5	79	88	212	28.851738	G5	79	63	
212	30.552083	Bb3	58	65	208	28.851738	Bb3	58	63	
213	30.553125	G3	55	64	213	28.851738	G3	55	63	
214	30.563542	D5	74	73	211	28.851738	D5	74	63	
215	30.567708	Bb4	70	67	210	28.851738	Bb4	70	63	
216	30.817708	D4	62	68	215	29.185071	D4	62	67	
217	30.818750	Bb3	58	64	214	29.185071	Bb3	58	67	
218	30.822917	G3	55	65	219	29.185071	G3	55	67	
219	30.826042	G5	79	88	218	29.185071	G5	79	67	
220	30.837500	Bb4	70	74	217	29.185071	Bb4	70	67	
221	30.841667	D5	74	73	216	29.185071	D5	74	67	
222	31.164583	A5	81	78	225	29.590476	A5	81	71	
223	31.165625	C#4	61	52	221	29.590476	C#4	61	71	
224	31.181250	A4	69	50	224	29.590476	A4	69	71	
225	31.187500	C#5	73	55	222	29.590476	C#5	73	71	
226	31.188542	A3	57	51	223	29.590476	A3	57	71	
227	31.191667	F3	53	43	220	29.590476	F3	53	71	
228	31.553125	Bb1	34	44	227	30.379950	Bb1	34	75	
229	31.558333	Bb2	46	48	226	30.379950	Bb2	46	75	
230	31.933333	F3	53	61	228	30.769560	F3	53	75	
231	32.485417	F5	77	74	230	31.483845	F5	77	75	
232	32.503125	D4	62	47	231	31.483845	D4	62	75	
233	32.503125	D5	74	61	229	31.483845	D5	74	75	
234	32.518750	F4	65	44	232	31.483845	F4	65	75	
235	33.448958	G4	67	49	236	32.518328	G4	67	60	
236	33.477083	E5	76	60	234	32.518328	E5	76	60	
237	33.519792	E4	64	37	233	32.518328	E4	64	60	
238	33.523958	C5	72	21	235	32.518328	C5	72	60	
239	33.598958	A4	69	62	240	32.690741	A4	69	58	
240	33.612500	F4	65	56	238	32.690741	F4	65	58	
241	33.612500	D5	74	62	237	32.690741	D5	74	58	
242	33.612500	F5	77	57	239	32.690741	F5	77	58	
243	33.786458	E5	76	62	242	32.863155	E5	76	56	
244	33.797917	G4	67	48	243	32.863155	G4	67	56	
245	33.802083	C5	72	48	*	-1	*	-1	-1	
246	33.808333	E4	64	41	241	32.863155	E4	64	56	
247	33.911458	C5	72	13	*	-1	*	-1	-1	
248	34.067708	Bb4	70	67	244	33.143529	Bb4	70	51	
249	34.070833	D5	74	68	245	33.143529	D5	74	51	
250	34.078125	D4	62	54	246	33.143529	D4	62	51	
251	34.086458	F4	65	53	247	33.143529	F4	65	51	
252	34.186458	G4	67	55	248	33.252224	G4	67	48	
253	34.186458	C5	72	70	249	33.252224	C5	72	48	
254	34.202083	E4	64	59	251	33.252224	E4	64	48	
255	34.204167	E5	76	67	250	33.252224	E5	76	48	
256	34.305208	D5	74	75	252	33.360920	D5	74	45	
257	34.311458	F4	65	69	255	33.360920	F4	65	45	
258	34.316667	Bb4	70	68	253	33.360920	Bb4	70	45	
259	34.337500	D4	62	51	254	33.360920	D4	62	45	
260	34.588542	G4	67	63	256	33.705747	G4	67	48	
261	34.588542	C5	72	70	257	33.705747	C5	72	48	
262	34.593750	E4	64	60	258	33.705747	E4	64	48	
263	34.600000	C4	60	53	259	33.705747	C4	60	48	
264	34.828125	E4	64	62	262	34.021536	E4	64	51	
265	34.836458	C5	72	81	263	34.021536	C5	72	51	
266	34.838542	C4	60	59	261	34.021536	C4	60	51	
267	34.843750	G4	67	71	260	34.021536	G4	67	51	
268	35.077083	F4	65	73	267	34.301910	F4	65	55	
269	35.087500	D5	74	80	266	34.301910	D5	74	55	
270	35.092708	Bb3	58	68	265	34.301910	Bb3	58	55	
271	35.093750	Bb4	70	76	264	34.301910	Bb4	70	55	
272	35.336458	C4	60	69	270	34.562779	C4	60	59	
273	35.337500	A3	57	68	272	34.562779	A3	57	59	
274	35.337500	E5	76	87	269	34.562779	E5	76	59	
275	35.338542	E4	64	73	271	34.562779	E4	64	59	
276	35.341667	C5	72	73	268	34.562779	C5	72	59	
277	35.342708	A4	69	71	273	34.562779	A4	69	59	
278	35.597917	G5	79	88	274	34.843153	G5	79	63	
279	35.608333	G3	55	65	276	34.843153	G3	55	63	
280	35.608333	D4	62	76	275	34.843153	D4	62	63	
281	35.609375	Bb3	58	68	277	34.843153	Bb3	58	63	
282	35.610417	Bb4	70	76	279	34.843153	Bb4	70	63	
283	35.612500	D5	74	68	278	34.843153	D5	74	63	
284	35.863542	Bb3	58	71	281	35.176486	Bb3	58	67	
285	35.863542	D4	62	72	285	35.176486	D4	62	67	
286	35.864583	G5	79	89	282	35.176486	G5	79	67	
287	35.869792	G3	55	65	284	35.176486	G3	55	67	
288	35.876042	D5	74	76	283	35.176486	D5	74	67	
289	35.878125	Bb4	70	73	280	35.176486	Bb4	70	67	
290	36.208333	C#4	61	58	291	35.581891	C#4	61	71	
291	36.208333	A5	81	77	288	35.581891	A5	81	71	
292	36.212500	A3	57	58	287	35.581891	A3	57	71	
293	36.222917	F3	53	52	286	35.581891	F3	53	71	
294	36.223958	A4	69	54	290	35.581891	A4	69	71	
295	36.227083	C#5	73	60	289	35.581891	C#5	73	71	
296	36.669792	G2	43	54	292	36.371364	G2	43	60	
297	36.675000	G1	31	46	293	36.371364	G1	31	60	
298	37.096875	F3	53	44	297	37.280455	F3	53	60	
299	37.100000	C6	84	71	296	37.280455	C6	84	60	
300	37.136458	D5	74	42	294	37.280455	D5	74	60	
301	37.139583	F5	77	31	295	37.280455	F5	77	60	
302	37.477083	G3	55	50	299	37.780455	G3	55	60	
303	37.478125	Bb5	82	73	298	37.780455	Bb5	82	60	
304	37.593750	A5	81	79	300	37.928969	A5	81	60	
305	37.723958	G5	79	77	301	38.077484	G5	79	60	
306	37.729167	Bb3	58	54	302	38.077484	Bb3	58	60	
307	38.023958	D4	62	62	303	38.357858	D4	62	60	
308	38.118750	F5	77	70	304	38.482858	F5	77	60	
309	38.240625	G5	79	79	306	38.607858	G5	79	60	
310	38.244792	F4	65	67	305	38.607858	F4	65	60	
311	38.350000	A5	81	84	307	38.746746	A5	81	60	
312	38.510417	G4	67	54	310	38.885635	G4	67	60	
313	38.518750	Bb4	70	54	308	38.885635	Bb4	70	60	
314	38.535417	E5	76	59	309	38.885635	E5	76	60	
315	38.803125	D5	74	68	311	39.385635	D5	74	60	
316	38.813542	F4	65	53	312	39.385635	F4	65	60	
317	39.066667	F4	65	79	313	39.885635	F4	65	60	
318	39.323958	C5	72	64	315	40.473870	C5	72	60	
319	39.329167	E4	64	47	314	40.473870	E4	64	45	
320	39.622917	D4	62	59	317	40.844240	D4	62	45	
321	39.628125	Bb4	70	63	316	40.844240	Bb4	70	60	
322	39.742708	C4	60	61	319	41.005530	C4	60	45	
323	39.742708	A4	69	63	318	41.005530	A4	69	60	
324	39.863542	Bb3	58	58	322	41.166821	Bb3	58	45	
325	39.867708	G4	67	64	320	41.166821	G4	67	60	
326	39.869792	D4	62	38	321	41.166821	D4	62	60	
327	39.998958	F4	65	70	323	41.328111	F4	65	61	
328	40.122917	G4	67	66	324	41.489401	G4	67	62	
329	40.144792	A3	57	58	325	41.489401	A3	57	48	
330	40.238542	A4	69	62	326	41.628290	A4	69	63	
331	40.375000	E4	64	66	327	41.767179	E4	64	64	
332	40.376042	Bb3	58	54	329	41.767179	Bb3	58	60	
333	40.389583	G3	55	51	328	41.767179	G3	55	51	
334	40.698958	D4	62	54	330	42.183845	D4	62	67	
335	40.714583	F3	53	39	331	42.183845	F3	53	54	
336	41.006250	F4	65	51	332	42.808845	F4	65	71	
337	41.010417	D3	50	48	333	42.808845	D3	50	57	
338	41.558333	C4	60	64	338	44.619656	C4	60	60	
339	41.562500	A1	33	58	335	44.619656	A1	33	75	
340	41.567708	A2	45	58	336	44.619656	A2	45	75	
341	41.570833	E3	52	58	334	44.619656	E3	52	60	
342	41.576042	A3	57	48	337	44.619656	A3	57	60	
343	41.831250	Bb2	46	78	341	45.019656	Bb2	46	75	
344	41.833333	Bb1	34	66	343	45.019656	Bb1	34	75	
345	41.833333	A3	57	72	340	45.019656	A3	57	60	
346	41.838542	F3	53	67	339	45.019656	F3	53	60	
347	41.841667	D3	50	61	342	45.019656	D3	50	60	
348	42.088542	C4	60	78	346	45.436322	C4	60	60	
349	42.098958	G3	55	72	345	45.436322	G3	55	60	
350	42.102083	C3	48	81	347	45.436322	C3	48	75	
351	42.102083	E3	52	72	348	45.436322	E3	52	60	
352	42.104167	C2	36	80	344	45.436322	C2	36	75	
353	42.648958	C4	60	78	351	46.404063	C4	60	92	
354	42.650000	A2	45	74	352	46.404063	A2	45	92	
355	42.652083	E3	52	76	349	46.404063	E3	52	92	
356	42.657292	A3	57	74	350	46.404063	A3	57	92	
357	42.727083	D4	62	80	353	46.530645	D4	62	92	
358	42.834375	C4	60	83	354	46.657227	C4	60	92	
359	42.880208	D3	50	84	355	46.783810	D3	50	92	
360	42.884375	A3	57	77	356	46.783810	A3	57	92	
361	42.898958	F3	53	75	357	46.783810	F3	53	92	
362	43.151042	G3	55	82	360	47.106390	G3	55	92	
363	43.152083	E3	52	67	359	47.106390	E3	52	92	
364	43.156250	C3	48	70	358	47.106390	C3	48	92	
365	43.156250	C4	60	85	361	47.106390	C4	60	92	
366	43.421875	F3	53	71	364	47.422179	F3	53	92	
367	43.428125	D4	62	85	362	47.422179	D4	62	108	
368	43.430208	Bb2	46	73	365	47.422179	Bb2	46	92	
369	43.445833	Bb3	58	77	363	47.422179	Bb3	58	108	
370	43.721875	F4	65	85	367	47.737968	F4	65	108	
371	43.725000	A3	57	81	369	47.737968	A3	57	92	
372	43.729167	C4	60	76	366	47.737968	C4	60	108	
373	43.732292	A2	45	70	368	47.737968	A2	45	92	
374	44.125000	D3	50	47	371	48.229771	D3	50	92	
375	44.135417	G2	43	55	373	48.229771	G2	43	92	
376	44.135417	G4	67	77	372	48.229771	G4	67	108	
377	44.136458	Bb3	58	69	370	48.229771	Bb3	58	92	
378	44.146875	D4	62	70	374	48.229771	D4	62	92	
379	45.023958	G4	67	70	375	49.836913	G4	67	108	
380	45.122917	A4	69	67	376	49.960370	A4	69	108	
381	45.213542	G4	67	72	377	50.083826	G4	67	108	
382	45.277083	D4	62	62	378	50.207283	D4	62	75	
383	45.285417	F4	65	81	380	50.207283	F4	65	108	
384	45.286458	Bb3	58	64	379	50.207283	Bb3	58	92	
385	45.292708	C3	48	52	381	50.207283	C3	48	92	
386	45.630208	E4	64	77	382	50.612688	E4	64	108	
387	45.978125	F2	41	55	384	51.279355	F2	41	75	
388	45.982292	F1	29	55	383	51.279355	F1	29	92	
389	46.055208	F4	65	72	386	51.279355	F4	65	108	
390	46.065625	D4	62	66	387	51.279355	D4	62	75	
391	46.073958	Bb3	58	55	385	51.279355	Bb3	58	75	
392	46.537500	C3	48	56	388	52.313837	C3	48	72	
393	46.863542	C4	60	64	390	52.713837	C4	60	68	
394	46.885417	A3	57	50	389	52.713837	A3	57	68	
395	47.291667	G3	55	43	391	53.182587	G3	55	65	
396	47.303125	F3	53	31	392	53.182587	F3	53	65	
397	47.303125	Bb3	58	46	393	53.182587	Bb3	58	65	
398	47.822917	C4	60	46	394	53.849254	C4	60	61	
399	47.839583	A3	57	41	395	53.849254	A3	57	61	
400	48.466667	C4	60	29	396	54.960365	C4	60	57	
401	49.667708	F4	65	34	397	56.114211	F4	65	49	
402	50.328125	A3	57	38	398	56.864211	A3	57	45	
403	50.431250	E4	64	23	399	56.992416	E4	64	45	
404	50.521875	E6	88	62	402	57.248826	E6	88	60	
405	50.558333	E5	76	29	401	57.248826	E5	76	45	
406	50.566667	C5	72	34	400	57.120621	C5	72	45	
407	50.883333	B5	83	51	403	57.677397	B5	83	60	
408	51.551042	A5	81	55	404	58.456617	A5	81	60	
409	52.239583	E5	76	56	405	59.197357	E5	76	60	
410	52.505208	D3	50	42	407	59.697357	D3	50	45	
411	52.514583	A3	57	45	408	59.697357	A3	57	45	
412	52.607292	B4	71	50	406	59.697357	B4	71	60	
413	52.612500	F4	65	56	409	59.697357	F4	65	45	
414	52.701042	A4	69	55	410	59.814544	A4	69	60	
415	52.782292	B4	71	62	411	59.931732	B4	71	60	
416	52.865625	D5	74	48	412	60.048919	D5	74	60	
417	52.968750	F5	77	58	414	60.166107	F5	77	45	
418	52.994792	B5	83	50	413	60.166107	B5	83	45	
419	53.008333	A5	81	24	415	60.166107	A5	81	45	
420	53.261458	A3	57	49	416	60.721662	A3	57	45	
421	53.381250	E4	64	54	417	60.793091	E4	64	45	
422	53.420833	C5	72	64	418	60.864519	C5	72	45	
423	53.431250	E6	88	81	420	60.935948	E6	88	60	
424	53.469792	E5	76	48	419	60.935948	E5	76	45	
425	53.535417	E5	76	7	*	-1	*	-1	-1	
426	53.796875	B5	83	72	421	61.297393	B5	83	60	
427	54.443750	A5	81	65	422	61.852948	A5	81	60	
428	55.082292	E5	76	76	423	62.452948	E5	76	60	
429	55.416667	D3	50	53	424	62.988662	D3	50	45	
430	55.421875	C4	60	58	425	62.988662	C4	60	45	
431	55.473958	F4	65	67	426	62.988662	F4	65	45	
432	55.480208	B4	71	68	427	62.988662	B4	71	60	
433	55.847917	A4	69	65	428	63.757893	A4	69	60	
434	56.240625	G2	43	38	429	64.205654	G2	43	45	
435	56.243750	B3	59	59	430	64.205654	B3	59	45	
436	56.244792	D3	50	39	431	64.205654	D3	50	45	
437	56.337500	B4	71	64	432	64.483432	B4	71	61	
438	56.443750	A4	69	61	433	64.624941	A4	69	63	
439	56.540625	G4	67	70	434	64.766450	G4	67	65	
440	56.648958	E4	64	64	436	64.907960	E4	64	67	
441	56.652083	G3	55	53	437	64.907960	G3	55	45	
442	56.655208	C3	48	51	438	64.907960	C3	48	45	
443	56.678125	C4	60	52	435	64.907960	C4	60	45	
444	57.385417	C3	48	46	439	65.507960	C3	48	45	
445	57.391667	F2	41	43	442	65.507960	F2	41	45	
446	57.451042	A3	57	50	440	65.507960	A3	57	45	
447	57.464583	D4	62	60	441	65.507960	D4	62	73	
448	58.103125	E4	64	68	443	66.146257	E4	64	69	
449	58.118750	E2	40	51	444	66.146257	E2	40	45	
450	58.436458	F4	65	74	446	66.479590	F4	65	66	
451	58.451042	D2	38	60	445	66.479590	D2	38	45	
452	58.740625	A4	69	68	447	66.812923	A4	69	63	
453	59.058333	F3	53	54	450	67.304726	G3	55	45	
454	59.065625	G2	43	53	451	67.304726	G2	43	45	
455	59.118750	B3	59	62	449	67.304726	B3	59	45	
456	59.119792	E4	64	65	448	67.304726	E4	64	45	
457	59.472917	D4	62	62	452	67.675096	D4	62	45	
458	59.614583	E4	64	61	453	67.832990	E4	64	45	
459	59.766667	D4	62	63	454	67.990885	D4	62	45	
460	60.182292	E4	64	46	455	68.567808	E4	64	45	
461	60.609375	A3	57	53	456	69.206105	A3	57	45	
462	60.995833	D4	62	49	457	69.794340	D4	62	45	
463	61.161458	E4	64	43	458	70.002673	E4	64	45	
464	61.426042	D4	62	43	459	70.211007	D4	62	45	
465	62.092708	E4	64	41	460	71.178748	E4	64	45	
466	62.100000	E2	40	27	463	71.178748	E2	40	45	
467	62.100000	G3	55	33	461	71.178748	G3	55	45	
468	62.103125	B3	59	23	465	71.178748	B3	59	45	
469	62.125000	B2	47	16	464	71.178748	B2	47	45	
470	62.773958	A3	57	36	466	71.928748	A3	57	45	
471	62.857292	E4	64	42	467	72.014955	E4	64	45	
472	62.902083	C5	72	54	468	72.101162	C5	72	45	
473	62.911458	E6	88	73	469	72.187369	E6	88	60	
474	62.938542	E5	76	54	470	72.187369	E5	76	45	
475	63.286458	B5	83	70	471	72.615940	B5	83	60	
476	63.941667	A5	81	65	472	73.395160	A5	81	60	
477	64.618750	E5	76	63	473	74.135900	E5	76	60	
478	64.865625	D3	50	49	476	74.635900	D3	50	45	
479	64.878125	A3	57	49	477	74.635900	A3	57	45	
480	65.000000	B4	71	43	475	74.635900	B4	71	60	
481	65.005208	F4	65	49	474	74.635900	F4	65	45	
482	65.081250	A4	69	62	478	74.753087	A4	69	60	
483	65.164583	B4	71	67	479	74.870275	B4	71	60	
484	65.239583	D5	74	64	480	74.987462	D5	74	60	
485	65.333333	F5	77	68	481	75.104650	F5	77	45	
486	65.348958	A5	81	50	482	75.104650	A5	81	45	
487	65.348958	B5	83	64	483	75.104650	B5	83	45	
488	65.640625	A3	57	68	484	75.660205	A3	57	45	
489	65.692708	E4	64	25	*	-1	*	-1	-1	
490	65.789583	E4	64	43	485	75.731634	E4	64	45	
491	65.801042	C5	72	69	486	75.803062	C5	72	45	
492	65.827083	E6	88	84	488	75.874491	E6	88	60	
493	65.847917	E5	76	66	487	75.874491	E5	76	45	
494	66.187500	B5	83	74	489	76.303062	B5	83	63	
495	66.827083	A5	81	80	490	77.082282	A5	81	71	
496	67.061458	D4	62	57	493	77.498948	D4	62	45	
497	67.161458	A4	69	32	494	77.498948	A4	69	45	
498	67.209375	A6	93	75	491	77.498948	A6	93	60	
499	67.229167	F5	77	58	495	77.498948	F5	77	45	
500	67.239583	A5	81	52	492	77.498948	A5	81	45	
501	67.610417	E6	88	78	496	78.111193	E6	88	63	
502	68.338542	D6	86	77	497	79.145675	D6	86	71	
503	68.671875	G3	55	50	501	79.827493	G3	55	45	
504	68.682292	F4	65	54	500	79.827493	F4	65	45	
505	68.800000	D5	74	65	498	79.827493	D5	74	60	
506	68.806250	B4	71	57	499	79.827493	B4	71	45	
507	68.890625	E5	76	66	502	79.917854	E5	76	60	
508	68.964583	F5	77	65	503	80.008215	F5	77	60	
509	69.039583	A5	81	79	504	80.098577	A5	81	60	
510	69.159375	D6	86	78	505	80.188938	D6	86	60	
511	69.893750	E6	88	67	506	81.388938	E6	88	60	
512	70.092708	C3	48	53	511	81.988938	C3	48	45	
513	70.138542	G3	55	48	507	81.988938	G3	55	45	
514	70.221875	E4	64	53	508	81.988938	E4	64	45	
515	70.277083	A4	69	63	509	81.988938	A4	69	60	
516	70.279167	G4	67	58	510	81.988938	G4	67	45	
517	70.367708	C5	72	64	512	82.079300	C5	72	60	
518	70.458333	D5	74	68	513	82.169661	D5	74	60	
519	70.565625	G5	79	46	514	82.260022	G5	79	60	
520	70.588542	F5	77	40	*	-1	*	-1	-1	
521	70.644792	A5	81	72	515	82.350384	A5	81	60	
522	71.202083	G5	79	70	516	83.250384	G5	79	60	
523	71.370833	A5	81	84	517	83.488479	A5	81	60	
524	71.539583	C6	84	83	518	83.726574	C6	84	60	
525	71.659375	G3	55	57	522	84.121310	G3	55	45	
526	71.678125	F4	65	57	519	84.121310	F4	65	45	
527	71.759375	D5	74	68	520	84.121310	D5	74	60	
528	71.763542	B4	71	50	521	84.121310	B4	71	45	
529	71.797917	C5	72	41	*	-1	*	-1	-1	
530	71.850000	E5	76	72	523	84.211672	E5	76	60	
531	71.931250	F5	77	72	524	84.302033	F5	77	60	
532	72.019792	A5	81	73	525	84.392395	A5	81	60	
533	72.117708	D6	86	79	526	84.482756	D6	86	60	
534	72.834375	E6	88	73	527	85.682756	E6	88	60	
535	73.015625	C3	48	61	530	86.282756	C3	48	45	
536	73.076042	G3	55	47	528	86.282756	G3	55	45	
537	73.156250	E4	64	44	529	86.282756	E4	64	45	
538	73.178125	G4	67	60	532	86.282756	G4	67	45	
539	73.185417	A4	69	62	531	86.282756	A4	69	60	
540	73.279167	C5	72	69	533	86.373117	C5	72	60	
541	73.352083	D5	74	64	534	86.463479	D5	74	60	
542	73.454167	F5	77	63	535	86.553840	G5	79	60	
543	73.577083	A5	81	73	536	86.644201	A5	81	60	
544	74.172917	B5	83	65	537	87.544201	B5	83	60	
545	74.358333	A5	81	77	538	87.816929	A5	81	60	
546	74.560417	G5	79	75	539	88.089656	G5	79	60	
547	74.640625	F#2	42	53	540	88.362383	F#2	42	45	
548	74.716667	B2	47	51	543	88.362383	B2	47	45	
549	74.880208	A3	57	70	544	88.362383	A3	57	45	
550	74.926042	B3	59	50	542	88.362383	B3	59	45	
551	74.940625	C#4	61	53	541	88.362383	C#4	61	45	
552	75.044792	Eb4	63	54	545	88.452745	Eb4	63	45	
553	75.097917	F#4	66	62	546	88.543106	F#4	66	45	
554	75.203125	A4	69	54	547	88.633467	A4	69	45	
555	75.312500	C#5	73	73	548	88.723829	C#5	73	45	
556	76.030208	Eb5	75	58	549	89.923829	Eb5	75	45	
557	76.258333	E2	40	56	553	90.523829	E2	40	45	
558	76.318750	B2	47	52	552	90.523829	B2	47	45	
559	76.391667	G#3	56	75	554	90.523829	G#3	56	45	
560	76.412500	C#4	61	63	550	90.523829	C#4	61	45	
561	76.428125	B3	59	50	551	90.523829	B3	59	45	
562	76.495833	Eb4	63	62	555	90.614190	Eb4	63	45	
563	76.588542	E4	64	63	556	90.704551	E4	64	45	
564	76.685417	F#4	66	67	557	90.794913	F#4	66	45	
565	76.801042	G#4	68	76	558	90.885274	G#4	68	45	
566	77.372917	B4	71	60	559	91.785274	B4	71	45	
567	77.573958	G#4	68	68	560	92.058001	G#4	68	45	
568	77.743750	B4	71	66	561	92.330729	B4	71	45	
569	77.796875	F#2	42	61	564	92.603456	F#2	42	45	
570	77.860417	B2	47	61	565	92.603456	B2	47	45	
571	77.937500	A3	57	68	566	92.603456	A3	57	45	
572	77.953125	B3	59	57	563	92.603456	B3	59	45	
573	77.969792	C#4	61	57	562	92.603456	C#4	61	45	
574	78.055208	Eb4	63	68	567	92.693817	Eb4	63	45	
575	78.134375	F#4	66	61	568	92.784179	F#4	66	45	
576	78.221875	A4	69	63	569	92.874540	A4	69	45	
577	78.318750	C#5	73	65	570	92.964901	C#5	73	45	
578	78.909375	Eb5	75	62	571	93.864901	Eb5	75	45	
579	79.084375	C#5	73	74	572	94.164901	C#5	73	45	
580	79.248958	Eb5	75	67	573	94.464901	Eb5	75	45	
581	79.303125	E3	52	49	578	94.764901	E3	52	45	
582	79.376042	B3	59	49	576	94.764901	B3	59	45	
583	79.459375	C#5	73	66	574	94.764901	C#5	73	45	
584	79.471875	G#4	68	64	577	94.764901	G#4	68	45	
585	79.480208	B4	71	55	575	94.764901	B4	71	45	
586	79.557292	Eb5	75	64	579	94.855263	Eb5	75	45	
587	79.651042	E5	76	70	580	94.945624	E5	76	46	
588	79.750000	F#5	78	68	581	95.035986	F#5	78	47	
589	79.854167	G#5	80	75	582	95.126347	G#5	80	48	
590	80.475000	B5	83	65	583	96.026347	B5	83	54	
591	80.675000	G#5	80	77	584	96.299074	G#5	80	56	
592	80.854167	B5	83	81	585	96.571801	B5	83	58	
593	81.083333	D4	62	52	589	96.844529	D4	62	45	
594	81.083333	A4	69	52	586	96.844529	A4	69	45	
595	81.159375	D6	86	72	587	96.844529	D6	86	60	
596	81.216667	F5	77	40	588	96.844529	F5	77	45	
597	81.655208	C6	84	75	590	97.482826	C6	84	60	
598	81.807292	B5	83	79	591	97.732826	B5	83	60	
599	81.995833	B4	71	52	593	97.982826	B4	71	45	
600	82.005208	F4	65	53	595	97.982826	F4	65	45	
601	82.010417	A5	81	63	594	97.982826	A5	81	60	
602	82.046875	G5	79	49	*	-1	*	-1	-1	
603	82.051042	A5	81	29	*	-1	*	-1	-1	
604	82.057292	D5	74	21	592	97.982826	D5	74	45	
605	82.180208	G5	79	64	596	98.182826	G5	79	60	
606	82.350000	A5	81	71	597	98.382826	A5	81	60	
607	82.508333	B5	83	72	598	98.582826	B5	83	60	
608	82.671875	C4	60	49	601	98.782826	C4	60	45	
609	82.695833	G4	67	52	602	98.782826	G4	67	45	
610	82.775000	E5	76	69	599	98.782826	E5	76	60	
611	82.789583	B4	71	48	600	98.782826	B4	71	45	
612	82.993750	F5	77	66	603	98.968011	F5	77	60	
613	83.170833	F4	65	61	604	99.153196	F4	65	45	
614	83.178125	G5	79	74	606	99.153196	G5	79	60	
615	83.186458	A4	69	63	605	99.153196	A4	69	45	
616	83.326042	A5	81	75	607	99.348001	A5	81	60	
617	83.513542	B3	59	55	608	99.542806	B3	59	45	
618	83.516667	D5	74	71	609	99.542806	D5	74	60	
619	83.698958	E5	76	73	610	99.737611	E5	76	60	
620	83.850000	F5	77	73	612	99.932416	F5	77	60	
621	83.860417	E4	64	56	613	99.932416	E4	64	45	
622	83.869792	G4	67	73	611	99.932416	G4	67	45	
623	84.010417	G5	79	76	614	100.113139	G5	79	60	
624	84.190625	C5	72	71	615	100.293862	C5	72	60	
625	84.196875	A3	57	49	616	100.293862	A3	57	45	
626	84.347917	D5	74	80	617	100.479047	D5	74	60	
627	84.523958	D4	62	61	619	100.664232	D4	62	45	
628	84.523958	E5	76	75	620	100.664232	E5	76	60	
629	84.551042	F4	65	72	618	100.664232	F4	65	45	
630	84.688542	F5	77	70	621	100.864232	F5	77	60	
631	84.864583	A3	57	51	623	101.064232	A3	57	45	
632	84.867708	B4	71	68	622	101.064232	B4	71	60	
633	84.878125	F4	65	65	624	101.064232	F4	65	45	
634	85.214583	G4	67	71	625	101.464232	G4	67	45	
635	85.218750	G3	55	64	626	101.464232	G3	55	45	
636	85.565625	F3	53	61	627	101.864232	F3	53	45	
637	85.577083	D4	62	59	628	101.864232	D4	62	45	
638	85.581250	A4	69	67	629	101.864232	A4	69	45	
639	85.721875	C5	72	76	630	102.064232	C5	72	60	
640	85.895833	B3	59	61	631	102.264232	B3	59	45	
641	85.902083	E3	52	61	634	102.264232	E3	52	45	
642	85.902083	D5	74	78	632	102.264232	D5	74	60	
643	85.904167	G4	67	75	633	102.264232	G4	67	45	
644	86.071875	E5	76	82	635	102.488112	E5	76	60	
645	86.264583	D3	50	57	638	102.711993	D3	50	45	
646	86.265625	A4	69	74	637	102.711993	A4	69	60	
647	86.268750	F4	65	77	639	102.711993	F4	65	45	
648	86.275000	C4	60	61	636	102.711993	C4	60	45	
649	86.709375	E4	64	76	641	103.220467	E4	64	45	
650	86.712500	C3	48	57	640	103.220467	C3	48	45	
651	86.712500	E3	52	58	642	103.220467	E3	52	45	
652	87.344792	Eb4	63	65	645	104.220467	Eb4	63	45	
653	87.376042	F#3	54	54	643	104.220467	F#3	54	45	
654	87.381250	B2	47	46	644	104.220467	B2	47	45	
655	88.070833	B4	71	59	646	105.220467	B4	71	60	
656	88.242708	A4	69	64	647	105.415272	A4	69	60	
657	88.396875	G#4	68	68	648	105.610077	G#4	68	60	
658	88.558333	A4	69	69	649	105.782491	A4	69	60	
659	88.722917	F#4	66	66	650	105.954905	F#4	66	60	
660	88.860417	G#4	68	73	651	106.172296	G#4	68	60	
661	89.053125	A4	69	67	652	106.389687	A4	69	60	
662	89.389583	B4	71	63	653	106.945243	B4	71	60	
663	89.550000	A4	69	60	654	107.121713	A4	69	60	
664	89.707292	F#4	66	53	655	107.298184	F#4	66	60	
665	90.044792	G#4	68	58	656	107.714850	G#4	68	60	
666	90.485417	A3	57	68	661	108.241166	A3	57	45	
667	90.497917	F#3	54	47	658	108.241166	F#3	54	45	
668	90.521875	C3	48	39	657	108.241166	C3	48	45	
669	90.552083	A4	69	57	660	108.241166	A4	69	45	
670	90.558333	E4	64	52	659	108.241166	E4	64	45	
671	90.938542	F#4	66	54	662	108.841166	F#4	66	45	
672	91.082292	E4	64	59	663	109.035971	E4	64	45	
673	91.244792	C4	60	61	664	109.230776	C4	60	45	
674	91.386458	D4	62	62	665	109.403189	D4	62	45	
675	91.571875	E4	64	50	666	109.575603	E4	64	45	
676	92.358333	F#4	66	43	667	110.565941	F#4	66	45	
677	92.506250	E4	64	55	668	110.742412	E4	64	45	
678	92.683333	C4	60	53	669	110.918882	C4	60	45	
679	92.813542	D4	62	53	670	111.127215	D4	62	45	
680	92.988542	E4	64	51	671	111.335549	E4	64	45	
681	93.358333	Bb3	58	47	672	111.861864	Bb3	58	45	
682	93.725000	F#4	66	48	673	112.191534	F#4	66	45	
683	93.876042	E4	64	54	674	112.363948	E4	64	45	
684	94.029167	C4	60	47	675	112.536362	C4	60	45	
685	94.167708	D4	62	49	676	112.721547	D4	62	45	
686	94.341667	E4	64	47	677	112.906732	E4	64	45	
687	95.128125	F#4	66	27	678	113.675962	F#4	66	45	
688	95.287500	E4	64	42	679	113.868269	E4	64	45	
689	95.443750	C4	60	44	680	114.060577	C4	60	45	
690	95.594792	D4	62	36	681	114.284457	D4	62	45	
691	95.781250	E4	64	38	682	114.508338	E4	64	45	
692	96.214583	D4	62	40	684	115.445838	D4	62	45	
693	96.221875	G#3	56	36	683	115.445838	G#3	56	45	
694	96.225000	B2	47	38	685	115.445838	B2	47	45	
695	96.687500	E2	40	31	687	116.215068	E2	40	45	
696	96.698958	E4	64	48	686	116.215068	E4	64	45	
697	96.846875	F#4	66	51	688	116.423401	F#4	66	45	
698	96.985417	G#4	68	58	689	116.631735	G#4	68	45	
699	97.128125	A4	69	49	690	116.798401	A4	69	45	
700	97.277083	B4	71	40	691	116.965068	B4	71	45	
701	97.395833	C5	72	59	692	117.131734	C5	72	45	
702	97.557292	D5	74	60	693	117.298401	D5	74	45	
703	97.707292	E5	76	55	694	117.456295	E5	76	45	
704	97.837500	F#5	78	63	695	117.614190	F#5	78	45	
705	97.988542	G#5	80	59	696	117.775480	G#5	80	45	
706	98.135417	A5	81	51	697	117.936770	A5	81	45	
707	98.270833	B5	83	58	698	118.081001	B5	83	45	
708	98.427083	C6	84	62	699	118.225232	C6	84	45	
709	98.577083	D6	86	65	700	118.360367	D6	86	45	
710	98.776042	E6	88	62	705	118.495502	E6	88	60	
711	98.803125	C5	72	36	*	-1	*	-1	-1	
712	98.806250	E4	64	35	702	118.405412	E4	64	45	
713	98.808333	A3	57	41	*	-1	*	-1	-1	
714	99.296875	B5	83	65	706	118.924073	B5	83	60	
715	99.975000	A5	81	59	707	119.703293	A5	81	60	
716	100.626042	E5	76	54	708	120.444033	E5	76	60	
717	100.925000	A3	57	47	*	-1	*	-1	-1	
718	100.933333	D3	50	47	710	120.944033	D3	50	45	
719	101.013542	B4	71	53	711	120.944033	B4	71	60	
720	101.029167	F4	65	51	709	120.944033	F4	65	45	
721	101.103125	A4	69	55	712	121.061220	A4	69	60	
722	101.178125	B4	71	64	713	121.178408	B4	71	60	
723	101.260417	D5	74	62	714	121.295595	D5	74	60	
724	101.381250	F5	77	59	715	121.412783	F5	77	45	
725	101.396875	B5	83	51	716	121.412783	B5	83	45	
726	101.681250	A3	57	59	718	121.968338	A3	57	45	
727	101.732292	E4	64	61	719	122.039767	E4	64	45	
728	101.811458	C5	72	55	720	122.111195	C5	72	45	
729	101.839583	E6	88	78	721	122.182624	E6	88	60	
730	101.869792	E5	76	59	722	122.182624	E5	76	45	
731	102.222917	B5	83	77	723	122.544069	B5	83	60	
732	102.925000	A5	81	65	724	123.099624	A5	81	60	
733	103.557292	E5	76	75	725	123.699624	E5	76	60	
734	103.723958	D3	50	53	729	124.235338	D3	50	60	
735	103.916667	C4	60	55	727	124.235338	C4	60	60	
736	103.921875	F#4	66	66	726	124.235338	F#4	66	45	
737	103.927083	B4	71	68	728	124.235338	B4	71	60	
738	104.301042	A4	69	68	730	125.004569	A4	69	63	
739	104.501042	G2	43	53	734	125.452330	G2	43	60	
740	104.604167	D3	50	45	733	125.452330	D3	50	60	
741	104.756250	F4	65	69	732	125.452330	F4	65	45	
742	104.764583	B3	59	51	731	125.452330	B3	59	45	
743	104.881250	B4	71	63	735	125.730107	B4	71	68	
744	104.968750	A4	69	69	736	125.871617	A4	69	69	
745	105.078125	G4	67	73	737	126.013126	G4	67	70	
746	105.178125	G3	55	56	741	126.154635	G3	55	45	
747	105.191667	C4	60	60	739	126.154635	C4	60	45	
748	105.191667	E4	64	72	740	126.154635	E4	64	71	
749	105.209375	C3	48	41	738	126.154635	C3	48	60	
750	105.925000	F2	41	43	745	126.754635	F2	41	60	
751	105.945833	C3	48	48	743	126.754635	C3	48	45	
752	106.027083	A3	57	61	742	126.754635	A3	57	45	
753	106.027083	D4	62	66	744	126.754635	D4	62	73	
754	106.742708	E2	40	51	746	127.392932	E2	40	60	
755	106.744792	E4	64	64	747	127.392932	E4	64	69	
756	107.076042	D2	38	55	748	127.726265	D2	38	60	
757	107.096875	F4	65	73	749	127.726265	F4	65	66	
758	107.426042	A4	69	69	750	128.059598	A4	69	63	
759	107.738542	G2	43	52	753	128.551401	G2	43	60	
760	107.744792	F3	53	55	754	128.551401	F3	53	60	
761	107.810417	B3	59	65	751	128.551401	B3	59	45	
762	107.820833	E4	64	59	752	128.551401	E4	64	60	
763	108.207292	D4	62	70	755	128.921771	D4	62	60	
764	108.369792	E4	64	55	756	129.079666	E4	64	60	
765	108.523958	D4	62	55	757	129.237560	D4	62	60	
766	108.912500	E4	64	56	758	129.814483	E4	64	60	
767	109.756250	D4	62	44	759	131.041016	D4	62	60	
768	109.926042	E4	64	43	760	131.249349	E4	64	60	
769	110.178125	B2	47	35	764	131.457682	B2	47	45	
770	110.185417	D4	62	51	762	131.457682	D4	62	60	
771	110.196875	F2	41	27	761	131.457682	F2	41	60	
772	110.202083	A3	57	32	763	131.457682	A3	57	45	
773	110.785417	E2	40	40	765	132.425424	E2	40	60	
774	110.813542	E4	64	42	767	132.425424	E4	64	60	
775	110.817708	B3	59	29	766	132.425424	B3	59	45	
776	110.834375	G3	55	37	768	132.425424	G3	55	45	
777	111.412500	A3	57	48	769	133.175424	A3	57	45	
778	111.482292	E4	64	35	770	133.261631	E4	64	45	
779	111.566667	C5	72	52	771	133.347838	C5	72	45	
780	111.566667	E6	88	74	772	133.434044	E6	88	60	
781	111.588542	E5	76	51	773	133.434044	E5	76	45	
782	111.964583	B5	83	66	774	133.862615	B5	83	60	
783	112.614583	A5	81	63	775	134.641835	A5	81	60	
784	113.315625	E5	76	62	776	135.382575	E5	76	60	
785	113.567708	D3	50	49	777	135.882575	D3	50	60	
786	113.576042	A3	57	50	778	135.882575	A3	57	60	
787	113.691667	B4	71	56	779	135.882575	B4	71	60	
788	113.696875	F4	65	57	780	135.882575	F4	65	45	
789	113.780208	A4	69	62	781	135.999763	A4	69	63	
790	113.868750	B4	71	69	782	136.116950	B4	71	67	
791	113.962500	D5	74	56	783	136.234138	D5	74	71	
792	114.035417	F5	77	59	785	136.351325	F5	77	45	
793	114.045833	F#5	78	45	786	136.351325	A5	81	45	
794	114.053125	B5	83	48	784	136.351325	B5	83	45	
795	114.372917	A3	57	59	787	136.906881	A3	57	45	
796	114.383333	E4	64	27	*	-1	*	-1	-1	
797	114.436458	E4	64	10	788	136.978309	E4	64	45	
798	114.500000	E6	88	80	791	137.121166	E6	88	60	
799	114.505208	C5	72	58	789	137.049738	C5	72	45	
800	114.521875	E5	76	63	790	137.121166	E5	76	45	
801	114.894792	B5	83	75	792	137.568927	B5	83	57	
802	115.545833	A5	81	74	793	138.845522	A5	81	49	
803	115.665625	A2	45	66	794	139.076291	A2	45	45	
804	115.744792	E3	52	67	795	139.268599	E3	52	45	
805	115.956250	C#4	61	70	796	139.442878	C#4	61	45	
806	115.959375	E5	76	78	797	139.599128	E5	76	60	
807	115.979167	E4	64	58	798	139.599128	E4	64	45	
808	116.360417	B4	71	68	799	140.432461	B4	71	57	
809	117.105208	A4	69	72	800	141.827809	A4	69	49	
810	117.436458	F2	41	50	802	142.327809	F2	41	45	
811	117.441667	C3	48	54	803	142.327809	C3	48	45	
812	117.515625	A3	57	65	801	142.327809	A3	57	45	
813	117.896875	F3	53	49	806	143.009627	F3	53	45	
814	117.911458	G2	43	47	807	143.009627	G2	43	45	
815	117.966667	E4	64	59	804	143.009627	E4	64	45	
816	117.983333	B3	59	48	805	143.009627	B3	59	45	
817	118.751042	D4	62	64	808	143.977368	D4	62	45	
818	119.104167	A2	45	44	812	144.513082	A2	45	45	
819	119.120833	E3	52	47	809	144.513082	E3	52	45	
820	119.180208	A3	57	59	811	144.513082	A3	57	45	
821	119.256250	C4	60	64	813	144.679749	C4	60	45	
822	119.344792	D4	62	60	814	144.846415	D4	62	45	
823	119.456250	E4	64	61	815	145.013082	E4	64	45	
824	119.584375	A3	57	56	817	145.179748	A3	57	45	
825	119.591667	F3	53	51	816	145.179748	F3	53	45	
826	119.609375	D3	50	42	818	145.179748	D3	50	45	
827	120.425000	G3	55	40	819	146.088838	G3	55	45	
828	120.428125	E3	52	40	820	146.088838	E3	52	45	
829	120.430208	B3	59	35	821	146.088838	B3	59	45	
830	121.211458	A3	57	44	824	147.438838	A3	57	45	
831	121.217708	A2	45	44	822	147.438838	A2	45	30	
832	121.218750	E3	52	48	825	147.438838	E3	52	45	
833	121.222917	C3	48	47	823	147.438838	C3	48	30	
834	121.947917	F3	53	54	826	148.638838	F3	53	45	
835	121.966667	B2	47	45	827	148.638838	B2	47	30	
836	121.975000	G2	43	37	829	148.638838	G2	43	30	
837	121.978125	D3	50	42	828	148.638838	D3	50	45	
838	122.317708	A3	57	54	832	149.238838	A3	57	45	
839	122.320833	E3	52	48	831	149.238838	E3	52	45	
840	122.322917	C3	48	48	830	149.238838	C3	48	30	
841	122.323958	A2	45	46	833	149.238838	A2	45	30	
842	122.722917	A3	57	48	836	150.072171	A3	57	45	
843	122.728125	C3	48	40	834	150.072171	C3	48	30	
844	122.730208	A2	45	32	835	150.072171	A2	45	30	
845	122.734375	E3	52	38	837	150.072171	E3	52	45	
846	124.334375	Bb2	46	38	839	151.947171	Bb2	46	45	
847	124.348958	Bb1	34	25	838	151.947171	Bb1	34	45	
848	124.801042	C3	48	34	840	152.408709	C3	48	60	
849	124.930208	D3	50	39	841	152.561770	D3	50	60	
850	125.109375	A2	45	42	844	152.714831	A2	45	45	
851	125.109375	C3	48	44	845	152.714831	C3	48	45	
852	125.112500	A1	33	45	842	152.714831	A1	33	45	
853	125.122917	E3	52	49	843	152.714831	E3	52	60	
854	125.886458	G2	43	34	846	153.353128	G2	43	45	
855	125.898958	G1	31	36	847	153.353128	G1	31	45	
856	126.193750	F3	53	50	849	153.672277	F3	53	60	
857	126.219792	D3	50	42	848	153.672277	D3	50	60	
858	126.520833	G3	55	60	851	153.978399	G3	55	60	
859	126.525000	F2	41	39	853	153.978399	F2	41	45	
860	126.535417	F1	29	45	850	153.978399	F1	29	45	
861	126.536458	E3	52	41	852	153.978399	E3	52	60	
862	126.841667	A3	57	62	854	154.266860	A3	57	60	
863	126.846875	F3	53	49	855	154.266860	F3	53	60	
864	127.155208	E2	40	45	858	154.537130	E2	40	45	
865	127.156250	Bb3	58	61	860	154.537130	Bb3	58	60	
866	127.159375	E1	28	43	856	154.537130	E1	28	45	
867	127.159375	G3	55	57	859	154.537130	G3	55	60	
868	127.176042	C3	48	39	857	154.537130	C3	48	45	
869	127.478125	C4	60	70	861	154.779065	C4	60	63	
870	127.493750	A3	57	52	862	154.779065	A3	57	63	
871	127.779167	D4	62	66	867	155.094854	D4	62	67	
872	127.787500	D1	26	49	866	155.094854	D1	26	60	
873	127.791667	Bb3	58	57	864	155.094854	Bb3	58	67	
874	127.792708	D2	38	49	865	155.094854	D2	38	60	
875	127.796875	F3	53	60	863	155.094854	F3	53	52	
876	128.088542	F4	65	72	868	155.355724	F4	65	71	
877	128.100000	C4	60	52	869	155.355724	C4	60	71	
878	128.117708	A3	57	53	870	155.355724	A3	57	56	
879	128.255208	A3	57	3	*	-1	*	-1	-1	
880	128.417708	C2	36	50	873	155.671513	C2	36	60	
881	128.425000	C1	24	45	875	155.671513	C1	24	60	
882	128.426042	G4	67	59	871	155.671513	G4	67	75	
883	128.430208	Bb3	58	51	874	155.671513	Bb3	58	60	
884	128.438542	D4	62	43	872	155.671513	D4	62	75	
885	128.790625	F4	65	64	876	156.004846	F4	65	75	
886	128.802083	C4	60	47	877	156.004846	C4	60	75	
887	128.811458	A3	57	47	878	156.004846	A3	57	60	
888	129.169792	D2	38	53	879	156.421512	D2	38	53	
889	129.172917	D1	26	50	880	156.421512	D1	26	53	
890	129.586458	F3	53	45	883	156.838179	F3	53	50	
891	129.593750	Bb3	58	45	881	156.838179	Bb3	58	55	
892	129.593750	D4	62	47	882	156.838179	D4	62	55	
893	130.088542	Bb2	46	57	885	157.299717	Bb2	46	45	
894	130.102083	Bb1	34	46	884	157.299717	Bb1	34	45	
895	130.492708	C3	48	50	886	157.761255	C3	48	60	
896	130.623958	D3	50	58	887	157.914316	D3	50	60	
897	130.808333	C3	48	51	891	158.067377	C3	48	45	
898	130.812500	E3	52	58	888	158.067377	E3	52	60	
899	130.829167	A2	45	43	890	158.067377	A2	45	45	
900	130.833333	A1	33	46	889	158.067377	A1	33	45	
901	131.566667	G1	31	41	893	158.705674	G1	31	45	
902	131.570833	G2	43	38	892	158.705674	G2	43	45	
903	131.864583	F3	53	58	894	159.024822	F3	53	60	
904	131.880208	D3	50	53	895	159.024822	D3	50	60	
905	132.182292	G3	55	62	898	159.330944	G3	55	60	
906	132.186458	E3	52	50	897	159.330944	E3	52	60	
907	132.195833	F2	41	50	899	159.330944	F2	41	45	
908	132.203125	F1	29	50	896	159.330944	F1	29	45	
909	132.493750	F3	53	55	900	159.619406	F3	53	60	
910	132.497917	A3	57	64	901	159.619406	A3	57	60	
911	132.802083	E1	28	52	905	159.889676	E1	28	45	
912	132.802083	E2	40	55	902	159.889676	E2	40	45	
913	132.805208	Bb3	58	70	903	159.889676	Bb3	58	60	
914	132.812500	G3	55	60	906	159.889676	G3	55	60	
915	132.833333	C3	48	43	904	159.889676	C3	48	45	
916	133.108333	C4	60	73	908	160.131611	C4	60	60	
917	133.115625	A3	57	50	907	160.131611	A3	57	60	
918	133.406250	D1	26	53	912	160.447400	D1	26	45	
919	133.412500	D2	38	59	913	160.447400	D2	38	45	
920	133.416667	D4	62	73	909	160.447400	D4	62	60	
921	133.438542	F3	53	60	911	160.447400	F3	53	45	
922	133.441667	Bb3	58	58	910	160.447400	Bb3	58	60	
923	133.727083	F4	65	77	915	160.708270	F4	65	60	
924	133.748958	C4	60	43	914	160.708270	C4	60	60	
925	133.751042	A3	57	57	916	160.708270	A3	57	45	
926	134.020833	C1	24	57	920	161.024058	C1	24	45	
927	134.021875	C2	36	56	917	161.024058	C2	36	45	
928	134.102083	G4	67	64	921	161.024058	G4	67	60	
929	134.115625	D4	62	37	919	161.024058	D4	62	60	
930	134.130208	Bb3	58	34	918	161.024058	Bb3	58	45	
931	134.438542	F4	65	68	922	161.357392	F4	65	60	
932	134.467708	A3	57	50	923	161.357392	A3	57	45	
933	134.468750	C4	60	42	924	161.357392	C4	60	60	
934	134.790625	C3	48	54	925	161.774058	C3	48	45	
935	135.235417	G4	67	54	926	162.190725	G4	67	60	
936	135.245833	D4	62	40	927	162.190725	D4	62	60	
937	135.270833	Bb3	58	42	928	162.190725	Bb3	58	45	
938	135.806250	Eb4	63	68	929	162.652263	Eb4	63	75	
939	136.237500	F4	65	62	930	163.113800	F4	65	75	
940	136.360417	G4	67	58	931	163.266862	G4	67	75	
941	136.531250	D4	62	52	934	163.419922	D4	62	60	
942	136.536458	A4	69	65	933	163.419922	A4	69	75	
943	136.553125	F4	65	57	932	163.419922	F4	65	60	
944	137.253125	C4	60	43	935	164.058219	C4	60	60	
945	137.550000	G4	67	46	936	164.377368	G4	67	75	
946	137.553125	Bb4	70	69	937	164.377368	Bb4	70	75	
947	137.844792	C5	72	64	938	164.683490	C5	72	75	
948	137.860417	Bb3	58	52	939	164.683490	Bb3	58	60	
949	137.860417	A4	69	58	940	164.683490	A4	69	75	
950	138.143750	Bb4	70	67	941	164.971951	Bb4	70	75	
951	138.152083	D5	74	74	942	164.971951	D5	74	75	
952	138.454167	A3	57	52	946	165.242221	A3	57	60	
953	138.459375	Eb4	63	53	944	165.242221	Eb4	63	60	
954	138.461458	C4	60	51	947	165.242221	C4	60	60	
955	138.462500	Eb5	75	77	948	165.242221	Eb5	75	75	
956	138.475000	C5	72	64	945	165.242221	C5	72	75	
957	138.505208	F4	65	39	943	165.242221	F4	65	60	
958	138.764583	D5	74	69	950	165.484157	D5	74	79	
959	138.764583	F5	77	76	949	165.484157	F5	77	79	
960	139.030208	G3	55	50	953	165.799946	G3	55	67	
961	139.039583	G4	67	56	957	165.799946	G4	67	67	
962	139.040625	C4	60	43	951	165.799946	C4	60	67	
963	139.045833	Eb4	63	49	952	165.799946	Eb4	63	67	
964	139.061458	Eb5	75	73	955	165.799946	Eb5	75	83	
965	139.066667	G5	79	80	954	165.799946	G5	79	83	
966	139.113542	C5	72	30	956	165.799946	C5	72	67	
967	139.347917	Bb5	82	88	958	166.060815	Bb5	82	87	
968	139.353125	G5	79	51	959	166.060815	G5	79	87	
969	139.633333	F3	53	52	960	166.376604	F3	53	75	
970	139.648958	A4	69	52	966	166.376604	A4	69	75	
971	139.650000	C4	60	51	963	166.376604	C4	60	75	
972	139.665625	Eb4	63	50	965	166.376604	Eb4	63	75	
973	139.666667	C6	84	82	961	166.376604	C6	84	92	
974	139.672917	A5	81	71	962	166.376604	A5	81	92	
975	139.686458	C5	72	57	964	166.376604	C5	72	75	
976	139.967708	A5	81	78	968	166.709937	A5	81	84	
977	139.971875	F5	77	63	967	166.709937	F5	77	84	
978	140.280208	C4	60	42	969	167.126604	C4	60	60	
979	140.282292	G5	79	72	972	167.126604	G5	79	76	
980	140.287500	G3	55	45	975	167.126604	G3	55	60	
981	140.290625	G4	67	47	971	167.126604	G4	67	60	
982	140.294792	Eb4	63	45	973	167.126604	Eb4	63	60	
983	140.315625	Eb5	75	41	974	167.126604	Eb5	75	76	
984	140.318750	C5	72	43	970	167.126604	C5	72	60	
985	140.650000	Eb5	75	54	977	167.543270	Eb5	75	68	
986	140.666667	C5	72	41	976	167.543270	C5	72	68	
987	140.993750	Eb4	63	75	978	168.004808	Eb4	63	75	
988	141.354167	F4	65	51	979	168.466346	F4	65	60	
989	141.472917	G4	67	62	980	168.619407	G4	67	60	
990	141.628125	D4	62	51	982	168.772468	D4	62	60	
991	141.628125	A4	69	64	983	168.772468	A4	69	60	
992	141.648958	F4	65	60	981	168.772468	F4	65	60	
993	142.271875	C4	60	49	984	169.410765	C4	60	60	
994	142.579167	Bb4	70	64	985	169.729914	Bb4	70	60	
995	142.588542	G4	67	44	986	169.729914	G4	67	60	
996	142.875000	C5	72	65	987	170.036035	C5	72	60	
997	142.880208	Bb3	58	52	989	170.036035	Bb3	58	60	
998	142.886458	A4	69	54	988	170.036035	A4	69	60	
999	143.180208	Bb4	70	66	991	170.324497	Bb4	70	60	
1000	143.181250	D5	74	71	990	170.324497	D5	74	60	
1001	143.471875	Eb5	75	74	994	170.594767	Eb5	75	60	
1002	143.477083	Eb4	63	55	995	170.594767	Eb4	63	60	
1003	143.482292	C5	72	69	992	170.594767	C5	72	60	
1004	143.483333	A3	57	54	996	170.594767	A3	57	60	
1005	143.483333	C4	60	53	997	170.594767	C4	60	60	
1006	143.490625	F4	65	56	993	170.594767	F4	65	60	
1007	143.773958	F5	77	78	998	170.836702	F5	77	60	
1008	143.782292	D5	74	69	999	170.836702	D5	74	60	
1009	144.053125	G4	67	65	1003	171.152491	G4	67	63	
1010	144.057292	G3	55	56	1000	171.152491	G3	55	63	
1011	144.063542	Eb4	63	60	1001	171.152491	Eb4	63	63	
1012	144.072917	C4	60	53	1004	171.152491	C4	60	63	
1013	144.077083	G5	79	80	1002	171.152491	G5	79	60	
1014	144.088542	Eb5	75	59	1005	171.152491	Eb5	75	60	
1015	144.096875	C5	72	58	1006	171.152491	C5	72	63	
1016	144.372917	Bb5	82	90	1007	171.413361	Bb5	82	60	
1017	144.375000	G5	79	54	1008	171.413361	G5	79	60	
1018	144.631250	F3	53	47	1009	171.729150	F3	53	67	
1019	144.646875	C4	60	51	1014	171.729150	C4	60	67	
1020	144.669792	A4	69	66	1015	171.729150	A4	69	75	
1021	144.678125	Eb4	63	61	1011	171.729150	Eb4	63	67	
1022	144.756250	C6	84	88	1012	171.729150	C6	84	60	
1023	144.771875	Eb5	75	71	1013	171.729150	E5	76	67	
1024	144.785417	C5	72	61	1010	171.729150	C5	72	67	
1025	145.097917	F4	65	70	1016	172.051730	F4	65	75	
1026	145.102083	A5	81	87	1017	172.051730	A5	81	68	
1027	145.472917	Bb5	82	88	1019	172.348760	Bb5	82	76	
1028	145.478125	G4	67	66	1018	172.348760	G4	67	75	
1029	145.961458	A4	69	63	1021	172.682093	A4	69	75	
1030	145.985417	C6	84	88	1020	172.682093	C6	84	84	
1031	146.675000	F5	77	63	1023	173.129854	F5	77	75	
1032	146.683333	D5	74	61	1024	173.129854	D5	74	75	
1033	146.692708	F2	41	51	1025	173.129854	F2	41	75	
1034	146.693750	Bb1	34	48	1022	173.129854	Bb1	34	75	
1035	147.178125	A5	81	68	1026	173.656169	A5	81	92	
1036	147.511458	Bb5	82	72	1027	173.968669	Bb5	82	92	
1037	147.864583	C6	84	75	1028	174.238939	C6	84	92	
1038	148.150000	F3	53	42	1029	174.502097	F3	53	60	
1039	148.463542	A5	81	76	1030	174.765254	A5	81	92	
1040	148.490625	F4	65	45	1031	174.765254	F4	65	60	
1041	148.773958	Bb5	82	77	1032	175.035524	Bb5	82	92	
1042	149.076042	C6	84	75	1033	175.275524	C6	84	92	
1043	149.337500	F4	65	47	1035	175.515524	F4	65	60	
1044	149.404167	E5	76	62	1034	175.515524	E5	76	75	
1045	149.419792	C#5	73	55	1036	175.515524	C#5	73	75	
1046	149.717708	F5	77	43	1038	175.801238	F5	77	60	
1047	149.743750	Bb5	82	64	1037	175.801238	Bb5	82	92	
1048	149.862500	A5	81	59	1039	175.936373	A5	81	92	
1049	149.975000	G5	79	69	1040	176.071508	G5	79	92	
1050	150.287500	A5	81	72	1041	176.293730	A5	81	92	
1051	150.565625	F3	53	48	1043	176.535665	F3	53	60	
1052	150.577083	Bb5	82	73	1042	176.535665	Bb5	82	92	
1053	150.864583	G5	79	78	1045	176.785665	G5	79	92	
1054	150.876042	F4	65	53	1044	176.785665	F4	65	60	
1055	151.157292	A5	81	81	1046	177.016434	A5	81	92	
1056	151.441667	Bb5	82	81	1047	177.247203	Bb5	82	92	
1057	151.718750	F2	41	49	1050	177.553325	F2	41	75	
1058	151.727083	Bb1	34	44	1049	177.553325	Bb1	34	75	
1059	151.794792	D5	74	66	1048	177.553325	D5	74	75	
1060	151.794792	C6	84	75	1051	177.553325	C6	84	92	
1061	151.795833	F5	77	58	1052	177.553325	F5	77	75	
1062	152.135417	A5	81	72	1053	178.079641	A5	81	92	
1063	152.445833	Bb5	82	68	1054	178.392141	Bb5	82	92	
1064	152.738542	C6	84	72	1055	178.662411	C6	84	92	
1065	152.998958	F3	53	44	1056	178.925568	F3	53	60	
1066	153.292708	A5	81	64	1057	179.188726	A5	81	92	
1067	153.321875	F4	65	43	1058	179.188726	F4	65	60	
1068	153.613542	Bb5	82	70	1059	179.458996	Bb5	82	92	
1069	153.906250	C6	84	67	1060	179.698996	C6	84	92	
1070	154.150000	F4	65	52	1062	179.938996	F4	65	60	
1071	154.238542	E5	76	66	1061	179.938996	E5	76	75	
1072	154.245833	C#5	73	60	1063	179.938996	C#5	73	75	
1073	154.645833	F5	77	42	1065	180.224710	F5	77	60	
1074	154.664583	Bb5	82	51	1064	180.224710	Bb5	82	92	
1075	154.771875	A5	81	55	1066	180.359845	A5	81	92	
1076	154.891667	G5	79	60	1067	180.494980	G5	79	92	
1077	155.198958	A5	81	53	1068	180.717202	A5	81	92	
1078	155.248958	A5	81	9	*	-1	*	-1	-1	
1079	155.509375	Bb5	82	63	1069	180.959137	Bb5	82	92	
1080	155.817708	G4	67	53	1070	181.209137	G4	67	60	
1081	156.115625	A4	69	43	1071	181.423422	A4	69	60	
1082	156.456250	Bb4	70	49	1072	181.673422	Bb4	70	60	
1083	156.786458	A1	33	41	1075	182.108205	A1	33	45	
1084	156.801042	E2	40	22	1074	182.108205	E2	40	45	
1085	156.868750	E5	76	55	1076	182.108205	E5	76	45	
1086	156.880208	B4	71	43	1073	182.108205	B4	71	45	
1087	156.891667	C#5	73	47	1077	182.108205	C#5	73	45	
1088	157.195833	G#4	68	48	1078	182.600008	G#4	68	45	
1089	157.495833	A4	69	51	1079	182.870278	A4	69	45	
1090	157.789583	B4	71	44	1080	183.120278	B4	71	45	
1091	157.859375	B4	71	4	*	-1	*	-1	-1	
1092	158.035417	E3	52	38	1081	183.351047	E3	52	30	
1093	158.337500	G#4	68	49	1082	183.555128	G#4	68	45	
1094	158.346875	E4	64	44	1083	183.555128	E4	64	30	
1095	158.634375	A4	69	62	1084	183.825398	A4	69	45	
1096	158.905208	B4	71	69	1085	184.039684	B4	71	45	
1097	159.187500	F#6	90	66	1087	184.289684	F#6	90	75	
1098	159.196875	C5	72	53	1088	184.289684	C5	72	45	
1099	159.204167	Eb5	75	57	1086	184.289684	Eb5	75	45	
1100	159.523958	A4	69	41	1089	184.634511	A4	69	45	
1101	159.651042	G#4	68	45	1090	184.773400	G#4	68	45	
1102	159.754167	F#4	66	56	1092	184.912289	F#4	66	45	
1103	159.754167	Eb6	87	62	1091	184.912289	Eb6	87	75	
1104	160.045833	G#4	68	57	1093	185.180146	G#4	68	45	
1105	160.315625	C6	84	56	1095	185.448003	C6	84	75	
1106	160.327083	A4	69	50	1094	185.448003	A4	69	45	
1107	160.598958	F#4	66	56	1096	185.706623	F#4	66	45	
1108	160.872917	G#4	68	62	1098	185.965244	G#4	68	45	
1109	160.889583	A5	81	42	1097	185.965244	A5	81	75	
1110	161.154167	A4	69	67	1099	186.223864	A4	69	45	
1111	161.472917	E2	40	50	1102	186.509578	E2	40	45	
1112	161.487500	A1	33	44	1104	186.509578	A1	33	45	
1113	161.527083	B4	71	52	1103	186.509578	B4	71	45	
1114	161.527083	E5	76	56	1101	186.509578	E5	76	45	
1115	161.531250	C#5	73	50	1100	186.509578	C#5	73	45	
1116	161.794792	G#4	68	58	1105	187.001381	G#4	68	45	
1117	162.078125	A4	69	65	1106	187.271651	A4	69	45	
1118	162.350000	B4	71	69	1107	187.521651	B4	71	45	
1119	162.645833	E3	52	55	1108	187.752420	E3	52	30	
1120	162.922917	G#4	68	58	1110	187.956502	G#4	68	45	
1121	162.933333	E4	64	42	1109	187.956502	E4	64	30	
1122	163.208333	A4	69	63	1111	188.226772	A4	69	45	
1123	163.493750	B4	71	69	1112	188.441057	B4	71	45	
1124	163.766667	F#4	66	57	1114	188.691057	F#4	66	45	
1125	163.770833	C5	72	64	1113	188.691057	C5	72	45	
1126	163.787500	Eb5	75	56	1115	188.691057	Eb5	75	45	
1127	164.066667	A4	69	53	1116	189.035885	A4	69	45	
1128	164.176042	G#4	68	53	1117	189.174773	G#4	68	45	
1129	164.286458	F#4	66	52	1119	189.313662	F#4	66	45	
1130	164.306250	Eb4	63	52	1118	189.313662	Eb4	63	45	
1131	164.598958	G#4	68	60	1120	189.581519	G#4	68	45	
1132	164.875000	C4	60	44	1122	189.849376	C4	60	45	
1133	164.888542	A4	69	45	1121	189.849376	A4	69	45	
1134	165.145833	F#4	66	48	1123	190.107997	F#4	66	45	
1135	165.436458	G#4	68	57	1124	190.366617	G#4	68	45	
1136	165.463542	A3	57	38	1125	190.366617	A3	57	45	
1137	165.764583	A4	69	58	1126	190.625238	A4	69	45	
1138	166.169792	G1	31	39	1129	190.910952	G1	31	45	
1139	166.177083	G2	43	38	1127	190.910952	G2	43	45	
1140	166.188542	Bb5	82	60	1128	190.910952	Bb5	82	45	
1141	166.212500	Bb4	70	48	1131	190.910952	Bb4	70	45	
1142	166.242708	D5	74	32	1132	190.910952	D5	74	45	
1143	166.251042	E5	76	36	1130	190.910952	E5	76	45	
1144	166.563542	G5	79	69	1134	191.259789	G5	79	47	
1145	166.571875	G4	67	47	1133	191.259789	G4	67	47	
1146	166.827083	A5	81	70	1138	191.608626	A5	81	50	
1147	166.829167	C3	48	58	1135	191.608626	C3	48	52	
1148	166.831250	C2	36	51	1140	191.608626	C2	36	52	
1149	166.832292	A4	69	65	1136	191.608626	A4	69	50	
1150	166.832292	C5	72	54	1137	191.608626	C5	72	52	
1151	167.094792	Bb5	82	79	1142	191.899888	Bb5	82	53	
1152	167.098958	Bb4	70	70	1141	191.899888	Bb4	70	53	
1153	167.352083	G2	43	64	1143	192.191150	G2	43	59	
1154	167.359375	Bb5	82	81	1148	192.191150	Bb5	82	56	
1155	167.363542	G3	55	69	1147	192.191150	G3	55	59	
1156	167.372917	Bb4	70	72	1146	192.191150	Bb4	70	56	
1157	167.375000	D5	74	67	1144	192.191150	D5	74	59	
1158	167.384375	E5	76	52	1145	192.191150	E5	76	59	
1159	167.626042	G5	79	86	1149	192.474168	G5	79	59	
1160	167.630208	G4	67	75	1150	192.474168	G4	67	59	
1161	167.886458	C4	60	74	1152	192.757187	C4	60	67	
1162	167.889583	A4	69	76	1151	192.757187	A4	69	62	
1163	167.889583	A5	81	87	1155	192.757187	A5	81	62	
1164	167.890625	C3	48	71	1156	192.757187	C3	48	67	
1165	167.894792	C5	72	70	1153	192.757187	C5	72	67	
1166	167.906250	E5	76	61	1154	192.757187	E5	76	67	
1167	168.138542	Bb5	82	87	1157	193.090520	Bb5	82	65	
1168	168.139583	Bb4	70	87	1158	193.090520	Bb4	70	65	
1169	168.407292	Bb3	58	59	1162	193.423853	Bb3	58	75	
1170	168.407292	D4	62	70	1163	193.423853	D4	62	75	
1171	168.414583	G3	55	60	1164	193.423853	G3	55	75	
1172	168.471875	Bb4	70	72	1160	193.423853	Bb4	70	75	
1173	168.473958	Bb5	82	83	1161	193.423853	Bb5	82	75	
1174	168.487500	D5	74	73	1159	193.423853	D5	74	68	
1175	168.791667	F4	65	68	1165	194.076026	F4	65	75	
1176	168.791667	F5	77	76	1166	194.076026	F5	77	71	
1177	169.394792	E5	76	69	1167	194.642063	E5	76	77	
1178	169.401042	E4	64	53	1168	194.642063	E4	64	75	
1179	169.516667	F5	77	69	1170	194.777198	F5	77	78	
1180	169.523958	F4	65	63	1169	194.777198	F4	65	75	
1181	169.633333	D4	62	68	1171	194.912333	D4	62	75	
1182	169.635417	D5	74	72	1172	194.912333	D5	74	79	
1183	169.915625	C4	60	61	1174	195.154268	C4	60	75	
1184	169.922917	C5	72	75	1173	195.154268	C5	72	82	
1185	170.010417	D5	74	74	1175	195.279268	D5	74	83	
1186	170.020833	D4	62	74	1176	195.279268	D4	62	75	
1187	170.192708	Bb4	70	67	1177	195.404268	Bb4	70	84	
1188	170.219792	Bb3	58	51	1178	195.404268	Bb3	58	75	
1189	170.568750	D4	62	49	1180	195.635037	D4	62	75	
1190	170.578125	D5	74	60	1179	195.635037	D5	74	88	
1191	170.990625	Bb5	82	67	1185	195.950826	Bb5	82	75	
1192	170.992708	G1	31	44	1184	195.950826	G1	31	60	
1193	170.994792	G2	43	51	1181	195.950826	G2	43	60	
1194	171.005208	Bb4	70	53	1183	195.950826	Bb4	70	75	
1195	171.016667	D5	74	52	1186	195.950826	D5	74	60	
1196	171.065625	E5	76	45	1182	195.950826	E5	76	60	
1197	171.300000	G5	79	78	1187	196.299663	G5	79	75	
1198	171.308333	G4	67	56	1188	196.299663	G4	67	75	
1199	171.550000	C2	36	66	1192	196.648500	C2	36	60	
1200	171.556250	C3	48	65	1193	196.648500	C3	48	60	
1201	171.563542	A5	81	87	1191	196.648500	A5	81	75	
1202	171.565625	C5	72	65	1189	196.648500	C5	72	60	
1203	171.577083	A4	69	68	1190	196.648500	A4	69	75	
1204	171.579167	E5	76	14	1194	196.648500	E5	76	60	
1205	171.815625	Bb4	70	83	1195	196.939762	Bb4	70	75	
1206	171.816667	Bb5	82	85	1196	196.939762	Bb5	82	75	
1207	172.060417	G2	43	65	1201	197.231024	G2	43	60	
1208	172.070833	G3	55	71	1199	197.231024	G3	55	60	
1209	172.071875	Bb5	82	89	1197	197.231024	Bb5	82	75	
1210	172.073958	Bb4	70	83	1202	197.231024	Bb4	70	75	
1211	172.087500	D5	74	73	1198	197.231024	D5	74	60	
1212	172.091667	E5	76	60	1200	197.231024	E5	76	60	
1213	172.327083	G5	79	90	1203	197.514043	G5	79	83	
1214	172.336458	G4	67	70	1204	197.514043	G4	67	83	
1215	172.578125	C3	48	71	1208	197.797061	C3	48	76	
1216	172.587500	C4	60	69	1209	197.797061	C4	60	76	
1217	172.597917	C5	72	74	1205	197.797061	C5	72	76	
1218	172.603125	A5	81	89	1210	197.797061	A5	81	91	
1219	172.605208	E5	76	51	1206	197.797061	E5	76	76	
1220	172.609375	A4	69	74	1207	197.797061	A4	69	91	
1221	172.839583	Bb5	82	82	1212	198.130394	Bb5	82	99	
1222	172.841667	Bb4	70	77	1211	198.130394	Bb4	70	99	
1223	173.105208	D4	62	69	1217	198.463727	D4	62	92	
1224	173.109375	Bb3	58	58	1218	198.463727	Bb3	58	92	
1225	173.113542	G3	55	61	1215	198.463727	G3	55	92	
1226	173.129167	Bb5	82	88	1213	198.463727	Bb5	82	92	
1227	173.130208	Bb4	70	74	1214	198.463727	Bb4	70	92	
1228	173.143750	D5	74	70	1216	198.463727	D5	74	108	
1229	173.457292	F5	77	74	1219	199.115901	F5	77	108	
1230	173.463542	F4	65	66	1220	199.115901	F4	65	92	
1231	173.988542	E5	76	69	1222	199.681938	E5	76	108	
1232	173.993750	E4	64	57	1221	199.681938	E4	64	92	
1233	174.094792	F4	65	67	1223	199.817073	F4	65	92	
1234	174.113542	F5	77	66	1224	199.817073	F5	77	108	
1235	174.201042	D4	62	68	1225	199.952208	D4	62	92	
1236	174.228125	D5	74	72	1226	199.952208	D5	74	108	
1237	174.508333	C4	60	65	1228	200.194143	C4	60	92	
1238	174.515625	C5	72	70	1227	200.194143	C5	72	108	
1239	174.614583	D5	74	75	1230	200.319143	D5	74	108	
1240	174.622917	D4	62	70	1229	200.319143	D4	62	92	
1241	174.813542	Bb4	70	67	1231	200.444143	Bb4	70	108	
1242	174.827083	Bb3	58	58	1232	200.444143	Bb3	58	92	
1243	175.100000	D4	62	60	1234	200.674912	D4	62	92	
1244	175.108333	D5	74	79	1233	200.674912	D5	74	108	
1245	175.347917	D4	62	73	1240	200.990701	D4	62	92	
1246	175.353125	F4	65	75	1237	200.990701	F4	65	92	
1247	175.355208	Bb3	58	70	1239	200.990701	Bb3	58	92	
1248	175.393750	F5	77	75	1238	200.990701	F5	77	108	
1249	175.402083	Bb4	70	76	1235	200.990701	Bb4	70	92	
1250	175.404167	D5	74	74	1236	200.990701	D5	74	92	
1251	175.721875	A5	81	89	1241	201.642874	A5	81	108	
1252	175.737500	A4	69	73	1242	201.642874	A4	69	92	
1253	176.266667	G4	67	65	1243	202.208911	G4	67	92	
1254	176.285417	G5	79	82	1244	202.208911	G5	79	108	
1255	176.381250	A4	69	69	1245	202.344046	A4	69	92	
1256	176.417708	A5	81	85	1246	202.344046	A5	81	108	
1257	176.516667	F4	65	67	1247	202.479181	F4	65	92	
1258	176.532292	E4	64	64	*	-1	*	-1	-1	
1259	176.547917	F5	77	72	1248	202.479181	F5	77	108	
1260	176.563542	E5	76	75	*	-1	*	-1	-1	
1261	176.812500	E4	64	57	1250	202.721116	E4	64	92	
1262	176.831250	E5	76	93	1249	202.721116	E5	76	108	
1263	176.931250	F5	77	87	1251	202.846116	F5	77	108	
1264	176.940625	F4	65	86	1252	202.846116	F4	65	92	
1265	177.061458	D4	62	84	1253	202.971116	D4	62	92	
1266	177.066667	D5	74	92	1254	202.971116	D5	74	108	
1267	177.339583	F4	65	81	1255	203.201885	F4	65	92	
1268	177.350000	F5	77	90	1256	203.201885	F5	77	108	
1269	177.676042	C5	72	94	1259	203.517674	Bb4	70	92	
1270	177.677083	C4	60	79	1260	203.517674	C4	60	92	
1271	177.678125	D4	62	76	1257	203.517674	D4	62	92	
1272	177.686458	F4	65	81	1261	203.517674	F4	65	92	
1273	177.686458	G4	67	79	1262	203.517674	G4	67	92	
1274	177.732292	C6	84	99	1258	203.517674	C6	84	108	
1275	177.966667	D6	86	58	1263	203.755769	D6	86	75	
1276	178.055208	C6	84	46	1264	203.835134	C6	84	75	
1277	178.109375	D6	86	70	1265	203.914499	D6	86	75	
1278	178.190625	C6	84	71	1266	203.993864	C6	84	75	
1279	178.250000	D6	86	70	1267	204.073229	D6	86	75	
1280	178.302083	G3	55	93	1273	204.470054	G3	55	92	
1281	178.310417	C6	84	70	1268	204.152594	C6	84	75	
1282	178.375000	D6	86	74	1269	204.231959	D6	86	75	
1283	178.473958	C6	84	53	1270	204.311324	C6	84	75	
1284	178.525000	D6	86	76	1271	204.390689	D6	86	75	
1285	178.608333	C6	84	65	1272	204.470054	C6	84	75	
1286	178.661458	D6	86	85	1274	204.540477	D6	86	75	
1287	178.743750	C6	84	73	1275	204.610899	C6	84	75	
1288	178.802083	D6	86	80	1276	204.681322	D6	86	75	
1289	178.869792	C4	60	95	1285	205.315124	C4	60	92	
1290	178.890625	C6	84	78	1277	204.751744	C6	84	76	
1291	178.935417	D6	86	80	1278	204.822167	D6	86	77	
1292	179.021875	C6	84	73	1279	204.892589	C6	84	77	
1293	179.087500	D6	86	74	1280	204.963012	D6	86	78	
1294	179.176042	C6	84	70	1281	205.033434	C6	84	79	
1295	179.209375	D6	86	83	1282	205.103857	D6	86	80	
1296	179.289583	C6	84	84	1283	205.174279	C6	84	81	
1297	179.363542	D6	86	85	1284	205.244702	D6	86	82	
1298	179.448958	C3	48	99	1299	206.094344	C3	48	92	
1299	179.453125	C6	84	82	1286	205.315124	C6	84	83	
1300	179.514583	D6	86	86	1287	205.380059	D6	86	84	
1301	179.587500	C6	84	80	1288	205.444994	C6	84	85	
1302	179.664583	D6	86	83	1289	205.509929	D6	86	86	
1303	179.763542	C6	84	81	1305	206.570534	C6	84	101	
1304	179.836458	D6	86	94	1306	206.642649	D6	86	102	
1305	179.909375	E6	88	93	1307	206.714765	E6	88	104	
1306	179.958333	F6	89	88	1308	206.786880	F6	89	106	
1307	180.045833	F1	29	96	1310	206.858996	F1	29	92	
1308	180.051042	G6	91	108	1309	206.858996	G6	91	108	
1309	180.405208	F2	41	90	1311	207.192329	F2	41	92	
1310	180.755208	C3	48	94	1312	207.525662	C3	48	92	
1311	181.180208	C3	48	93	1313	207.858995	C3	48	92	
1312	181.766667	G5	79	94	1320	208.192328	G5	79	108	
1313	181.768750	Bb3	58	82	1314	208.192328	Bb3	58	92	
1314	181.770833	D4	62	81	1315	208.192328	D4	62	92	
1315	181.770833	D5	74	85	1317	208.192328	D5	74	92	
1316	181.775000	G3	55	72	1319	208.192328	G3	55	92	
1317	181.776042	Bb4	70	86	1316	208.192328	Bb4	70	92	
1318	181.777083	G4	67	82	1318	208.192328	G4	67	92	
1319	183.665625	A5	81	71	1321	209.692326	A5	81	75	
1320	183.870833	Bb5	82	75	1322	209.879826	Bb5	82	74	
1321	184.013542	A5	81	77	1323	210.067326	A5	81	73	
1322	184.110417	G5	79	83	1324	210.254826	G5	79	72	
1323	184.219792	A5	81	82	1325	210.377777	A5	81	71	
1324	184.331250	G5	79	87	1326	210.500728	G5	79	70	
1325	184.427083	F5	77	80	1327	210.623678	F5	77	69	
1326	184.535417	D5	74	80	1328	210.746629	D5	74	68	
1327	184.661458	F5	77	58	1329	210.853772	F5	77	67	
1328	184.669792	E5	76	69	*	-1	*	-1	-1	
1329	184.747917	D5	74	75	1330	210.960915	D5	74	66	
1330	184.853125	C5	72	74	1331	211.068057	C5	72	65	
1331	184.964583	Bb4	70	79	1332	211.175200	Bb4	70	64	
1332	185.072917	G4	67	70	1333	211.325200	G4	67	63	
1333	185.188542	D4	62	61	1334	211.475200	D4	62	62	
1334	185.376042	F2	41	61	1338	211.775200	F2	41	45	
1335	185.483333	C#3	49	55	1339	211.775200	C#3	49	45	
1336	185.644792	A3	57	60	1337	211.775200	A3	57	45	
1337	185.651042	C#4	61	66	1336	211.775200	C#4	61	60	
1338	185.672917	G4	67	43	1340	211.775200	G4	67	60	
1339	185.829167	F4	65	70	1341	211.905635	F4	65	60	
1340	185.940625	G4	67	44	1342	212.036070	G4	67	60	
1341	186.056250	A4	69	63	1343	212.166504	A4	69	60	
1342	186.197917	G4	67	66	1344	212.296939	G4	67	60	
1343	186.867708	F3	53	34	1345	213.118856	F3	53	45	
1344	186.875000	Bb2	46	45	1347	213.118856	Bb2	46	45	
1345	186.979167	D4	62	53	1346	213.118856	D4	62	60	
1346	187.098958	F4	65	64	1348	213.346129	F4	65	60	
1347	187.247917	G4	67	70	1349	213.464239	G4	67	60	
1348	187.341667	A4	69	71	1350	213.582349	A4	69	60	
1349	187.494792	C5	72	76	1351	213.700459	C5	72	60	
1350	187.596875	A4	69	70	1352	213.823409	A4	69	60	
1351	187.722917	G4	67	69	1353	213.946360	G4	67	60	
1352	187.839583	F4	65	76	1354	214.069311	F4	65	60	
1353	187.971875	C3	48	47	1357	214.192262	C3	48	45	
1354	187.978125	A3	57	55	1356	214.192262	A3	57	45	
1355	188.039583	Eb4	63	69	1355	214.192262	Eb4	63	60	
1356	188.047917	G4	67	63	1358	214.192262	G4	67	60	
1357	188.201042	F4	65	68	1359	214.322696	F4	65	60	
1358	188.315625	G4	67	61	1360	214.453131	G4	67	60	
1359	188.451042	A4	69	53	1361	214.583566	A4	69	60	
1360	188.609375	G4	67	60	1362	214.714001	G4	67	60	
1361	189.225000	D3	50	40	1364	215.535918	D3	50	45	
1362	189.367708	D4	62	40	1363	215.535918	D4	62	60	
1363	189.508333	F4	65	46	1365	215.763190	F4	65	60	
1364	189.640625	G4	67	57	1366	215.881300	G4	67	60	
1365	189.777083	A4	69	51	1367	215.999410	A4	69	60	
1366	189.926042	D5	74	60	1368	216.117520	D5	74	60	
1367	190.066667	A4	69	42	1369	216.240471	A4	69	60	
1368	190.204167	G4	67	56	1370	216.363422	G4	67	60	
1369	190.331250	F4	65	51	1371	216.486372	F4	65	60	
1370	190.457292	Bb2	46	55	1374	216.609323	Bb2	46	45	
1371	190.466667	Bb3	58	55	1373	216.609323	Bb3	58	45	
1372	190.478125	F3	53	40	1375	216.609323	F3	53	45	
1373	190.596875	Bb4	70	56	1376	216.724708	Bb4	70	63	
1374	190.723958	D5	74	66	1377	216.840092	D5	74	67	
1375	190.852083	F5	77	62	1378	216.955477	F5	77	71	
1376	191.026042	F4	65	32	1381	217.070861	F4	65	45	
1377	191.051042	Bb3	58	30	1382	217.070861	Bb3	58	45	
1378	191.134375	A5	81	66	1380	217.070861	A5	81	75	
1379	191.164583	D5	74	52	1379	217.070861	D5	74	60	
1380	191.704167	E4	64	46	1384	217.793752	E4	64	45	
1381	191.725000	C5	72	46	1383	217.793752	C5	72	60	
1382	191.975000	G5	79	72	1385	218.079466	G5	79	75	
1383	192.239583	F5	77	70	1386	218.365180	F5	77	75	
1384	192.240625	D4	62	53	1387	218.365180	D4	62	45	
1385	192.518750	G5	79	78	1389	218.615180	G5	79	75	
1386	192.535417	E4	64	56	1388	218.615180	E4	64	45	
1387	192.807292	A3	57	55	1390	218.865180	A3	57	45	
1388	192.910417	F4	65	61	1391	218.990180	F4	65	45	
1389	192.933333	F5	77	66	1392	218.990180	F5	77	75	
1390	193.035417	G4	67	58	1394	219.115180	G4	67	45	
1391	193.047917	E5	76	69	1393	219.115180	E5	76	75	
1392	193.160417	G5	79	76	1395	219.240180	G5	79	75	
1393	193.169792	A4	69	61	1396	219.240180	A4	69	45	
1394	193.294792	F5	77	70	1397	219.365180	F5	77	75	
1395	193.305208	D4	62	55	1398	219.365180	D4	62	45	
1396	193.581250	Bb4	70	70	1399	219.615180	Bb4	70	60	
1397	193.691667	A4	69	67	1400	219.740180	A4	69	60	
1398	193.806250	G3	55	64	1401	219.865180	G3	55	45	
1399	193.818750	Bb4	70	78	1402	219.865180	Bb4	70	60	
1400	194.097917	E5	76	82	1404	220.191267	E5	76	68	
1401	194.114583	E4	64	48	1403	220.191267	E4	64	45	
1402	194.395833	C3	48	75	1406	220.517353	C3	48	45	
1403	194.443750	D5	74	81	1408	220.517353	D5	74	61	
1404	194.451042	F4	65	78	1405	220.517353	F4	65	61	
1405	194.461458	Bb4	70	69	1407	220.517353	Bb4	70	60	
1406	194.791667	E4	64	64	1409	221.053067	E4	64	53	
1407	194.800000	C5	72	77	1410	221.053067	C5	72	53	
1408	195.139583	F1	29	92	1411	221.437682	F1	29	92	
1409	195.530208	F2	41	84	1412	221.771015	F2	41	92	
1410	195.867708	C3	48	94	1413	222.104348	C3	48	92	
1411	196.312500	C3	48	94	1414	222.437681	C3	48	92	
1412	196.917708	G5	79	93	1416	222.771014	G5	79	108	
1413	196.922917	D5	74	80	1417	222.771014	D5	74	60	
1414	196.925000	G4	67	78	1419	222.771014	G4	67	60	
1415	196.926042	Bb3	58	76	1421	222.771014	Bb3	58	92	
1416	196.926042	Bb4	70	79	1415	222.771014	Bb4	70	60	
1417	196.927083	D4	62	81	1420	222.771014	D4	62	92	
1418	196.930208	G3	55	75	1418	222.771014	G3	55	92	
1419	198.625000	A5	81	64	1422	224.271013	A5	81	75	
1420	198.806250	Bb5	82	72	1423	224.485298	Bb5	82	74	
1421	198.946875	A5	81	71	1424	224.620433	A5	81	73	
1422	199.053125	G5	79	82	1425	224.755568	G5	79	72	
1423	199.160417	A5	81	81	1426	224.894457	A5	81	71	
1424	199.277083	G5	79	78	1427	225.033346	G5	79	70	
1425	199.355208	F5	77	78	1428	225.158346	F5	77	69	
1426	199.479167	D5	74	81	1429	225.283346	D5	74	68	
1427	199.610417	F5	77	57	1430	225.408346	F5	77	67	
1428	199.620833	E5	76	62	*	-1	*	-1	-1	
1429	199.692708	D5	74	73	1431	225.533346	D5	74	66	
1430	199.796875	C5	72	72	1432	225.658346	C5	72	65	
1431	199.909375	Bb4	70	75	1433	225.783346	Bb4	70	64	
1432	200.029167	G4	67	66	1434	225.941240	G4	67	63	
1433	200.130208	D4	62	75	1435	226.099135	D4	62	62	
1434	200.264583	E4	64	74	1436	226.316526	E4	64	61	
1435	200.406250	A3	57	64	1438	226.533917	A3	57	45	
1436	200.411458	D3	50	51	1437	226.533917	D3	50	45	
1437	200.514583	D4	62	68	1440	226.533917	D4	62	45	
1438	200.518750	G4	67	75	1439	226.533917	G4	67	60	
1439	200.657292	F4	65	73	1441	226.975093	F4	65	60	
1440	200.779167	G4	67	72	1442	227.128154	G4	67	60	
1441	200.890625	A4	69	66	1443	227.281215	A4	69	60	
1442	201.036458	G4	67	71	1444	227.539836	G4	67	60	
1443	201.433333	G2	43	50	1445	228.109456	G2	43	45	
1444	201.550000	D3	50	43	1446	228.336728	D3	50	45	
1445	201.680208	Bb3	58	54	1447	228.564001	Bb3	58	45	
1446	201.790625	F4	65	60	1448	229.189001	F4	65	60	
1447	201.936458	G4	67	63	1449	229.489001	G4	67	60	
1448	202.039583	A4	69	62	1450	229.789001	A4	69	60	
1449	202.180208	D5	74	71	1451	230.089001	D5	74	60	
1450	202.310417	A4	69	50	1452	230.237516	A4	69	60	
1451	202.438542	G4	67	59	1453	230.386030	G4	67	60	
1452	202.553125	D3	50	52	1456	230.683060	D3	50	45	
1453	202.560417	F4	65	69	1454	230.534545	F4	65	60	
1454	202.745833	A3	57	67	*	-1	*	-1	-1	
1455	202.751042	G4	67	53	1455	230.683060	G4	67	60	
1456	202.763542	D4	62	56	*	-1	*	-1	-1	
1457	202.894792	F4	65	64	1459	230.831575	F4	65	60	
1458	203.020833	G4	67	61	1460	230.984636	G4	67	60	
1459	203.145833	A4	69	52	1461	231.137697	A4	69	60	
1460	203.312500	G4	67	58	1462	231.396317	G4	67	60	
1461	203.707292	G2	43	36	1463	231.965937	G2	43	45	
1462	203.846875	D3	50	39	1464	232.193209	D3	50	45	
1463	204.154167	B3	59	47	1465	232.420482	B3	59	45	
1464	204.329167	F4	65	42	1466	233.045482	F4	65	60	
1465	204.468750	G4	67	48	1467	233.345482	G4	67	60	
1466	204.636458	A4	69	46	1468	233.645482	A4	69	60	
1467	204.758333	D5	74	63	1469	233.945482	D5	74	60	
1468	204.911458	A4	69	42	1470	234.093997	A4	69	60	
1469	205.050000	G4	67	52	1471	234.242512	G4	67	60	
1470	205.172917	F4	65	53	1472	234.403802	F4	65	60	
1471	205.331250	C2	36	44	1475	234.565092	C2	36	60	
1472	205.346875	C3	48	41	1474	234.565092	C3	48	60	
1473	205.355208	E5	76	63	1473	234.565092	E5	76	60	
1474	205.539583	Bb4	70	49	1476	234.922235	Bb4	70	61	
1475	205.664583	A4	69	37	1477	235.185393	A4	69	61	
1476	205.777083	G4	67	49	1478	235.448550	G4	67	62	
1477	205.927083	F5	77	66	1480	235.711708	F5	77	63	
1478	205.932292	C4	60	52	1481	235.711708	C4	60	48	
1479	205.935417	A3	57	53	1479	235.711708	A3	57	48	
1480	206.091667	C5	72	57	1482	235.935589	C5	72	64	
1481	206.212500	Bb4	70	57	1484	236.159469	Bb4	70	65	
1482	206.216667	F4	65	46	1483	236.159469	F4	65	49	
1483	206.235417	D4	62	13	1485	236.159469	D4	62	49	
1484	206.334375	A4	69	48	1486	236.383350	A4	69	66	
1485	206.464583	Bb3	58	51	1488	236.607230	Bb3	58	51	
1486	206.464583	D4	62	40	1489	236.607230	D4	62	51	
1487	206.468750	G5	79	78	1487	236.607230	G5	79	67	
1488	206.623958	D5	74	58	1490	236.787953	D5	74	68	
1489	206.723958	E4	64	50	1492	236.968676	E4	64	53	
1490	206.738542	C5	72	67	1493	236.968676	C5	72	69	
1491	206.756250	G4	67	47	1491	236.968676	G4	67	53	
1492	206.859375	Bb4	70	65	1494	237.149398	Bb4	70	70	
1493	206.980208	C4	60	57	1495	237.330121	C4	60	55	
1494	206.980208	E4	64	57	1496	237.330121	E4	64	55	
1495	206.995833	A5	81	85	1497	237.330121	A5	81	71	
1496	207.144792	E5	76	66	1498	237.498660	E5	76	72	
1497	207.255208	D5	74	71	1501	237.667200	D5	74	73	
1498	207.258333	F4	65	47	1500	237.667200	F4	65	57	
1499	207.261458	A4	69	53	1499	237.667200	A4	69	57	
1500	207.359375	C5	72	65	1502	237.835739	C5	72	74	
1501	207.506250	Bb5	82	84	1504	238.004278	Bb5	82	75	
1502	207.508333	D4	62	51	1505	238.004278	D4	62	59	
1503	207.515625	F4	65	59	1503	238.004278	F4	65	59	
1504	207.640625	F5	77	65	1506	238.163852	F5	77	76	
1505	207.759375	E5	76	73	1508	238.323427	E5	76	77	
1506	207.795833	Bb4	70	59	1507	238.323427	Bb4	70	61	
1507	207.797917	G4	67	17	1509	238.323427	G4	67	61	
1508	207.868750	D5	74	65	1510	238.483001	D5	74	78	
1509	208.009375	C6	84	88	1511	238.642575	C6	84	79	
1510	208.010417	G4	67	60	1512	238.642575	G4	67	63	
1511	208.014583	E4	64	67	1513	238.642575	E4	64	63	
1512	208.145833	G5	79	67	1514	238.797214	F5	77	80	
1513	208.250000	F5	77	62	1515	238.951853	E5	76	81	
1514	208.264583	A4	69	56	1516	238.951853	A4	69	65	
1515	208.285417	C5	72	59	1517	238.951853	C5	72	65	
1516	208.369792	E5	76	69	1518	239.106492	D5	74	82	
1517	208.515625	D6	86	90	1521	239.261131	D6	86	83	
1518	208.518750	A4	69	67	1519	239.261131	A4	69	67	
1519	208.525000	F4	65	65	1520	239.261131	F4	65	67	
1520	208.643750	A5	81	68	1522	239.411131	G5	79	84	
1521	208.764583	G5	79	71	1525	239.561131	F5	77	85	
1522	208.775000	Bb4	70	65	1523	239.561131	Bb4	70	69	
1523	208.811458	D5	74	50	1524	239.561131	D5	74	69	
1524	208.884375	F5	77	66	1526	239.711131	E5	76	86	
1525	209.016667	E6	88	85	1528	239.861131	E6	88	87	
1526	209.030208	Bb4	70	68	1527	239.861131	Bb4	70	71	
1527	209.031250	G4	67	55	1529	239.861131	G4	67	71	
1528	209.145833	Bb5	82	66	1530	240.000020	A5	81	88	
1529	209.201042	C5	72	42	1533	240.138909	C5	72	73	
1530	209.258333	A5	81	66	1531	240.138909	G5	79	89	
1531	209.266667	E5	76	58	1532	240.138909	E5	76	73	
1532	209.369792	G5	79	70	1534	240.277797	F5	77	90	
1533	209.446875	Bb3	58	72	1535	240.416686	Bb3	58	75	
1534	209.483333	F4	65	63	1536	240.416686	F4	65	75	
1535	209.509375	G6	91	84	1537	240.416686	G6	91	92	
1536	209.530208	G4	67	55	1539	240.416686	G4	67	75	
1537	209.547917	D5	74	71	1538	240.416686	D5	74	75	
1538	209.635417	Eb6	87	32	*	-1	*	-1	-1	
1539	209.657292	D6	86	71	1540	240.549429	D6	86	92	
1540	209.791667	C6	84	66	1541	240.682173	C6	84	92	
1541	209.869792	Bb5	82	66	1542	240.814916	Bb5	82	92	
1542	209.988542	G5	79	77	1543	240.947659	G5	79	92	
1543	210.096875	D5	74	65	1544	241.097659	D5	74	92	
1544	210.211458	C5	72	55	1545	241.247659	C5	72	92	
1545	210.326042	Bb4	70	54	1546	241.397659	Bb4	70	92	
1546	210.438542	F5	77	69	1547	241.547659	F5	77	92	
1547	210.551042	G5	79	74	1548	241.672659	G5	79	92	
1548	210.657292	A5	81	79	1549	241.797659	A5	81	92	
1549	210.769792	Bb5	82	85	1550	241.922659	Bb5	82	92	
1550	210.880208	C6	84	90	1551	242.047659	C6	84	92	
1551	210.992708	D6	86	85	1552	242.138020	D6	86	92	
1552	211.092708	E6	88	86	1553	242.228382	E6	88	92	
1553	211.211458	F6	89	94	1554	242.318743	F6	89	92	
1554	211.322917	Bb4	70	85	1557	242.409104	Bb4	70	75	
1555	211.327083	G3	55	65	1559	242.409104	G3	55	75	
1556	211.334375	C4	60	66	1555	242.409104	C4	60	75	
1557	211.338542	D4	62	70	1556	242.409104	D4	62	75	
1558	211.338542	G6	91	88	1558	242.409104	G6	91	92	
1559	211.464583	D6	86	77	1560	242.541847	D6	86	92	
1560	211.589583	C6	84	73	1561	242.674591	C6	84	92	
1561	211.696875	Bb5	82	67	1562	242.807334	Bb5	82	92	
1562	211.818750	G5	79	78	1563	242.940077	G5	79	92	
1563	211.919792	D5	74	75	1564	243.090077	D5	74	92	
1564	212.039583	C5	72	71	1565	243.240077	C5	72	92	
1565	212.164583	Bb4	70	58	1566	243.390077	Bb4	70	92	
1566	212.250000	F5	77	73	1567	243.540077	F5	77	92	
1567	212.354167	G5	79	82	1568	243.665077	G5	79	92	
1568	212.487500	A5	81	82	1569	243.790077	A5	81	92	
1569	212.591667	Bb5	82	85	1570	243.915077	Bb5	82	92	
1570	212.712500	C6	84	93	1571	244.040077	C6	84	92	
1571	212.822917	D6	86	88	1572	244.130438	D6	86	92	
1572	212.921875	E6	88	95	1573	244.220800	E6	88	92	
1573	213.035417	F6	89	94	1574	244.311161	F6	89	92	
1574	213.145833	E4	64	90	1577	244.401522	E4	64	92	
1575	213.156250	G3	55	81	1578	244.401522	G3	55	92	
1576	213.157292	Bb3	58	80	1579	244.401522	Bb3	58	92	
1577	213.161458	C3	48	74	1575	244.401522	C3	48	92	
1578	213.161458	G6	91	96	1576	244.401522	G6	91	92	
1579	213.171875	D3	50	68	*	-1	*	-1	-1	
1580	213.265625	D6	86	86	1580	244.534265	D6	86	93	
1581	213.376042	C6	84	84	1581	244.667009	C6	84	94	
1582	213.511458	Bb5	82	80	1582	244.799752	Bb5	82	95	
1583	213.620833	G5	79	81	1583	244.932495	G5	79	96	
1584	213.742708	D5	74	82	1584	245.082495	D5	74	97	
1585	213.852083	C5	72	78	1585	245.232495	C5	72	98	
1586	213.973958	Bb4	70	80	1586	245.382495	Bb4	70	99	
1587	214.097917	G5	79	93	1587	245.532495	G5	79	100	
1588	214.202083	A5	81	83	1588	245.657495	A5	81	101	
1589	214.308333	Bb5	82	88	1589	245.782495	Bb5	82	102	
1590	214.406250	C6	84	83	1590	245.907495	C6	84	103	
1591	214.437500	B5	83	64	*	-1	*	-1	-1	
1592	214.539583	D6	86	93	1591	246.032495	D6	86	104	
1593	214.652083	E6	88	96	1592	246.122856	E6	88	105	
1594	214.766667	F6	89	97	1593	246.213218	F6	89	106	
1595	214.868750	G6	91	96	1594	246.303579	G6	91	107	
1596	215.031250	A6	93	92	1596	246.393940	A6	93	108	
1597	215.035417	F1	29	83	1597	246.393940	F1	29	108	
1598	215.036458	F2	41	84	1599	246.393940	F2	41	108	
1599	215.036458	F6	89	91	1598	246.393940	F6	89	108	
1600	215.040625	A5	81	89	1595	246.393940	A5	81	108	
1601	215.425000	C3	48	99	1600	246.783550	C3	48	108	
1602	215.883333	C4	60	88	1604	247.339106	C4	60	92	
1603	215.884375	A3	57	90	1601	247.339106	A3	57	92	
1604	215.889583	G4	67	87	1602	247.339106	G4	67	92	
1605	215.891667	Eb4	63	91	1603	247.339106	Eb4	63	92	
1606	216.770833	F4	65	79	1606	248.571981	F4	65	75	
1607	216.780208	D4	62	76	1605	248.571981	D4	62	75	
1608	216.883333	G4	67	82	1608	248.687366	G4	67	75	
1609	216.895833	Eb4	63	76	1607	248.687366	Eb4	63	75	
1610	216.983333	F4	65	80	1610	248.802750	F4	65	75	
1611	216.997917	D4	62	78	1609	248.802750	D4	62	75	
1612	217.234375	A3	57	78	1612	249.118539	A3	57	60	
1613	217.242708	Eb4	63	75	1614	249.118539	Eb4	63	75	
1614	217.244792	C4	60	77	1613	249.118539	C4	60	75	
1615	217.245833	F3	53	75	1611	249.118539	F3	53	60	
1616	217.337500	F4	65	82	1615	249.252468	F4	65	75	
1617	217.364583	D4	62	72	1616	249.252468	D4	62	75	
1618	217.478125	C4	60	80	1617	249.386396	C4	60	75	
1619	217.483333	Eb4	63	86	1618	249.386396	Eb4	63	75	
1620	217.743750	C4	60	92	1619	249.814967	C4	60	60	
1621	217.993750	D4	62	97	1620	250.130756	D4	62	75	
1622	218.233333	Eb4	63	93	1621	250.352978	Eb4	63	80	
1623	218.266667	C3	48	82	1624	250.800739	C3	48	75	
1624	218.372917	G3	55	85	1625	250.800739	G3	55	75	
1625	218.487500	Bb3	58	71	1622	250.800739	Bb3	58	75	
1626	218.540625	E4	64	99	1626	250.800739	E4	64	75	
1627	218.565625	G5	79	95	1623	250.800739	G5	79	85	
1628	218.686458	A5	81	84	1627	250.904906	A5	81	87	
1629	218.792708	Bb5	82	83	1628	251.009072	Bb5	82	90	
1630	218.904167	C6	84	86	1629	251.113239	C6	84	93	
1631	219.025000	D4	62	93	1630	251.217405	D4	62	75	
1632	219.035417	D6	86	88	1631	251.217405	D6	86	96	
1633	219.136458	E6	88	96	1632	251.309998	Eb6	87	99	
1634	219.255208	F6	89	96	1633	251.402590	F6	89	102	
1635	219.365625	G6	91	86	1634	251.495183	G6	91	105	
1636	219.500000	A6	93	84	1637	251.587775	A6	93	108	
1637	219.506250	F2	41	95	1639	251.587775	F2	41	108	
1638	219.509375	G1	31	82	*	-1	*	-1	-1	
1639	219.509375	F6	89	86	1635	251.587775	F6	89	108	
1640	219.514583	A5	81	75	1638	251.587775	A5	81	108	
1641	219.529167	F1	29	77	1636	251.587775	F1	29	108	
1642	219.844792	C3	48	98	1640	251.977385	C3	48	108	
1643	219.968750	F#4	66	15	*	-1	*	-1	-1	
1644	220.223958	C4	60	92	1644	252.532941	C4	60	75	
1645	220.227083	A3	57	87	1641	252.532941	A3	57	75	
1646	220.229167	G4	67	93	1642	252.532941	G4	67	92	
1647	220.232292	Eb4	63	90	1643	252.532941	Eb4	63	92	
1648	221.130208	D4	62	76	1645	253.765816	D4	62	75	
1649	221.131250	F4	65	78	1646	253.765816	F4	65	75	
1650	221.232292	G4	67	80	1648	253.881201	G4	67	75	
1651	221.247917	Eb4	63	87	1647	253.881201	Eb4	63	75	
1652	221.346875	F4	65	88	1650	253.996585	F4	65	75	
1653	221.353125	D4	62	79	1649	253.996585	D4	62	75	
1654	221.612500	C4	60	82	1651	254.312374	C4	60	75	
1655	221.614583	A3	57	81	1653	254.312374	A3	57	60	
1656	221.615625	F3	53	70	1652	254.312374	F3	53	60	
1657	221.615625	Eb4	63	75	1654	254.312374	Eb4	63	75	
1658	221.714583	F4	65	78	1655	254.446303	F4	65	75	
1659	221.719792	D4	62	81	1656	254.446303	D4	62	75	
1660	221.828125	Eb4	63	84	1657	254.580231	Eb4	63	75	
1661	221.829167	C4	60	82	1658	254.580231	C4	60	75	
1662	222.093750	C4	60	98	1659	255.008802	C4	60	60	
1663	222.343750	D4	62	96	1660	255.324591	D4	62	79	
1664	222.587500	Eb4	63	94	1661	255.546813	Eb4	63	83	
1665	222.625000	C3	48	86	1662	255.994574	C3	48	75	
1666	222.734375	G3	55	77	1663	255.994574	G3	55	75	
1667	222.846875	Bb3	58	75	1664	255.994574	Bb3	58	75	
1668	222.865625	E4	64	96	1665	255.994574	E4	64	75	
1669	222.894792	G5	79	100	1666	255.994574	G5	79	88	
1670	223.013542	A5	81	85	1667	256.098741	A5	81	90	
1671	223.112500	Bb5	82	84	1668	256.202907	Bb5	82	92	
1672	223.223958	C6	84	89	1669	256.307074	C6	84	94	
1673	223.342708	D6	86	96	1670	256.411240	D6	86	96	
1674	223.343750	D4	62	89	1671	256.411240	D4	62	75	
1675	223.457292	E6	88	97	1672	256.503833	Eb6	87	99	
1676	223.573958	F6	89	94	1673	256.596425	F6	89	102	
1677	223.672917	G6	91	92	1674	256.689018	G6	91	105	
1678	223.801042	Bb6	94	102	1679	256.781610	Bb6	94	108	
1679	223.803125	D6	86	95	1676	256.781610	D6	86	108	
1680	223.805208	Bb1	34	92	1675	256.781610	Bb1	34	92	
1681	223.805208	Bb2	46	103	1677	256.781610	Bb2	46	92	
1682	223.806250	Bb5	82	96	1678	256.781610	Bb5	82	108	
1683	224.139583	F3	53	99	1680	257.243148	F3	53	92	
1684	224.505208	Bb3	58	93	1684	257.831383	Bb3	58	92	
1685	224.508333	D4	62	92	1683	257.831383	D4	62	92	
1686	224.513542	F4	65	96	1682	257.831383	F4	65	92	
1687	224.516667	Bb4	70	96	1681	257.831383	Bb4	70	108	
1688	225.332292	A3	57	82	1685	259.031383	A3	57	92	
1689	225.344792	A4	69	87	1686	259.031383	A4	69	108	
1690	225.447917	Bb4	70	93	1688	259.160693	Bb4	70	108	
1691	225.459375	Bb3	58	82	1687	259.160693	Bb3	58	92	
1692	225.553125	A3	57	86	1689	259.290004	A3	57	92	
1693	225.563542	A4	69	91	1690	259.290004	A4	69	108	
1694	225.818750	G4	67	89	1694	259.651449	G4	67	108	
1695	225.821875	G3	55	79	1691	259.651449	G3	55	92	
1696	225.821875	D4	62	80	1692	259.651449	D4	62	92	
1697	225.836458	Bb3	58	76	1693	259.651449	Bb3	58	92	
1698	225.921875	A4	69	82	1696	259.773400	A4	69	108	
1699	225.930208	A3	57	80	1695	259.773400	A3	57	92	
1700	226.018750	G3	55	86	1697	259.895351	G3	55	92	
1701	226.029167	G4	67	97	1699	259.895351	G4	67	108	
1702	226.284375	F3	53	84	1702	260.440806	F3	53	94	
1703	226.287500	F4	65	95	1701	260.440806	F4	65	110	
1704	226.546875	G4	67	96	1703	260.840806	G4	67	112	
1705	226.551042	G3	55	86	1704	260.840806	G3	55	96	
1706	226.801042	A3	57	90	1705	261.174139	A3	57	98	
1707	226.806250	A4	69	98	1706	261.174139	A4	69	114	
1708	227.066667	Bb3	58	88	1708	261.459853	Bb3	58	100	
1709	227.068750	Bb4	70	97	1707	261.459853	Bb4	70	116	
1710	227.341667	C4	60	95	1710	261.737630	C4	60	102	
1711	227.344792	C5	72	103	1709	261.737630	C5	72	118	
1712	227.636458	D4	62	93	1712	261.987630	D4	62	104	
1713	227.636458	D5	74	104	1711	261.987630	D5	74	121	
1714	227.948958	F4	65	93	1714	262.255487	F4	65	106	
1715	227.952083	F5	77	98	1713	262.255487	F5	77	124	
1716	228.339583	C5	72	95	1715	262.630487	C5	72	92	
1717	228.341667	Bb4	70	96	1716	262.630487	Bb4	70	92	
1718	228.344792	D4	62	82	1717	262.630487	D4	62	92	
1719	228.347917	C6	84	98	1718	262.630487	C6	84	127	
1720	228.348958	F4	65	86	1721	262.630487	F4	65	92	
1721	228.348958	F5	77	88	1720	262.630487	F5	77	92	
1722	228.352083	Bb5	82	92	1719	262.630487	Bb5	82	92	
1723	229.459375	A4	69	88	1724	264.042251	A4	69	92	
1724	229.464583	F4	65	78	1725	264.042251	F4	65	92	
1725	229.467708	F5	77	91	1727	264.042251	F5	77	92	
1726	229.468750	C4	60	81	1726	264.042251	C4	60	92	
1727	229.468750	A5	81	95	1723	264.042251	A5	81	92	
1728	229.985417	Bb3	58	64	1732	264.965327	Bb3	58	92	
1729	230.031250	D4	62	66	1733	264.965327	D4	62	92	
1730	230.055208	F4	65	87	1731	264.965327	F4	65	92	
1731	230.067708	G4	67	92	1729	264.965327	G4	67	92	
1732	230.113542	G5	79	97	1730	264.965327	G5	79	92	
1733	230.119792	D5	74	90	1728	264.965327	D5	74	92	
1734	230.211458	A5	81	81	1734	265.126617	A5	81	92	
1735	230.302083	G5	79	93	1735	265.287907	G5	79	92	
1736	230.384375	F5	77	81	1736	265.449198	F5	77	92	
1737	230.462500	D5	74	86	1737	265.560309	D5	74	92	
1738	230.487500	F3	53	76	1741	265.782531	F3	53	108	
1739	230.557292	F5	77	93	1738	265.671420	F5	77	92	
1740	230.635417	C4	60	57	*	-1	*	-1	-1	
1741	230.683333	F4	65	86	*	-1	*	-1	-1	
1742	230.693750	C5	72	102	1743	265.782531	C5	72	108	
1743	230.695833	F5	77	85	1745	265.782531	F5	77	108	
1744	230.698958	A4	69	95	1739	265.782531	A4	69	108	
1745	230.701042	A5	81	98	1742	265.782531	A5	81	108	
1746	230.702083	C6	84	103	1746	265.782531	C6	84	108	
1747	232.826042	F1	29	88	1749	268.606059	F1	29	108	
1748	232.826042	F2	41	92	1752	268.606059	F2	41	108	
1749	232.829167	F5	77	98	1748	268.606059	F5	77	108	
1750	232.829167	F6	89	99	1753	268.606059	F6	89	108	
1751	232.833333	C2	36	91	1751	268.606059	C2	36	108	
1752	232.833333	A5	81	99	1750	268.606059	A5	81	108	
1753	232.833333	C6	84	95	1747	268.606059	C6	84	108	
*	-1	*	-1	-1	462	71.178748	E3	52	45	
*	-1	*	-1	-1	701	118.360367	A3	57	45	
*	-1	*	-1	-1	717	121.412783	A5	81	45	
*	-1	*	-1	-1	810	144.513082	D4	62	45	
*	-1	*	-1	-1	1139	191.608626	E5	76	52	
*	-1	*	-1	-1	1295	205.899539	D6	86	92	
*	-1	*	-1	-1	1297	206.029409	D6	86	94	
*	-1	*	-1	-1	1298	206.094344	C6	84	95	
*	-1	*	-1	-1	1300	206.173709	D6	86	96	
*	-1	*	-1	-1	1335	211.625200	E4	64	61	
*	-1	*	-1	-1	1372	216.609323	D4	62	60	
*	-1	*	-1	-1	1698	259.895351	D4	62	92	
*	-1	*	-1	-1	1700	259.895351	Bb3	58	92	
*	-1	*	-1	-1	1722	264.042251	C5	72	92	
*	-1	*	-1	-1	143	21.849452	Bb3	58	60	
*	-1	*	-1	-1	144	21.849452	D4	62	60	
*	-1	*	-1	-1	703	118.450457	C5	72	45	
*	-1	*	-1	-1	704	118.495502	E5	76	45	
*	-1	*	-1	-1	1290	205.574864	C6	84	87	
*	-1	*	-1	-1	1291	205.639799	D6	86	88	
*	-1	*	-1	-1	1292	205.704734	C6	84	89	
*	-1	*	-1	-1	1293	205.769669	D6	86	90	
*	-1	*	-1	-1	1294	205.834604	C6	84	91	
*	-1	*	-1	-1	1296	205.964474	C6	84	93	
*	-1	*	-1	-1	1301	206.253074	C6	84	97	
*	-1	*	-1	-1	1302	206.332439	D6	86	98	
*	-1	*	-1	-1	1303	206.411804	C6	84	99	
*	-1	*	-1	-1	1304	206.491169	D6	86	100	
*	-1	*	-1	-1	1458	230.683060	A3	57	45	
*	-1	*	-1	-1	1457	230.683060	D4	62	45	
*	-1	*	-1	-1	1744	265.782531	C4	60	108	
*	-1	*	-1	-1	1740	265.782531	F4	65	108	
