// alignID alignOntime alignSitch alignPitch alignOnvel refID refOntime refSitch refPitch refOnvel
0	6.041667	G#4	68	37	1	1.071428	G#4	68	45	
1	6.050000	F4	65	43	0	1.071428	F4	65	45	
2	6.675000	F5	77	51	3	2.142857	F5	77	45	
3	6.676042	G#5	80	62	2	2.142857	G#5	80	45	
4	8.373958	F5	77	43	5	4.591835	F5	77	45	
5	8.395833	C#5	73	42	4	4.591835	C#5	73	45	
6	9.963542	A4	69	39	6	7.024266	A4	69	45	
7	9.977083	F#4	66	32	7	7.024266	F#4	66	45	
8	10.317708	Eb5	75	58	8	8.178112	Eb5	75	45	
9	10.327083	C5	72	50	9	8.178112	C5	72	45	
10	10.702083	F5	77	53	11	8.578112	F5	77	45	
11	10.704167	C#5	73	54	10	8.578112	C#5	73	45	
12	11.188542	Eb5	75	48	13	9.032657	Eb5	75	45	
13	11.209375	C5	72	21	12	9.032657	C5	72	45	
14	13.287500	G#4	68	45	14	11.010677	G#4	68	45	
15	13.311458	F4	65	44	15	11.010677	F4	65	45	
16	13.628125	C#5	73	59	17	11.779908	C#5	73	45	
17	13.650000	Bb4	70	49	16	11.779908	Bb4	70	45	
18	13.987500	Eb5	75	61	18	12.196575	Eb5	75	45	
19	13.994792	C5	72	55	19	12.196575	C5	72	45	
20	14.393750	C#5	73	61	20	12.651120	C#5	73	45	
21	14.405208	Bb4	70	51	21	12.651120	Bb4	70	45	
22	14.966667	F5	77	61	22	13.500176	F5	77	45	
23	16.092708	C#5	73	54	23	14.843459	C#5	73	45	
24	16.828125	Eb4	63	42	25	16.166988	Eb4	63	45	
25	16.831250	F#4	66	43	24	16.166988	F#4	66	45	
26	17.223958	C5	72	53	27	16.583654	C5	72	45	
27	17.228125	G#4	68	44	26	16.583654	G#4	68	45	
28	17.589583	C#5	73	58	29	16.963401	C#5	73	45	
29	17.604167	Bb4	70	46	28	16.963401	Bb4	70	45	
30	18.073958	C5	72	49	31	17.391972	C5	72	45	
31	18.103125	G#4	68	33	30	17.391972	G#4	68	45	
32	20.238542	F#4	66	43	32	19.534827	F#4	66	45	
33	20.248958	Eb4	63	39	34	19.534827	Eb4	63	45	
34	20.254167	C#4	61	39	33	19.534827	C#4	61	45	
35	20.678125	Bb4	70	60	35	19.982588	Bb4	70	45	
36	21.084375	C5	72	63	36	20.335529	C5	72	45	
37	21.400000	Bb4	70	69	37	20.658109	Bb4	70	45	
38	21.748958	Eb5	75	66	38	20.964231	Eb5	75	45	
39	22.065625	Bb4	70	65	39	21.270353	Bb4	70	45	
40	22.415625	G#4	68	62	43	21.592934	G#4	68	45	
41	22.419792	F#4	66	57	41	21.592934	F#4	66	45	
42	22.420833	Eb4	63	43	40	21.592934	Eb4	63	45	
43	22.425000	C4	60	43	42	21.592934	C4	60	45	
44	22.751042	Bb4	70	67	44	21.908723	Bb4	70	45	
45	23.100000	G#4	68	65	45	22.242056	G#4	68	45	
46	23.446875	Bb3	58	41	48	22.631666	Bb3	58	45	
47	23.453125	Eb4	63	52	46	22.631666	Eb4	63	45	
48	23.463542	C#4	61	34	47	22.631666	C#4	61	45	
49	23.812500	F#4	66	55	49	22.928695	F#4	66	45	
50	24.162500	G#4	68	56	50	23.234817	G#4	68	45	
51	24.602083	F#4	66	48	51	23.640222	F#4	66	45	
52	26.086458	F4	65	47	53	24.983505	F4	65	45	
53	26.094792	Eb4	63	35	55	24.983505	Eb4	63	45	
54	26.122917	C4	60	29	54	24.983505	C4	60	45	
55	26.128125	A3	57	29	52	24.983505	A3	57	45	
56	27.858333	C#4	61	45	58	26.650172	C#4	61	45	
57	27.863542	Bb3	58	30	57	26.650172	Bb3	58	45	
58	27.867708	G#3	56	39	56	26.650172	G#3	56	45	
59	28.431250	F4	65	52	59	27.185886	F4	65	45	
60	28.855208	F#4	66	53	60	27.492008	F#4	66	45	
61	29.193750	F4	65	65	61	27.798130	F4	65	45	
62	29.514583	Bb4	70	65	62	28.104252	Bb4	70	45	
63	29.853125	F4	65	70	63	28.437585	F4	65	45	
64	30.169792	Bb3	58	43	*	-1	*	-1	-1	
65	30.178125	F#3	54	42	65	28.734614	F#3	54	45	
66	30.235417	Eb4	63	61	64	28.734614	Eb4	63	45	
67	30.243750	C#4	61	52	*	-1	*	-1	-1	
68	30.587500	F4	65	60	66	29.050403	F4	65	45	
69	30.938542	Eb4	63	58	67	29.395231	Eb4	63	45	
70	31.310417	G#3	56	38	69	29.774977	G#3	56	45	
71	31.316667	F3	53	41	68	29.774977	F3	53	45	
72	31.334375	Bb3	58	45	70	29.774977	Bb3	58	45	
73	31.692708	C#4	61	48	71	30.090766	C#4	61	45	
74	32.088542	Eb4	63	47	72	30.443707	Eb4	63	45	
75	32.532292	C#4	61	44	73	30.849112	C#4	61	45	
76	34.140625	Eb3	51	36	76	32.349112	Eb3	51	45	
77	34.157292	F#3	54	35	75	32.349112	F#3	54	45	
78	34.160417	G#3	56	39	77	32.349112	G#3	56	45	
79	34.162500	C4	60	41	74	32.349112	C4	60	45	
80	34.916667	G#2	44	36	78	33.198168	G#2	44	45	
81	35.820833	C#2	37	43	79	35.154690	C#2	37	45	
82	36.151042	G#3	56	48	80	35.710245	G#3	56	45	
83	36.177083	F3	53	44	81	35.710245	F3	53	45	
84	36.504167	G#4	68	59	82	36.158006	G#4	68	45	
85	36.520833	F4	65	58	83	36.158006	F4	65	45	
86	37.019792	G#5	80	74	85	36.796304	G#5	80	45	
87	37.039583	F5	77	51	84	36.796304	F5	77	45	
88	38.367708	F5	77	56	87	38.561008	F5	77	45	
89	38.385417	C#5	73	41	86	38.561008	C#5	73	45	
90	39.734375	C#3	49	47	88	40.139955	C#3	49	45	
91	39.751042	F#2	42	50	89	40.139955	F#2	42	45	
92	40.157292	Eb5	75	59	94	41.077455	Eb5	75	45	
93	40.160417	C#4	61	38	91	41.077455	C#4	61	45	
94	40.165625	Bb4	70	47	96	41.077455	Bb4	70	45	
95	40.172917	F#4	66	43	90	41.077455	F#4	66	45	
96	40.180208	C#3	49	24	92	41.077455	C#3	49	45	
97	40.186458	Bb3	58	41	93	41.077455	Bb3	58	45	
98	40.193750	F#3	54	38	95	41.077455	F#3	54	45	
99	40.581250	F5	77	61	97	41.447825	F5	77	45	
100	41.129167	Eb5	75	55	98	41.909363	Eb5	75	45	
101	43.155208	C#3	49	48	99	44.247023	C#3	49	45	
102	43.160417	F2	41	45	100	44.247023	F2	41	45	
103	43.525000	C#5	73	71	103	45.080356	C#5	73	45	
104	43.537500	C#4	61	52	102	45.080356	C#4	61	45	
105	43.550000	G#4	68	58	104	45.080356	G#4	68	45	
106	43.551042	F3	53	42	101	45.080356	F3	53	45	
107	43.556250	G#3	56	47	105	45.080356	G#3	56	45	
108	43.891667	Eb5	75	76	107	45.534901	Eb5	75	45	
109	43.906250	Eb4	63	60	106	45.534901	Eb4	63	45	
110	44.247917	C#4	61	50	108	46.159901	C#4	61	45	
111	44.253125	F4	65	57	109	46.159901	F4	65	45	
112	44.331250	G#5	80	82	111	46.159901	G#5	80	45	
113	44.347917	C#5	73	62	112	46.159901	C#5	73	45	
114	44.353125	G#4	68	49	110	46.159901	G#4	68	45	
115	45.514583	F5	77	62	115	47.392777	F5	77	45	
116	45.518750	C#5	73	53	114	47.392777	C#5	73	45	
117	45.521875	G#3	56	40	116	47.392777	G#3	56	45	
118	45.530208	C#4	61	42	117	47.392777	C#4	61	45	
119	45.539583	F4	65	52	113	47.392777	F4	65	45	
120	46.751042	F#2	42	51	118	48.716305	F#2	42	45	
121	46.769792	C#3	49	42	119	48.716305	C#3	49	45	
122	47.140625	Eb5	75	60	125	49.653805	Eb5	75	45	
123	47.150000	C#4	61	47	123	49.653805	C#4	61	45	
124	47.152083	C#3	49	35	124	49.653805	C#3	49	45	
125	47.160417	F#3	54	36	121	49.653805	F#3	54	45	
126	47.160417	Bb3	58	46	126	49.653805	Bb3	58	45	
127	47.161458	F#4	66	47	*	-1	*	-1	-1	
128	47.162500	Bb4	70	47	122	49.653805	Bb4	70	45	
129	47.277083	F#4	66	4	120	49.653805	F#4	66	45	
130	47.535417	F5	77	62	127	50.024175	F5	77	45	
131	48.001042	Eb5	75	57	128	50.485713	Eb5	75	45	
132	49.578125	C#5	73	51	129	52.360713	C#5	73	45	
133	50.784375	G#2	44	59	130	53.251801	G#2	44	45	
134	51.093750	B3	59	64	133	54.160892	B3	59	45	
135	51.104167	F3	53	60	132	54.160892	F3	53	45	
136	51.185417	C#5	73	76	131	54.160892	C#5	73	45	
137	51.201042	C#4	61	54	135	54.160892	C#4	61	45	
138	51.208333	G#4	68	67	134	54.160892	G#4	68	45	
139	51.523958	Eb5	75	80	136	54.622430	Eb5	75	52	
140	51.536458	Eb4	63	60	137	54.622430	Eb4	63	52	
141	51.654167	B3	59	45	141	55.304248	B3	59	45	
142	51.846875	C#4	61	55	142	55.304248	C#4	61	45	
143	52.041667	Bb5	82	84	139	55.304248	Bb5	82	60	
144	52.047917	F4	65	67	138	55.304248	F4	65	45	
145	52.062500	F5	77	59	140	55.304248	F5	77	60	
146	52.070833	Bb4	70	58	143	55.304248	Bb4	70	60	
147	52.662500	G#5	80	74	144	56.326975	G#5	80	60	
148	52.682292	G#4	68	57	145	56.326975	G#4	68	60	
149	53.761458	F5	77	63	147	57.905921	F5	77	60	
150	53.785417	F4	65	51	146	57.905921	F4	65	60	
151	54.422917	Bb2	46	51	148	58.863367	Bb2	46	45	
152	54.973958	Eb5	75	56	150	59.831109	Eb5	75	60	
153	54.982292	Eb4	63	47	154	59.831109	Eb4	63	45	
154	54.987500	Bb3	58	42	152	59.831109	Bb3	58	45	
155	55.006250	F4	65	44	153	59.831109	F4	65	60	
156	55.015625	F3	53	32	151	59.831109	F3	53	45	
157	55.019792	Bb4	70	37	149	59.831109	Bb4	70	60	
158	55.453125	F5	77	57	155	60.339583	F5	77	60	
159	55.942708	Eb5	75	57	156	60.875297	Eb5	75	60	
160	56.786458	C#5	73	48	158	62.091513	C#5	73	53	
161	56.797917	C#4	61	33	157	62.091513	C#4	61	45	
162	58.513542	Bb4	70	47	159	63.891513	Bb4	70	38	
163	59.781250	Eb2	39	41	160	66.891513	Eb2	39	45	
164	59.795833	Eb1	27	38	161	66.891513	Eb1	27	45	
165	61.212500	F6	89	47	166	68.848034	F6	89	45	
166	61.217708	Bb4	70	42	167	68.848034	Bb4	70	30	
167	61.225000	Bb5	82	50	162	68.848034	Bb5	82	45	
168	61.229167	F5	77	36	164	68.848034	F5	77	45	
169	61.237500	F4	65	38	165	68.848034	F4	65	30	
170	61.265625	F#4	66	28	163	68.848034	F#4	66	30	
171	62.988542	Bb4	70	8	170	71.526606	Bb4	70	30	
172	63.013542	Eb4	63	34	169	71.526606	Eb4	63	30	
173	63.019792	Eb6	87	50	168	71.526606	Eb6	87	45	
174	63.031250	Eb5	75	32	172	71.526606	Eb5	75	45	
175	63.045833	F#4	66	20	173	71.526606	F#4	66	30	
176	63.053125	Bb5	82	33	171	71.526606	Bb5	82	45	
177	63.497917	Eb6	87	54	177	71.932011	Eb6	87	45	
178	63.504167	Eb5	75	40	179	71.932011	Eb5	75	45	
179	63.509375	Eb4	63	34	176	71.932011	Eb4	63	30	
180	63.511458	Bb4	70	21	174	71.932011	Bb4	70	30	
181	63.521875	Bb5	82	44	178	71.932011	Bb5	82	45	
182	63.527083	F#4	66	25	175	71.932011	F#4	66	30	
183	63.813542	Eb4	63	40	180	72.302380	Eb4	63	30	
184	63.820833	Eb6	87	63	183	72.302380	Eb6	87	45	
185	63.834375	Eb5	75	48	184	72.302380	Eb5	75	45	
186	63.848958	Bb5	82	47	185	72.302380	Bb5	82	45	
187	63.855208	F#4	66	21	182	72.302380	F#4	66	30	
188	63.855208	Bb4	70	32	181	72.302380	Bb4	70	30	
189	64.098958	C#6	85	67	188	72.624961	C#6	85	45	
190	64.105208	C#4	61	42	187	72.624961	C#4	61	30	
191	64.113542	C#5	73	51	190	72.624961	C#5	73	45	
192	64.113542	Bb5	82	54	189	72.624961	Bb5	82	45	
193	64.122917	F#4	66	28	191	72.624961	F#4	66	30	
194	64.130208	Bb4	70	38	186	72.624961	Bb4	70	30	
195	64.365625	C#5	73	53	192	72.921990	C#5	73	45	
196	64.365625	C#6	85	56	194	72.921990	C#6	85	45	
197	64.370833	C#4	61	43	193	72.921990	C#4	61	30	
198	64.379167	Bb5	82	57	196	72.921990	Bb5	82	45	
199	64.381250	Bb4	70	40	195	72.921990	Bb4	70	30	
200	64.383333	F#4	66	24	197	72.921990	F#4	66	30	
201	64.612500	C#6	85	66	202	73.219020	C#6	85	45	
202	64.617708	C#4	61	46	199	73.219020	C#4	61	30	
203	64.628125	C#5	73	56	198	73.219020	C#5	73	45	
204	64.628125	Bb5	82	58	200	73.219020	Bb5	82	45	
205	64.631250	F#4	66	37	203	73.219020	F#4	66	30	
206	64.656250	Bb4	70	26	201	73.219020	Bb4	70	30	
207	64.855208	C4	60	54	210	73.486877	C4	60	30	
208	64.870833	C5	72	56	205	73.486877	C5	72	45	
209	64.873958	C6	84	63	206	73.486877	C6	84	45	
210	64.879167	Bb5	82	49	207	73.486877	Bb5	82	45	
211	64.883333	Bb4	70	27	208	73.486877	Bb4	70	30	
212	64.891667	F#4	66	34	209	73.486877	F#4	66	30	
213	64.907292	F#5	78	49	204	73.486877	F#5	78	45	
214	65.109375	C4	60	48	211	73.820210	C4	60	30	
215	65.109375	C5	72	38	217	73.820210	C5	72	45	
216	65.109375	F#5	78	46	213	73.820210	F#5	78	45	
217	65.115625	C6	84	61	216	73.820210	C6	84	45	
218	65.118750	F#4	66	41	214	73.820210	F#4	66	30	
219	65.138542	Bb4	70	43	215	73.820210	Bb4	70	30	
220	65.139583	Bb5	82	41	212	73.820210	Bb5	82	45	
221	65.359375	C5	72	56	224	74.190580	C5	72	45	
222	65.367708	F#4	66	45	219	74.190580	F#4	66	30	
223	65.368750	C6	84	64	223	74.190580	C6	84	45	
224	65.372917	C4	60	46	222	74.190580	C4	60	30	
225	65.376042	Bb5	82	44	220	74.190580	Bb5	82	45	
226	65.379167	F#5	78	51	218	74.190580	F#5	78	45	
227	65.389583	Bb4	70	33	221	74.190580	Bb4	70	30	
228	65.829167	Bb4	70	48	226	74.679710	Bb4	70	30	
229	65.829167	C#6	85	71	225	74.679710	C#6	85	45	
230	65.834375	C#4	61	45	228	74.679710	C#4	61	30	
231	65.837500	Bb5	82	62	229	74.679710	Bb5	82	45	
232	65.843750	C#5	73	56	227	74.679710	C#5	73	45	
233	65.850000	F#4	66	36	230	74.679710	F#4	66	30	
234	66.475000	F#4	66	31	236	75.322566	F#4	66	30	
235	66.487500	Bb3	58	37	232	75.322566	Bb3	58	30	
236	66.488542	Bb5	82	55	233	75.322566	Bb5	82	45	
237	66.493750	Bb4	70	44	235	75.322566	Bb4	70	45	
238	66.494792	F#5	78	44	234	75.322566	F#5	78	45	
239	66.497917	C#4	61	39	231	75.322566	C#4	61	30	
240	68.092708	Eb1	27	41	238	76.751136	Eb1	27	45	
241	68.096875	Eb2	39	42	237	76.751136	Eb2	39	45	
242	68.103125	Bb2	46	43	239	76.751136	Bb2	46	45	
243	69.047917	F6	89	61	242	77.967352	F6	89	45	
244	69.067708	F5	77	50	243	77.967352	F5	77	45	
245	69.079167	Bb5	82	55	244	77.967352	Bb5	82	45	
246	69.088542	F4	65	45	241	77.967352	F4	65	30	
247	69.089583	Bb4	70	42	245	77.967352	Bb4	70	30	
248	69.094792	F#4	66	36	240	77.967352	F#4	66	30	
249	70.338542	F#6	90	67	250	79.842352	F#6	90	45	
250	70.343750	F#4	66	42	246	79.842352	F#4	66	30	
251	70.344792	Eb5	75	40	249	79.842352	Eb5	75	30	
252	70.344792	Bb5	82	52	247	79.842352	Bb5	82	45	
253	70.360417	F#5	78	43	248	79.842352	F#5	78	45	
254	70.364583	Bb4	70	37	251	79.842352	Bb4	70	30	
255	70.801042	F6	89	69	252	80.368667	F6	89	45	
256	70.811458	F5	77	50	254	80.368667	F5	77	45	
257	70.822917	Bb5	82	50	253	80.368667	Bb5	82	45	
258	70.826042	F#4	66	29	257	80.368667	F#4	66	30	
259	70.828125	Bb4	70	34	255	80.368667	Bb4	70	30	
260	70.873958	F4	65	17	256	80.368667	F4	65	30	
261	71.125000	Eb4	63	49	258	80.774072	Eb4	63	30	
262	71.129167	Eb6	87	66	260	80.774072	Eb6	87	45	
263	71.134375	Bb4	70	47	263	80.774072	Bb4	70	30	
264	71.135417	Eb5	75	52	262	80.774072	Eb5	75	45	
265	71.145833	Bb5	82	55	259	80.774072	Bb5	82	45	
266	71.169792	F#4	66	28	261	80.774072	F#4	66	30	
267	71.401042	Bb4	70	48	268	81.163682	Bb4	70	30	
268	71.407292	F6	89	70	265	81.163682	F6	89	45	
269	71.416667	F4	65	50	269	81.163682	F4	65	30	
270	71.430208	F#4	66	34	266	81.163682	F#4	66	30	
271	71.430208	F5	77	51	267	81.163682	F5	77	45	
272	71.451042	Bb5	82	46	264	81.163682	Bb5	82	45	
273	71.654167	Eb4	63	52	274	81.497015	Eb4	63	30	
274	71.655208	Eb6	87	73	273	81.497015	Eb6	87	45	
275	71.664583	Bb4	70	45	271	81.497015	Bb4	70	30	
276	71.670833	Bb5	82	59	270	81.497015	Bb5	82	45	
277	71.672917	Eb5	75	59	275	81.497015	Eb5	75	45	
278	71.721875	F#4	66	19	272	81.497015	F#4	66	30	
279	71.901042	C#4	61	53	278	81.830348	C#4	61	30	
280	71.905208	C#6	85	70	281	81.830348	C#6	85	45	
281	71.909375	Bb4	70	45	279	81.830348	Bb4	70	30	
282	71.912500	C#5	73	66	277	81.830348	C#5	73	45	
283	71.932292	Bb5	82	65	276	81.830348	Bb5	82	45	
284	71.936458	F#4	66	37	280	81.830348	F#4	66	30	
285	72.131250	Eb6	87	72	285	82.146137	Eb6	87	45	
286	72.146875	Eb4	63	57	283	82.146137	Eb4	63	30	
287	72.155208	Bb4	70	58	287	82.146137	Bb4	70	30	
288	72.156250	Eb5	75	57	284	82.146137	Eb5	75	45	
289	72.160417	F#4	66	37	282	82.146137	F#4	66	30	
290	72.164583	Bb5	82	64	286	82.146137	Bb5	82	45	
291	72.359375	C#6	85	80	292	82.516507	C#6	85	45	
292	72.372917	Bb5	82	70	290	82.516507	Bb5	82	45	
293	72.379167	F#4	66	37	288	82.516507	F#4	66	30	
294	72.379167	Bb4	70	56	289	82.516507	Bb4	70	30	
295	72.381250	C#5	73	61	291	82.516507	C#5	73	45	
296	72.384375	C#4	61	56	293	82.516507	C#4	61	30	
297	72.614583	C6	84	77	296	82.906117	C6	84	45	
298	72.623958	Bb4	70	54	294	82.906117	Bb4	70	30	
299	72.625000	F#4	66	47	299	82.906117	F#4	66	30	
300	72.625000	Bb5	82	55	297	82.906117	Bb5	82	45	
301	72.630208	C4	60	51	298	82.906117	C4	60	30	
302	72.630208	C5	72	64	295	82.906117	C5	72	45	
303	72.975000	Eb6	87	64	303	83.389988	Eb6	87	45	
304	73.020833	C#6	85	76	304	83.528877	C#6	85	45	
305	73.023958	Bb4	70	51	301	83.389988	Bb4	70	30	
306	73.037500	F#4	66	41	300	83.389988	F#4	66	30	
307	73.041667	C#5	73	58	*	-1	*	-1	-1	
308	73.052083	Bb5	82	61	305	83.528877	Bb5	82	45	
309	73.058333	C#4	61	45	302	83.389988	C#4	61	30	
310	73.605208	Eb4	63	39	309	84.223321	Eb4	63	30	
311	73.614583	Bb5	82	61	312	84.223321	Bb5	82	45	
312	73.628125	Bb3	58	41	308	84.223321	Bb3	58	30	
313	73.636458	F#4	66	32	307	84.223321	F#4	66	30	
314	73.638542	Bb4	70	44	310	84.223321	Bb4	70	45	
315	73.640625	F#5	78	44	311	84.223321	F#5	78	45	
316	74.797917	G#2	44	47	313	85.212331	G#2	44	45	
317	74.800000	G#1	32	47	314	85.212331	G#1	32	45	
318	75.402083	F#3	54	48	315	86.258842	F#3	54	31	
319	75.428125	F#5	78	57	317	86.258842	F#5	78	46	
320	75.442708	F#4	66	45	316	86.258842	F#4	66	46	
321	75.880208	G#3	56	53	321	86.814397	G#3	56	32	
322	75.884375	Eb4	63	52	320	86.814397	Eb4	63	32	
323	75.894792	C4	60	50	322	86.814397	C4	60	32	
324	75.896875	G#5	80	76	319	86.814397	G#5	80	47	
325	75.905208	Eb5	75	57	318	86.814397	Eb5	75	47	
326	75.921875	G#4	68	47	323	86.814397	G#4	68	47	
327	76.285417	C4	60	55	324	87.242968	C4	60	33	
328	76.285417	C6	84	79	326	87.242968	C6	84	48	
329	76.303125	C5	72	59	325	87.242968	C5	72	48	
330	76.714583	Eb4	63	43	328	87.778682	Eb4	63	34	
331	76.723958	F#4	66	36	327	87.778682	F#4	66	34	
332	76.732292	Bb5	82	69	331	87.778682	Bb5	82	49	
333	76.734375	Bb3	58	34	330	87.778682	Bb3	58	34	
334	76.743750	F#5	78	52	332	87.778682	F#5	78	49	
335	76.761458	Bb4	70	43	329	87.778682	Bb4	70	49	
336	77.230208	F#5	78	53	333	88.421539	F#5	78	50	
337	77.242708	F#3	54	40	334	88.421539	F#3	54	35	
338	77.275000	F#4	66	37	335	88.421539	F#4	66	50	
339	77.827083	A2	45	52	337	89.270595	A2	45	45	
340	77.838542	A1	33	50	336	89.270595	A1	33	45	
341	78.331250	F#5	78	45	341	90.270595	F#5	78	52	
342	78.338542	F#3	54	48	339	90.270595	F#3	54	37	
343	78.346875	F#4	66	34	344	90.270595	F#4	66	52	
344	78.359375	Eb5	75	36	343	90.270595	Eb5	75	52	
345	78.360417	C4	60	37	342	90.270595	C4	60	37	
346	78.368750	Eb4	63	40	338	90.270595	Eb4	63	37	
347	78.368750	C5	72	28	340	90.270595	C5	72	52	
348	78.677083	F#5	78	57	347	90.561857	F#5	78	53	
349	78.697917	F#3	54	40	351	90.561857	F#3	54	38	
350	78.702083	C4	60	44	350	90.561857	C4	60	38	
351	78.702083	Eb5	75	45	346	90.561857	Eb5	75	53	
352	78.709375	F#4	66	40	348	90.561857	F#4	66	53	
353	78.714583	Eb4	63	37	345	90.561857	Eb4	63	38	
354	78.735417	C5	72	38	349	90.561857	C5	72	53	
355	78.971875	F#3	54	47	353	90.853119	F#3	54	39	
356	78.971875	Eb4	63	47	356	90.853119	Eb4	63	39	
357	78.971875	F#5	78	66	355	90.853119	F#5	78	54	
358	78.982292	F#4	66	50	358	90.853119	F#4	66	54	
359	78.985417	C4	60	39	357	90.853119	C4	60	39	
360	78.992708	C5	72	43	354	90.853119	C5	72	54	
361	79.013542	Eb5	75	36	352	90.853119	Eb5	75	54	
362	79.222917	F#5	78	71	364	91.144381	F#5	78	55	
363	79.225000	F#4	66	56	363	91.144381	F#4	66	55	
364	79.230208	F#3	54	41	362	91.144381	F#3	54	40	
365	79.230208	C4	60	47	360	91.144381	C4	60	40	
366	79.242708	Eb5	75	38	365	91.144381	Eb5	75	55	
367	79.250000	Eb4	63	31	359	91.144381	Eb4	63	40	
368	79.265625	C5	72	40	361	91.144381	C5	72	55	
369	79.484375	G#5	80	72	371	91.435643	G#5	80	56	
370	79.493750	G#3	56	53	366	91.435643	G#3	56	41	
371	79.493750	Eb4	63	43	370	91.435643	Eb4	63	41	
372	79.497917	C4	60	46	369	91.435643	C4	60	41	
373	79.503125	C5	72	48	367	91.435643	C5	72	56	
374	79.504167	Eb5	75	44	372	91.435643	Eb5	75	56	
375	79.510417	G#4	68	56	368	91.435643	G#4	68	56	
376	79.859375	Eb5	75	51	374	91.726905	Eb5	75	57	
377	79.859375	F#5	78	62	377	91.726905	F#5	78	57	
378	79.863542	C4	60	46	378	91.726905	C4	60	42	
379	79.868750	C5	72	50	375	91.726905	C5	72	57	
380	79.872917	F#3	54	47	373	91.726905	F#3	54	42	
381	79.872917	Eb4	63	45	376	91.726905	Eb4	63	42	
382	79.879167	F#4	66	46	379	91.726905	F#4	66	57	
383	80.962500	Bb1	34	56	380	93.070188	Bb1	34	45	
384	80.968750	Bb2	46	55	381	93.070188	Bb2	46	45	
385	81.544792	C#4	61	56	387	94.116699	C#4	61	46	
386	81.551042	F#3	54	45	383	94.116699	F#3	54	46	
387	81.577083	Bb3	58	45	386	94.116699	Bb3	58	46	
388	81.577083	F#5	78	70	385	94.116699	F#5	78	62	
389	81.587500	C#5	73	65	384	94.116699	C#5	73	60	
390	81.603125	F#4	66	50	382	94.116699	F#4	66	62	
391	82.018750	G#3	56	67	388	94.672254	G#3	56	48	
392	82.020833	G#5	80	73	390	94.672254	G#5	80	64	
393	82.025000	G#4	68	72	389	94.672254	G#4	68	64	
394	82.428125	C#5	73	77	391	95.100825	C#5	73	66	
395	82.431250	C#6	85	79	393	95.100825	C#6	85	66	
396	82.435417	C#4	61	68	392	95.100825	C#4	61	50	
397	82.829167	F#4	66	68	397	95.636539	F#4	66	52	
398	82.841667	C#4	61	57	395	95.636539	C#4	61	52	
399	82.858333	Bb3	58	48	399	95.636539	Bb3	58	52	
400	82.876042	Bb5	82	84	394	95.636539	Bb5	82	68	
401	82.894792	Bb4	70	66	396	95.636539	Bb4	70	68	
402	82.905208	F#5	78	64	398	95.636539	F#5	78	60	
403	83.318750	F#5	78	69	400	96.279395	F#5	78	70	
404	83.329167	F#3	54	57	401	96.279395	F#3	54	54	
405	83.331250	F#4	66	65	402	96.279395	F#4	66	70	
406	83.872917	C2	36	72	403	97.128451	C2	36	60	
407	83.876042	C3	48	71	404	97.128451	C3	48	60	
408	84.360417	F#3	54	55	407	98.128451	F#3	54	57	
409	84.360417	Eb4	63	58	408	98.128451	Eb4	63	57	
410	84.364583	F#5	78	74	405	98.128451	F#5	78	73	
411	84.369792	Bb3	58	48	406	98.128451	Bb3	58	57	
412	84.380208	F#4	66	47	411	98.128451	F#4	66	73	
413	84.393750	Bb4	70	48	409	98.128451	Bb4	70	73	
414	84.396875	Eb5	75	45	410	98.128451	Eb5	75	73	
415	84.687500	Bb3	58	61	413	98.419713	Bb3	58	58	
416	84.704167	Eb4	63	61	414	98.419713	Eb4	63	58	
417	84.707292	F#3	54	56	412	98.419713	F#3	54	58	
418	84.712500	F#5	78	75	416	98.419713	F#5	78	74	
419	84.721875	F#4	66	62	418	98.419713	F#4	66	74	
420	84.732292	Eb5	75	57	417	98.419713	Eb5	75	74	
421	84.734375	Bb4	70	61	415	98.419713	Bb4	70	74	
422	84.963542	Bb3	58	62	423	98.710975	Bb3	58	59	
423	84.968750	Eb4	63	66	421	98.710975	Eb4	63	59	
424	84.971875	F#3	54	52	422	98.710975	F#3	54	59	
425	84.979167	F#5	78	82	420	98.710975	F#5	78	75	
426	84.985417	F#4	66	68	419	98.710975	F#4	66	75	
427	85.006250	Eb5	75	59	425	98.710975	Eb5	75	75	
428	85.009375	Bb4	70	67	424	98.710975	Bb4	70	75	
429	85.209375	Eb4	63	68	426	99.002237	Eb4	63	60	
430	85.216667	F#5	78	82	428	99.002237	F#5	78	76	
431	85.217708	Bb3	58	64	432	99.002237	Bb3	58	60	
432	85.219792	F#3	54	63	430	99.002237	F#3	54	60	
433	85.229167	F#4	66	71	431	99.002237	F#4	66	76	
434	85.238542	Eb5	75	65	427	99.002237	Eb5	75	76	
435	85.242708	Bb4	70	71	429	99.002237	Bb4	70	76	
436	85.475000	G#5	80	88	437	99.293499	G#5	80	77	
437	85.479167	C4	60	67	433	99.293499	C4	60	61	
438	85.480208	G#3	56	64	435	99.293499	G#3	56	61	
439	85.484375	F4	65	72	439	99.293499	F4	65	61	
440	85.490625	G#4	68	72	438	99.293499	G#4	68	77	
441	85.492708	F5	77	67	436	99.293499	F5	77	77	
442	85.495833	C5	72	65	434	99.293499	C5	72	77	
443	85.857292	Eb4	63	68	440	99.584761	Eb4	63	62	
444	85.862500	Bb3	58	62	443	99.584761	Bb3	58	62	
445	85.862500	F#5	78	86	446	99.584761	F#5	78	78	
446	85.873958	F#4	66	66	444	99.584761	F#4	66	78	
447	85.876042	F#3	54	60	442	99.584761	F#3	54	62	
448	85.878125	Eb5	75	66	441	99.584761	Eb5	75	78	
449	85.881250	Bb4	70	68	445	99.584761	Bb4	70	78	
450	87.006250	C#3	49	72	448	100.928044	C#3	49	75	
451	87.009375	C#2	37	69	447	100.928044	C#2	37	75	
452	87.531250	C#4	61	70	455	101.974555	C#4	61	68	
453	87.541667	F#3	54	58	454	101.974555	F#3	54	68	
454	87.545833	Bb3	58	61	451	101.974555	Bb3	58	68	
455	87.650000	F#5	78	86	453	101.974555	F#5	78	84	
456	87.654167	F#4	66	73	452	101.974555	F#4	66	84	
457	87.662500	C#5	73	70	450	101.974555	C#5	73	60	
458	87.672917	Bb4	70	65	449	101.974555	Bb4	70	60	
459	88.061458	G#3	56	79	456	102.530110	G#3	56	70	
460	88.079167	G#5	80	90	458	102.530110	G#5	80	86	
461	88.088542	G#4	68	84	457	102.530110	G#4	68	86	
462	88.452083	Eb6	87	93	460	102.958681	Eb6	87	88	
463	88.454167	Eb4	63	73	461	102.958681	Eb4	63	72	
464	88.457292	Eb5	75	86	459	102.958681	Eb5	75	88	
465	88.823958	Bb4	70	77	462	103.494395	Bb4	70	74	
466	88.837500	F#4	66	70	466	103.494395	F#4	66	74	
467	88.848958	C#4	61	67	468	103.494395	C#4	61	74	
468	88.905208	C#6	85	88	465	103.494395	C#6	85	90	
469	88.910417	C#5	73	80	467	103.494395	C#5	73	90	
470	88.916667	Bb5	82	71	463	103.494395	Bb5	82	60	
471	88.928125	F#5	78	62	464	103.494395	F#5	78	60	
472	89.343750	Bb3	58	61	469	104.137252	Bb3	58	76	
473	89.347917	Bb5	82	90	471	104.137252	Bb5	82	92	
474	89.354167	Bb4	70	76	470	104.137252	Bb4	70	92	
475	89.900000	Bb2	46	38	*	-1	*	-1	-1	
476	89.927083	Eb2	39	73	473	104.986308	Eb2	39	92	
477	89.938542	Eb3	51	74	472	104.986308	Eb3	51	92	
478	90.495833	Bb3	58	61	478	105.986308	Bb3	58	79	
479	90.501042	F#4	66	64	479	105.986308	F#4	66	79	
480	90.513542	C#4	61	59	477	105.986308	C#4	61	79	
481	90.540625	Bb5	82	81	476	105.986308	Bb5	82	95	
482	90.545833	Bb4	70	71	474	105.986308	Bb4	70	95	
483	90.562500	F#5	78	65	475	105.986308	F#5	78	95	
484	90.906250	Bb5	82	83	484	106.361308	Bb5	82	96	
485	90.907292	Bb3	58	59	481	106.361308	Bb3	58	80	
486	90.907292	C#4	61	61	485	106.361308	C#4	61	80	
487	90.911458	F#4	66	68	480	106.361308	F#4	66	80	
488	90.915625	Bb4	70	72	482	106.361308	Bb4	70	96	
489	90.930208	F#5	78	68	483	106.361308	F#5	78	96	
490	91.169792	F#4	66	70	489	106.714249	F#4	66	81	
491	91.172917	Bb5	82	90	487	106.714249	Bb5	82	97	
492	91.177083	C#4	61	67	490	106.714249	C#4	61	81	
493	91.177083	Bb4	70	76	491	106.714249	Bb4	70	97	
494	91.181250	F#5	78	75	488	106.714249	F#5	78	97	
495	91.182292	Bb3	58	60	486	106.714249	Bb3	58	81	
496	91.405208	F#4	66	77	496	107.047582	F#4	66	82	
497	91.411458	Bb5	82	91	493	107.047582	Bb5	82	98	
498	91.412500	Bb3	58	65	492	107.047582	Bb3	58	82	
499	91.414583	Bb4	70	86	495	107.047582	Bb4	70	98	
500	91.416667	C#4	61	67	494	107.047582	C#4	61	82	
501	91.428125	F#5	78	76	497	107.047582	F#5	78	98	
502	91.641667	G#4	68	83	502	107.363371	G#4	68	84	
503	91.650000	C4	60	76	501	107.363371	C4	60	84	
504	91.655208	Eb4	63	71	503	107.363371	Eb4	63	84	
505	91.657292	C6	84	95	500	107.363371	C6	84	100	
506	91.661458	G#5	80	80	498	107.363371	G#5	80	100	
507	91.662500	C5	72	85	499	107.363371	C5	72	100	
508	91.948958	Bb3	58	75	505	107.663371	Bb3	58	86	
509	91.953125	F#4	66	81	509	107.663371	F#4	66	86	
510	91.958333	C#4	61	70	504	107.663371	C#4	61	86	
511	91.958333	Bb5	82	96	508	107.663371	Bb5	82	102	
512	91.961458	Bb4	70	86	506	107.663371	Bb4	70	102	
513	91.978125	F#5	78	75	507	107.663371	F#5	78	102	
514	92.233333	C#4	61	74	515	107.963371	C#4	61	88	
515	92.234375	Bb4	70	76	513	107.963371	Bb4	70	88	
516	92.237500	F#4	66	76	510	107.963371	F#4	66	88	
517	92.245833	C#6	85	94	512	107.963371	C#6	85	104	
518	92.256250	C#5	73	84	511	107.963371	C#5	73	104	
519	92.266667	Bb5	82	81	514	107.963371	Bb5	82	104	
520	92.591667	Bb4	70	81	521	108.296704	Bb4	70	90	
521	92.597917	Eb4	63	77	517	108.296704	Eb4	63	90	
522	92.598958	F#4	66	78	520	108.296704	F#4	66	90	
523	92.626042	Eb6	87	93	518	108.296704	Eb6	87	106	
524	92.639583	Eb5	75	76	519	108.296704	Eb5	75	106	
525	92.640625	Bb5	82	79	516	108.296704	Bb5	82	106	
526	92.971875	F4	65	79	523	108.671704	F4	65	92	
527	93.046875	G#4	68	81	525	108.755037	G#4	68	92	
528	93.122917	C#5	73	87	526	108.838371	C#5	73	92	
529	93.195833	F5	77	82	528	108.921704	F5	77	92	
530	93.266667	G#5	80	87	522	108.671704	G#5	80	92	
531	93.338542	C#6	85	86	524	108.755037	C#6	85	92	
532	93.458333	G#6	92	93	527	108.838371	G#6	92	92	
533	94.868750	E4	64	62	*	-1	*	-1	-1	
534	94.946875	G#4	68	73	531	110.546704	G#4	68	60	
535	95.034375	Bb4	70	77	533	110.671704	Bb4	70	60	
536	95.076042	C#5	73	84	535	110.796704	C#5	73	60	
537	95.148958	E5	76	83	536	110.921704	E5	76	60	
538	95.191667	G#5	80	89	*	-1	*	-1	-1	
539	95.302083	C#6	85	89	532	110.588371	C#6	85	60	
540	95.485417	G#6	92	91	534	110.755037	G#6	92	60	
541	96.185417	Eb4	63	64	*	-1	*	-1	-1	
542	96.244792	F#4	66	58	*	-1	*	-1	-1	
543	96.317708	G#4	68	73	*	-1	*	-1	-1	
544	96.412500	C#5	73	70	543	112.327954	C#5	73	45	
545	96.475000	Eb5	75	62	*	-1	*	-1	-1	
546	96.535417	G#5	80	69	*	-1	*	-1	-1	
547	96.645833	C#6	85	74	*	-1	*	-1	-1	
548	96.943750	G#6	92	77	542	112.296704	G#6	92	45	
549	99.208333	G#3	56	46	546	114.171704	G#3	56	45	
550	99.350000	Eb4	63	48	548	114.338371	Eb4	63	45	
551	99.483333	F#4	66	37	549	114.505037	F#4	66	45	
552	99.591667	C5	72	36	*	-1	*	-1	-1	
553	99.706250	G#4	68	48	*	-1	*	-1	-1	
554	99.855208	Eb5	75	43	547	114.338371	Eb5	75	45	
555	100.280208	G#5	80	53	550	114.505037	G#5	80	45	
556	103.588542	C#2	37	42	552	117.671704	C#2	37	60	
557	103.719792	G#4	68	60	554	117.671704	G#4	68	60	
558	103.739583	F4	65	52	553	117.671704	F4	65	60	
559	104.139583	G#2	44	37	555	117.838370	G#2	44	45	
560	104.353125	C#3	49	35	556	118.005037	C#3	49	45	
561	104.487500	F3	53	40	557	118.171703	F3	53	45	
562	104.651042	G#3	56	38	558	118.338370	G#3	56	45	
563	104.792708	C#4	61	35	559	118.505036	C#4	61	45	
564	104.926042	F2	41	49	560	118.671703	F2	41	60	
565	105.128125	C3	48	36	561	118.838369	C3	48	45	
566	105.266667	F3	53	37	562	119.005036	F3	53	45	
567	105.409375	G#3	56	48	563	119.171702	G#3	56	45	
568	105.570833	C4	60	42	564	119.338369	C4	60	45	
569	105.708333	F4	65	53	565	119.505035	F4	65	45	
570	105.884375	G#2	44	55	567	119.671702	G#2	44	60	
571	105.958333	B4	71	57	568	119.671702	B4	71	60	
572	105.959375	G#4	68	56	566	119.671702	G#4	68	60	
573	106.182292	E3	52	37	569	119.838368	E3	52	45	
574	106.346875	G#3	56	48	570	120.005035	G#3	56	45	
575	106.505208	B3	59	34	571	120.171701	B3	59	45	
576	106.743750	C#5	73	66	573	120.338368	C#5	73	60	
577	106.745833	E4	64	51	572	120.338368	E4	64	45	
578	106.932292	G#4	68	59	574	120.505034	G#4	68	45	
579	107.143750	C#2	37	48	576	120.671701	C#2	37	60	
580	107.238542	G#4	68	66	577	120.671701	G#4	68	60	
581	107.250000	F4	65	62	575	120.671701	F4	65	60	
582	107.468750	G#2	44	39	578	120.838367	G#2	44	45	
583	107.646875	C#3	49	40	579	121.005034	C#3	49	45	
584	107.801042	F3	53	40	580	121.171700	F3	53	45	
585	107.959375	G#3	56	41	581	121.338367	G#3	56	45	
586	108.093750	C#4	61	50	582	121.505033	C#4	61	45	
587	108.213542	F2	41	46	583	121.671700	F2	41	60	
588	108.388542	C3	48	44	584	121.838366	C3	48	45	
589	108.521875	F3	53	43	585	122.005033	F3	53	45	
590	108.662500	G#3	56	40	586	122.171699	G#3	56	45	
591	108.816667	C4	60	56	587	122.338366	C4	60	45	
592	108.952083	F4	65	58	588	122.505032	F4	65	45	
593	109.117708	G#2	44	53	589	122.671699	G#2	44	60	
594	109.146875	B4	71	51	591	122.671699	B4	71	60	
595	109.159375	G#4	68	53	590	122.671699	G#4	68	60	
596	109.188542	A4	69	35	*	-1	*	-1	-1	
597	109.311458	E3	52	40	592	122.838365	E3	52	45	
598	109.454167	G#3	56	54	593	123.005032	G#3	56	45	
599	109.641667	B3	59	48	594	123.171698	B3	59	45	
600	109.836458	G#4	68	65	595	123.338365	G#4	68	60	
601	110.032292	E4	64	56	597	123.505031	E4	64	45	
602	110.221875	C#2	37	49	598	123.671698	C#2	37	45	
603	110.363542	C#5	73	67	600	123.671698	C#5	73	60	
604	110.386458	F4	65	46	599	123.671698	F4	65	60	
605	110.530208	G#2	44	37	601	123.838364	G#2	44	45	
606	110.719792	C#3	49	26	602	124.005031	C#3	49	45	
607	110.837500	F3	53	41	603	124.171697	F3	53	45	
608	110.997917	G#3	56	50	604	124.338364	G#3	56	46	
609	111.005208	Eb5	75	68	606	124.338364	Eb5	75	63	
610	111.013542	G#4	68	63	605	124.338364	G#4	68	63	
611	111.138542	C#4	61	50	607	124.505030	C#4	61	47	
612	111.289583	F4	65	53	609	124.671697	F4	65	48	
613	111.310417	F5	77	70	608	124.671697	F5	77	64	
614	111.315625	C#5	73	59	610	124.671697	C#5	73	64	
615	111.442708	G#4	68	52	611	124.838363	G#4	68	49	
616	111.589583	F4	65	58	612	125.005030	F4	65	50	
617	111.732292	C#4	61	55	613	125.171696	C#4	61	51	
618	111.864583	G#3	56	55	614	125.338363	G#3	56	52	
619	111.995833	F3	53	60	615	125.505029	F3	53	53	
620	112.129167	C#5	73	78	617	125.671696	C#5	73	69	
621	112.141667	G#3	56	65	616	125.671696	G#3	56	54	
622	112.146875	F4	65	71	618	125.671696	F4	65	69	
623	112.301042	F3	53	49	619	125.838362	F3	53	55	
624	112.420833	C#3	49	55	620	126.005029	C#3	49	56	
625	112.552083	G#2	44	51	621	126.171695	G#2	44	57	
626	112.714583	F5	77	77	624	126.338362	F5	77	73	
627	112.722917	C#3	49	60	622	126.338362	C#3	49	58	
628	112.733333	C#5	73	68	623	126.338362	C#5	73	73	
629	112.867708	G#2	44	55	625	126.505028	G#2	44	59	
630	113.053125	Eb2	39	65	627	126.671695	Eb2	39	45	
631	113.082292	G5	79	82	626	126.671695	G5	79	75	
632	113.091667	Eb5	75	61	628	126.671695	Eb5	75	75	
633	113.266667	Bb2	46	49	629	126.838361	Bb2	46	45	
634	113.409375	F5	77	71	630	127.005028	F5	77	75	
635	113.420833	Eb3	51	54	632	127.005028	Eb3	51	45	
636	113.427083	C#5	73	69	631	127.005028	C#5	73	75	
637	113.557292	G3	55	43	633	127.171694	G3	55	45	
638	113.682292	Bb3	58	55	634	127.338361	Bb3	58	45	
639	113.697917	C#5	73	71	635	127.338361	C#5	73	75	
640	113.701042	Bb4	70	68	636	127.338361	Bb4	70	75	
641	113.846875	Eb4	63	53	637	127.505027	Eb4	63	45	
642	113.994792	G4	67	66	640	127.671694	G4	67	60	
643	114.010417	C#5	73	68	639	127.671694	C#5	73	75	
644	114.026042	Bb4	70	56	638	127.671694	Bb4	70	75	
645	114.143750	Eb4	63	54	641	127.838360	Eb4	63	45	
646	114.286458	Bb3	58	57	643	128.005027	Bb3	58	45	
647	114.295833	F4	65	60	642	128.005027	F4	65	60	
648	114.453125	G3	55	42	644	128.171693	G3	55	45	
649	114.581250	C#4	61	62	646	128.338360	C#4	61	60	
650	114.685417	Bb2	46	54	647	128.505026	Bb2	46	45	
651	114.886458	Eb2	39	53	649	128.671693	Eb2	39	45	
652	114.891667	C#4	61	61	648	128.671693	C#4	61	60	
653	115.062500	Bb2	46	44	650	128.838359	Bb2	46	45	
654	115.213542	Eb3	51	40	651	129.005026	Eb3	51	45	
655	115.347917	G3	55	44	653	129.171692	G3	55	45	
656	115.358333	Bb3	58	60	652	129.171692	Bb3	58	60	
657	115.520833	Eb3	51	47	654	129.338359	Eb3	51	45	
658	115.708333	Bb2	46	24	655	129.505025	Bb2	46	45	
659	115.947917	G#2	44	57	657	129.671692	G#2	44	45	
660	116.020833	Bb4	70	70	656	129.671692	Bb4	70	75	
661	116.238542	Eb3	51	45	658	129.838358	Eb3	51	45	
662	116.390625	F#3	54	45	659	130.005025	F#3	54	45	
663	116.515625	Bb3	58	40	660	130.171691	Bb3	58	45	
664	116.660417	C4	60	50	661	130.338358	C4	60	45	
665	116.807292	F#4	66	52	662	130.505024	F#4	66	45	
666	116.948958	F#2	42	53	663	130.671691	F#2	42	45	
667	117.104167	C#3	49	46	664	130.838357	C#3	49	45	
668	117.248958	F#3	54	50	665	131.005024	F#3	54	45	
669	117.365625	Bb3	58	50	666	131.171690	Bb3	58	45	
670	117.501042	C#4	61	62	667	131.338357	C#4	61	45	
671	117.628125	F#4	66	65	668	131.505023	F#4	66	45	
672	117.782292	F2	41	56	670	131.671690	F2	41	45	
673	117.790625	C5	72	77	669	131.671690	C5	72	75	
674	117.957292	C3	48	43	671	131.838356	C3	48	45	
675	118.096875	F3	53	45	672	132.005023	F3	53	45	
676	118.253125	G#3	56	52	673	132.171689	G#3	56	45	
677	118.436458	F5	77	71	675	132.338356	F5	77	75	
678	118.446875	G#4	68	66	676	132.338356	G#4	68	45	
679	118.452083	C4	60	35	674	132.338356	C4	60	45	
680	118.615625	F4	65	35	677	132.505022	F4	65	45	
681	118.766667	G#2	44	51	679	132.671689	G#2	44	45	
682	118.858333	Bb4	70	68	678	132.671689	Bb4	70	75	
683	119.032292	Eb3	51	39	680	132.838355	Eb3	51	45	
684	119.198958	F#3	54	38	681	133.005022	F#3	54	45	
685	119.339583	Bb3	58	34	682	133.171688	Bb3	58	45	
686	119.489583	C4	60	40	683	133.338355	C4	60	45	
687	119.635417	F#4	66	31	684	133.505021	F#4	66	45	
688	119.758333	F#2	42	52	685	133.671688	F#2	42	45	
689	119.925000	C#3	49	48	686	133.838354	C#3	49	45	
690	120.063542	F#3	54	49	687	134.005021	F#3	54	45	
691	120.190625	Bb3	58	53	688	134.171687	Bb3	58	45	
692	120.322917	C#4	61	64	689	134.338354	C#4	61	45	
693	120.446875	F#4	66	63	690	134.505020	F#4	66	45	
694	120.597917	F2	41	56	692	134.671687	F2	41	45	
695	120.603125	C5	72	78	691	134.671687	C5	72	75	
696	120.765625	C3	48	58	693	134.838353	C3	48	45	
697	120.935417	F3	53	41	694	135.005020	F3	53	45	
698	121.256250	C4	60	39	697	135.338353	C4	60	45	
699	121.258333	F5	77	76	696	135.338353	F5	77	75	
700	121.265625	G#4	68	77	698	135.338353	G#4	68	45	
701	121.414583	F4	65	59	699	135.505019	F4	65	45	
702	121.609375	Eb2	39	54	700	135.671686	Eb2	39	45	
703	121.717708	F#5	78	72	701	135.671686	F#5	78	75	
704	121.926042	Bb2	46	40	702	135.838352	Bb2	46	45	
705	122.025000	Eb3	51	55	703	136.005019	Eb3	51	45	
706	122.193750	F#3	54	74	704	136.171685	F#3	54	45	
707	122.355208	Bb3	58	57	705	136.338352	Bb3	58	45	
708	122.504167	Eb4	63	66	706	136.505018	Eb4	63	45	
709	122.759375	F#4	66	72	707	136.671685	F#4	66	60	
710	122.938542	F#4	66	45	708	136.838351	F#4	66	45	
711	123.077083	Bb4	70	51	709	137.005018	Bb4	70	45	
712	123.217708	F5	77	80	710	137.171684	F5	77	75	
713	123.228125	F4	65	66	711	137.171684	F4	65	60	
714	123.364583	F#4	66	61	712	137.338351	F#4	66	45	
715	123.475000	Bb4	70	66	713	137.505017	Bb4	70	45	
716	123.625000	D4	62	65	714	137.671684	D4	62	60	
717	123.630208	D5	74	83	715	137.671684	D5	74	75	
718	123.789583	F#4	66	56	716	137.838350	F#4	66	45	
719	123.927083	Bb4	70	65	717	138.005017	Bb4	70	45	
720	124.086458	Eb4	63	70	719	138.171683	Eb4	63	60	
721	124.102083	Eb5	75	77	718	138.171683	Eb5	75	75	
722	124.247917	F#4	66	48	720	138.338350	F#4	66	45	
723	124.395833	Bb4	70	61	721	138.505016	Bb4	70	45	
724	124.584375	D4	62	49	722	138.671683	D4	62	45	
725	124.681250	Bb5	82	73	723	138.671683	Bb5	82	75	
726	124.935417	F#4	66	38	724	138.838349	F#4	66	45	
727	125.070833	Bb4	70	49	725	139.005016	Bb4	70	45	
728	125.248958	Bb4	70	37	726	139.171682	Bb4	70	45	
729	125.355208	F#5	78	51	727	139.338349	F#5	78	45	
730	125.494792	Bb5	82	53	728	139.505015	Bb5	82	45	
731	125.654167	Eb4	63	47	729	139.671682	Eb4	63	45	
732	125.828125	F#4	66	40	730	139.838348	F#4	66	45	
733	125.995833	Bb4	70	41	731	140.005015	Bb4	70	45	
734	126.169792	Bb4	70	33	732	140.171681	Bb4	70	45	
735	126.310417	F#5	78	46	733	140.338348	F#5	78	45	
736	126.480208	Bb5	82	52	734	140.505014	Bb5	82	45	
737	126.665625	G#3	56	35	737	140.671681	G#3	56	45	
738	126.670833	C4	60	41	736	140.671681	C4	60	45	
739	126.780208	G#5	80	61	735	140.671681	G#5	80	75	
740	127.036458	E4	64	40	738	140.838347	E4	64	45	
741	127.266667	G#4	68	47	739	141.005014	G#4	68	45	
742	127.462500	C5	72	35	740	141.171680	C5	72	45	
743	127.759375	E5	76	44	741	141.338347	E5	76	45	
744	128.036458	G#5	80	53	742	141.505013	G#5	80	45	
745	128.391667	C#3	49	45	744	141.671680	C#3	49	45	
746	128.523958	G#5	80	57	745	141.671680	G#5	80	75	
747	128.532292	F5	77	51	743	141.671680	F5	77	75	
748	128.813542	G#3	56	39	746	141.838346	G#3	56	45	
749	128.988542	C#4	61	42	747	142.005013	C#4	61	45	
750	129.123958	F4	65	42	748	142.171679	F4	65	45	
751	129.255208	G#4	68	44	749	142.338346	G#4	68	45	
752	129.388542	C#5	73	41	750	142.505012	C#5	73	45	
753	129.555208	G#3	56	50	752	142.671679	G#3	56	45	
754	129.725000	C4	60	43	753	142.838345	C4	60	45	
755	129.869792	F4	65	49	754	143.005012	F4	65	45	
756	129.998958	G#4	68	61	755	143.171678	G#4	68	45	
757	130.145833	C5	72	50	756	143.338345	C5	72	45	
758	130.276042	F5	77	60	757	143.505011	F5	77	45	
759	130.428125	G#3	56	49	761	143.671678	G#3	56	45	
760	130.428125	C4	60	54	760	143.671678	B3	59	45	
761	130.463542	B5	83	78	758	143.671678	B5	83	75	
762	130.475000	G#5	80	70	759	143.671678	G#5	80	75	
763	130.645833	F4	65	51	762	143.838344	E4	64	45	
764	130.820833	G#4	68	47	763	144.005011	G#4	68	45	
765	130.864583	B4	71	58	764	144.171677	B4	71	45	
766	131.103125	C#6	85	81	766	144.338344	C#6	85	75	
767	131.104167	E5	76	51	765	144.338344	E5	76	45	
768	131.270833	G#5	80	68	767	144.505010	G#5	80	45	
769	131.475000	C#3	49	54	769	144.671677	C#3	49	45	
770	131.536458	G#5	80	69	768	144.671677	G#5	80	75	
771	131.562500	F5	77	58	770	144.671677	F5	77	75	
772	131.775000	G#3	56	44	771	144.838343	G#3	56	45	
773	131.884375	F5	77	25	*	-1	*	-1	-1	
774	131.919792	C#4	61	54	772	145.005010	C#4	61	45	
775	132.066667	F4	65	34	773	145.171676	F4	65	45	
776	132.172917	G#4	68	49	774	145.338343	G#4	68	45	
777	132.284375	C#5	73	57	775	145.505009	C#5	73	45	
778	132.428125	G#3	56	59	777	145.671676	G#3	56	45	
779	132.462500	F3	53	37	776	145.671676	F3	53	45	
780	132.568750	C4	60	56	778	145.838342	C4	60	45	
781	132.732292	F4	65	48	779	146.005009	F4	65	45	
782	132.847917	G#4	68	72	780	146.171675	G#4	68	45	
783	132.993750	C5	72	62	781	146.338342	C5	72	45	
784	133.096875	F5	77	65	782	146.505008	F5	77	45	
785	133.237500	G#3	56	60	783	146.671675	G#3	56	45	
786	133.248958	G#5	80	71	784	146.671675	G#5	80	75	
787	133.255208	B5	83	82	786	146.671675	B5	83	75	
788	133.256250	B3	59	60	785	146.671675	B3	59	45	
789	133.402083	E4	64	51	787	146.838341	E4	64	45	
790	133.556250	G#4	68	54	788	147.005008	G#4	68	45	
791	133.688542	B4	71	41	789	147.171674	B4	71	45	
792	133.865625	G#5	80	70	790	147.338341	G#5	80	75	
793	134.050000	E5	76	45	792	147.505007	E5	76	45	
794	134.204167	B3	59	40	794	147.671674	B3	59	45	
795	134.242708	C#4	61	49	793	147.671674	C#4	61	45	
796	134.269792	C#6	85	65	795	147.671674	C#6	85	75	
797	134.435417	E4	64	44	796	147.838340	E4	64	45	
798	134.603125	G#4	68	49	797	148.003786	G#4	68	45	
799	134.704167	B4	71	38	799	148.168061	B4	71	45	
800	134.765625	C#5	73	60	798	148.168061	C#5	73	46	
801	134.864583	G#5	80	73	800	148.331104	G#5	80	77	
802	134.980208	E5	76	59	801	148.492468	E5	76	46	
803	135.105208	C#4	61	63	804	148.652721	C#4	61	48	
804	135.126042	E6	88	80	803	148.652721	E6	88	78	
805	135.164583	E4	64	51	802	148.652721	E4	64	46	
806	135.255208	G#4	68	70	805	148.811875	G#4	68	46	
807	135.398958	B4	71	54	806	148.969770	B4	71	46	
808	135.483333	C#5	73	60	808	149.126157	C#5	73	46	
809	135.523958	E5	76	63	807	149.126157	E5	76	47	
810	135.626042	C#6	85	79	809	149.281501	C#6	85	80	
811	135.776042	G#5	80	55	810	149.435811	G#5	80	47	
812	135.875000	E4	64	58	811	149.588872	E4	64	51	
813	135.898958	G#6	92	84	813	149.588872	G#6	92	81	
814	135.904167	G#4	68	58	812	149.588872	G#4	68	47	
815	136.047917	B4	71	56	814	149.740612	B4	71	47	
816	136.178125	C#5	73	42	815	149.891370	C#5	73	47	
817	136.255208	E5	76	45	817	150.041122	E5	76	47	
818	136.286458	G#5	80	65	816	150.041122	G#5	80	49	
819	136.407292	E6	88	75	818	150.189637	E6	88	83	
820	136.520833	B5	83	60	819	150.336969	B5	83	49	
821	136.638542	G#4	68	66	820	150.483373	G#4	68	54	
822	136.665625	G#6	92	78	821	150.483373	G#6	92	84	
823	136.810417	A4	69	55	822	150.628858	A4	69	49	
824	136.945833	C#5	73	56	823	150.773089	C#5	73	49	
825	137.066667	G#5	80	55	824	150.916290	G#5	80	51	
826	137.196875	C#6	85	68	825	151.058585	C#6	85	51	
827	137.326042	A5	81	63	826	151.200012	A5	81	51	
828	137.436458	F#4	66	54	828	151.340198	F#4	66	57	
829	137.456250	F#6	90	70	827	151.340198	F#6	90	88	
830	137.623958	A4	69	44	829	151.479466	A4	69	51	
831	137.770833	C#5	73	40	830	151.617903	C#5	73	51	
832	137.870833	F#5	78	41	831	151.755518	F#5	78	53	
833	137.990625	C#6	85	62	832	151.891881	C#6	85	53	
834	138.091667	A5	81	57	833	152.027426	A5	81	53	
835	138.232292	F#4	66	56	834	152.162184	F#4	66	53	
836	138.237500	F4	65	48	835	152.162184	F4	65	60	
837	138.338542	A4	69	54	836	152.296112	A4	69	53	
838	138.483333	C#5	73	39	837	152.428905	C#5	73	53	
839	138.598958	F#5	78	58	838	152.560945	F#5	78	55	
840	138.727083	C#6	85	70	839	152.692237	C#6	85	55	
841	138.850000	A5	81	64	840	152.822672	A5	81	56	
842	138.982292	E4	64	59	843	152.952076	E4	64	63	
843	138.993750	F#6	90	84	841	152.952076	F#6	90	96	
844	138.994792	F#4	66	65	842	152.952076	F#4	66	57	
845	139.128125	A4	69	57	844	153.080765	A4	69	58	
846	139.280208	C#5	73	45	845	153.208743	C#5	73	59	
847	139.405208	F#5	78	48	846	153.335862	F#5	78	60	
848	139.518750	C#6	85	68	847	153.462068	C#6	85	61	
849	139.629167	A5	81	63	848	153.587593	A5	81	62	
850	139.758333	Eb4	63	57	849	153.712421	Eb4	63	67	
851	139.777083	F#4	66	62	850	153.712421	F#4	66	63	
852	139.884375	A4	69	60	851	153.836387	A4	69	64	
853	140.010417	C#5	73	66	852	153.959529	C#5	73	65	
854	140.139583	F#5	78	71	853	154.082021	F#5	78	66	
855	140.260417	C#6	85	70	854	154.203870	C#6	85	67	
856	140.367708	A5	81	72	855	154.324837	A5	81	68	
857	140.489583	C#4	61	59	856	154.445079	C#4	61	71	
858	140.497917	A6	93	82	858	154.445079	A6	93	104	
859	140.578125	E4	64	48	857	154.445079	E4	64	69	
860	140.713542	A4	69	56	859	154.564682	A4	69	70	
861	140.836458	C#5	73	70	860	154.683671	C#5	73	71	
862	140.937500	E5	76	67	861	154.801781	E5	76	72	
863	141.011458	C#7	97	83	862	154.919238	C#7	97	106	
864	141.146875	C#6	85	77	863	155.036103	A5	81	74	
865	141.305208	B3	59	56	865	155.152382	B3	59	75	
866	141.389583	F#5	78	74	864	155.152382	F#5	78	108	
867	141.537500	Eb4	63	53	866	155.268140	Eb4	63	75	
868	141.661458	F#4	66	56	867	155.385349	F#4	66	75	
869	141.803125	F#4	66	65	868	155.504045	F#4	66	75	
870	141.905208	C#5	73	73	869	155.624448	C#5	73	75	
871	142.015625	A4	69	60	870	155.746423	A4	69	75	
872	142.148958	A3	57	78	871	155.870009	A3	57	75	
873	142.266667	C#4	61	73	872	155.995447	C#4	61	75	
874	142.386458	E4	64	69	873	156.122591	E4	64	75	
875	142.504167	F#4	66	78	874	156.251488	F#4	66	75	
876	142.617708	C#5	73	78	875	156.382399	C#5	73	75	
877	142.730208	A4	69	74	876	156.515171	A4	69	75	
878	142.854167	G#3	56	82	877	156.649854	G#3	56	75	
879	142.876042	A5	81	82	878	156.649854	A5	81	108	
880	143.004167	C#4	61	68	879	156.786739	C#4	61	75	
881	143.130208	E4	64	71	880	156.925659	E4	64	75	
882	143.245833	A4	69	72	881	157.066673	A4	69	75	
883	143.400000	C#6	85	90	883	157.210102	C#6	85	108	
884	143.409375	E5	76	80	882	157.210102	E5	76	75	
885	143.551042	A5	81	74	884	157.355768	A5	81	75	
886	143.708333	F#3	54	65	885	157.503706	F#3	54	75	
887	143.815625	E6	88	90	886	157.503706	E6	88	108	
888	143.834375	C#6	85	71	887	157.503706	C#6	85	108	
889	143.992708	C#4	61	61	888	157.653706	C#4	61	75	
890	144.130208	E4	64	51	891	157.803706	E4	64	75	
891	144.157292	Eb6	87	85	889	157.803706	Eb6	87	108	
892	144.161458	B5	83	78	890	157.803706	B5	83	108	
893	144.256250	F#4	66	57	892	157.953706	F#4	66	75	
894	144.380208	A4	69	64	895	158.103706	A4	69	75	
895	144.400000	A5	81	85	894	158.103706	A5	81	108	
896	144.401042	C#6	85	86	893	158.103706	C#6	85	108	
897	144.516667	C#5	73	71	896	158.253706	C#5	73	75	
898	144.638542	B5	83	79	898	158.403706	B5	83	108	
899	144.645833	E5	76	67	897	158.403706	E5	76	75	
900	144.646875	G#5	80	77	899	158.403706	G#5	80	108	
901	144.770833	F#5	78	70	900	158.553706	F#5	78	75	
902	144.901042	E5	76	69	901	158.703706	E5	76	75	
903	145.020833	A5	81	77	904	158.853706	A5	81	108	
904	145.026042	C#5	73	63	903	158.853706	C#5	73	75	
905	145.029167	F#5	78	62	902	158.853706	F#5	78	108	
906	145.156250	A4	69	52	905	159.003706	A4	69	75	
907	145.281250	F#4	66	56	906	159.153706	F#4	66	75	
908	145.393750	E4	64	61	907	159.303706	E4	64	75	
909	145.505208	F#4	66	58	908	159.453706	F#4	66	75	
910	145.644792	E4	64	53	909	159.603706	E4	64	75	
911	145.659375	G#5	80	80	911	159.603706	G#5	80	108	
912	145.660417	E5	76	74	910	159.603706	E5	76	108	
913	145.789583	C#4	61	57	912	159.753706	C#4	61	75	
914	145.921875	A3	57	55	915	159.903706	A3	57	75	
915	145.933333	F#5	78	77	913	159.903706	F#5	78	108	
916	145.941667	Eb5	75	79	914	159.903706	Eb5	75	108	
917	146.034375	F#3	54	66	916	160.053706	F#3	54	75	
918	146.201042	F#2	42	72	917	160.203706	F#2	42	75	
919	146.204167	E5	76	78	919	160.203706	E5	76	108	
920	146.219792	C#5	73	66	918	160.203706	C#5	73	108	
921	146.352083	C#3	49	57	920	160.353706	C#3	49	74	
922	146.446875	E3	52	57	923	160.503706	E3	52	72	
923	146.467708	B4	71	76	921	160.503706	B4	71	101	
924	146.478125	Eb5	75	77	922	160.503706	Eb5	75	101	
925	146.576042	F#3	54	67	924	160.653706	F#3	54	70	
926	146.721875	A3	57	54	926	160.803706	A3	57	68	
927	146.730208	A4	69	75	927	160.803706	A4	69	94	
928	146.737500	C#5	73	84	925	160.803706	C#5	73	94	
929	146.827083	C#4	61	65	928	160.953706	C#4	61	66	
930	146.954167	E4	64	60	931	161.103706	E4	64	64	
931	146.973958	B4	71	75	929	161.103706	B4	71	87	
932	146.980208	G#4	68	73	930	161.103706	G#4	68	87	
933	147.083333	C#4	61	59	932	161.253706	C#4	61	62	
934	147.222917	A3	57	44	935	161.403706	A3	57	60	
935	147.237500	A4	69	78	934	161.403706	A4	69	80	
936	147.239583	F#4	66	73	933	161.403706	F#4	66	80	
937	147.318750	F#3	54	63	936	161.553706	F#3	54	58	
938	147.471875	E3	52	54	938	161.703706	E3	52	56	
939	147.508333	E4	64	68	939	161.703706	E4	64	73	
940	147.510417	G#4	68	83	937	161.703706	G#4	68	73	
941	147.586458	C#3	49	57	940	161.853706	C#3	49	54	
942	147.776042	F#2	42	63	941	162.003706	F#2	42	52	
943	147.813542	A3	57	78	942	162.003706	A3	57	75	
944	147.971875	C#3	49	51	943	162.153706	C#3	49	50	
945	148.082292	F#4	66	67	946	162.303706	F#4	66	59	
946	148.091667	Eb4	63	63	944	162.303706	Eb4	63	59	
947	148.113542	F#2	42	46	945	162.303706	F#2	42	48	
948	148.285417	C#3	49	35	947	162.453706	C#3	49	46	
949	148.391667	F#2	42	49	949	162.603706	F#2	42	44	
950	148.395833	E4	64	66	950	162.603706	E4	64	52	
951	148.402083	C#4	61	57	948	162.603706	C#4	61	52	
952	148.589583	C#3	49	29	951	162.753706	C#3	49	42	
953	148.802083	G#2	44	56	952	162.903706	G#2	44	40	
954	148.837500	F#3	54	63	955	162.903706	F#3	54	57	
955	148.843750	Eb4	63	69	953	162.903706	Eb4	63	45	
956	148.864583	C#4	61	54	954	162.903706	C#4	61	45	
957	149.019792	Eb3	51	39	956	163.070373	Eb3	51	40	
958	149.166667	G#2	44	46	957	163.237039	G#2	44	40	
959	149.326042	Eb3	51	38	958	163.403706	Eb3	51	40	
960	149.441667	G#2	44	31	960	163.570372	G#2	44	40	
961	149.454167	G#3	56	56	959	163.570372	G#3	56	57	
962	149.586458	Eb3	51	38	961	163.737039	Eb3	51	40	
963	149.707292	G#2	44	45	962	163.903705	G#2	44	40	
964	149.732292	Bb3	58	63	963	163.903705	Bb3	58	57	
965	149.848958	Eb3	51	46	964	164.070372	Eb3	51	40	
966	149.973958	G#2	44	42	965	164.237038	G#2	44	40	
967	150.083333	Eb3	51	55	966	164.403705	Eb3	51	40	
968	150.214583	G#2	44	51	967	164.570371	G#2	44	40	
969	150.217708	C#4	61	71	968	164.570371	C#4	61	57	
970	150.347917	Eb3	51	49	969	164.737038	Eb3	51	40	
971	150.475000	G#2	44	59	970	164.903704	G#2	44	40	
972	150.498958	F#4	66	74	971	164.903704	F#4	66	45	
973	150.508333	C4	60	64	973	164.903704	C4	60	57	
974	150.519792	Eb4	63	64	972	164.903704	Eb4	63	45	
975	150.635417	Eb3	51	47	974	165.070371	Eb3	51	40	
976	150.775000	G#2	44	42	975	165.237037	G#2	44	40	
977	150.905208	Eb3	51	42	976	165.403704	Eb3	51	40	
978	151.041667	G#2	44	45	980	165.570370	G#2	44	40	
979	151.070833	Bb4	70	58	979	165.570370	Bb4	70	60	
980	151.078125	F#4	66	57	977	165.570370	F#4	66	60	
981	151.192708	Eb3	51	39	981	165.737037	Eb3	51	40	
982	151.331250	G#2	44	46	984	165.903703	G#2	44	40	
983	151.346875	F#3	54	73	982	165.903703	F#3	54	57	
984	151.354167	Eb4	63	66	983	165.903703	Eb4	63	45	
985	151.378125	C#4	61	55	985	165.903703	C#4	61	45	
986	151.505208	Eb3	51	27	986	166.070370	Eb3	51	40	
987	151.618750	G#2	44	42	987	166.237036	G#2	44	40	
988	151.743750	Eb3	51	39	988	166.403703	Eb3	51	40	
989	151.891667	G#2	44	37	990	166.570369	G#2	44	40	
990	151.901042	G#3	56	61	989	166.570369	G#3	56	57	
991	152.032292	Eb3	51	41	991	166.737036	Eb3	51	40	
992	152.183333	G#2	44	40	993	166.903702	G#2	44	40	
993	152.190625	Bb3	58	57	992	166.903702	Bb3	58	57	
994	152.307292	Eb3	51	46	994	167.070369	Eb3	51	40	
995	152.461458	G#2	44	36	995	167.237035	G#2	44	40	
996	152.589583	Eb3	51	43	996	167.403702	Eb3	51	40	
997	152.717708	C#4	61	55	998	167.570368	C#4	61	57	
998	152.744792	G#2	44	41	997	167.570368	G#2	44	40	
999	152.901042	Eb3	51	32	999	167.737035	Eb3	51	40	
1000	152.994792	G#2	44	51	1001	167.903701	G#2	44	40	
1001	153.004167	F#4	66	65	1003	167.903701	F#4	66	45	
1002	153.014583	Eb4	63	61	1002	167.903701	Eb4	63	45	
1003	153.021875	C4	60	47	1000	167.903701	C4	60	57	
1004	153.151042	Eb3	51	32	1004	168.070368	Eb3	51	40	
1005	153.287500	G#2	44	42	1005	168.237034	G#2	44	40	
1006	153.431250	Eb3	51	34	1006	168.403701	Eb3	51	40	
1007	153.582292	Bb4	70	60	1010	168.570367	Bb4	70	60	
1008	153.586458	G#2	44	42	1008	168.570367	G#2	44	40	
1009	153.764583	Eb3	51	18	1011	168.737034	Eb3	51	40	
1010	153.875000	G#2	44	45	1012	168.903700	G#2	44	40	
1011	153.911458	C#4	61	47	1013	168.903700	C#4	61	60	
1012	154.008333	Eb2	39	56	1014	169.070367	Eb2	39	40	
1013	154.130208	G#2	44	53	1015	169.237033	G#2	44	40	
1014	154.141667	F5	77	73	1016	169.237033	F5	77	60	
1015	154.160417	G#4	68	61	1018	169.237033	G#4	68	60	
1016	154.161458	C5	72	58	1017	169.237033	C5	72	60	
1017	154.242708	Eb3	51	49	1019	169.403700	Eb3	51	40	
1018	154.370833	G#2	44	49	1023	169.570366	G#2	44	40	
1019	154.394792	Eb5	75	74	1021	169.570366	Eb5	75	60	
1020	154.405208	Bb4	70	69	1020	169.570366	Bb4	70	60	
1021	154.421875	F#4	66	54	1022	169.570366	F#4	66	60	
1022	154.665625	Bb4	70	65	1025	169.903699	Bb4	70	60	
1023	154.666667	G#3	56	33	1027	169.903699	G#3	56	40	
1024	154.687500	F#4	66	54	1028	169.903699	F#4	66	60	
1025	154.716667	C#4	61	35	1026	169.903699	C#4	61	57	
1026	154.789583	Eb3	51	31	1029	170.070366	Eb3	51	40	
1027	154.891667	G#3	56	48	1031	170.237032	G#3	56	40	
1028	154.969792	Bb3	58	50	1030	170.237032	Bb3	58	57	
1029	155.068750	Eb4	63	31	1032	170.403699	Eb4	63	40	
1030	155.165625	G#3	56	44	1033	170.570365	G#3	56	40	
1031	155.230208	C#4	61	48	1034	170.570365	C#4	61	57	
1032	155.315625	Eb3	51	23	1035	170.737032	Eb3	51	40	
1033	155.420833	G#3	56	50	1039	170.903698	G#3	56	40	
1034	155.461458	G#4	68	62	1037	170.903698	G#4	68	60	
1035	155.478125	F#4	66	50	1038	170.903698	F#4	66	60	
1036	155.483333	Bb3	58	53	1036	170.903698	Bb3	58	57	
1037	155.556250	Eb3	51	29	1040	171.070365	Eb3	51	40	
1038	155.754167	C4	60	48	1042	171.237031	C4	60	57	
1039	155.846875	Eb3	51	35	1043	171.403698	Eb3	51	40	
1040	155.973958	G#2	44	35	1044	171.570364	G#2	44	40	
1041	155.995833	Eb4	63	51	1045	171.570364	Eb4	63	57	
1042	156.078125	Eb2	39	58	1046	171.737031	Eb2	39	40	
1043	156.223958	G#2	44	49	1050	171.903697	G#2	44	40	
1044	156.242708	Bb4	70	75	1048	171.903697	Bb4	70	60	
1045	156.251042	F#4	66	62	1049	171.903697	F#4	66	60	
1046	156.253125	C#4	61	57	1047	171.903697	C#4	61	60	
1047	156.343750	Eb2	39	62	1051	172.070364	Eb2	39	40	
1048	156.467708	G#2	44	54	1055	172.237030	G#2	44	40	
1049	156.472917	C#5	73	36	1054	172.237030	C5	72	60	
1050	156.527083	F5	77	74	1053	172.237030	F5	77	60	
1051	156.550000	G#4	68	57	1052	172.237030	G#4	68	60	
1052	156.593750	Eb3	51	54	1056	172.403697	Eb3	51	40	
1053	156.733333	G#2	44	47	1059	172.570363	G#2	44	40	
1054	156.771875	Eb5	75	73	1060	172.570363	Eb5	75	60	
1055	156.792708	F#4	66	65	1057	172.570363	F#4	66	60	
1056	156.883333	Eb3	51	45	1061	172.737030	Eb3	51	40	
1057	157.004167	G#3	56	48	1062	172.903696	G#3	56	40	
1058	157.076042	Bb4	70	51	1065	172.903696	Bb4	70	60	
1059	157.086458	F#4	66	55	1063	172.903696	F#4	66	60	
1060	157.123958	C#4	61	36	1064	172.903696	C#4	61	57	
1061	157.133333	Eb3	51	36	1066	173.070363	Eb3	51	40	
1062	157.263542	G#3	56	44	1068	173.237029	G#3	56	40	
1063	157.337500	Bb3	58	53	1067	173.237029	Bb3	58	57	
1064	157.447917	Eb4	63	38	1069	173.403696	Eb4	63	40	
1065	157.563542	G#3	56	47	1070	173.570362	G#3	56	40	
1066	157.620833	C#4	61	47	1071	173.570362	C#4	61	57	
1067	157.735417	Eb3	51	29	1072	173.737029	Eb3	51	40	
1068	157.916667	G#3	56	40	1076	173.903695	G#3	56	40	
1069	157.916667	G#4	68	55	1075	173.903695	G#4	68	60	
1070	157.926042	F#4	66	49	1074	173.903695	F#4	66	60	
1071	157.931250	Bb3	58	41	1073	173.903695	Bb3	58	57	
1072	158.066667	Eb3	51	34	1077	174.070362	Eb3	51	40	
1073	158.227083	C4	60	43	1079	174.237028	C4	60	57	
1074	158.269792	G#3	56	32	1078	174.237028	G#3	56	40	
1075	158.458333	Eb3	51	25	1080	174.403695	Eb3	51	40	
1076	158.600000	Eb4	63	41	1082	174.570361	Eb4	63	57	
1077	158.636458	G#3	56	17	1081	174.570361	G#3	56	40	
1078	158.803125	Eb3	51	23	1083	174.737028	Eb3	51	40	
1079	159.092708	C#4	61	42	1084	174.903694	C#4	61	45	
1080	159.105208	F#3	54	42	1085	174.903694	F#3	54	60	
1081	159.151042	Eb5	75	63	1086	174.903694	Eb5	75	75	
1082	159.355208	Eb4	63	35	1087	175.070361	Eb4	63	45	
1083	159.513542	F#4	66	37	1088	175.237027	F#4	66	45	
1084	159.651042	Bb4	70	35	1089	175.403694	Bb4	70	45	
1085	159.785417	F#4	66	36	1091	175.570360	F#4	66	45	
1086	159.794792	G#3	56	50	1090	175.570360	G#3	56	60	
1087	159.914583	Eb4	63	31	1092	175.737027	Eb4	63	45	
1088	160.046875	Bb3	58	60	1093	175.903693	Bb3	58	60	
1089	160.164583	Eb4	63	39	1094	176.070360	Eb4	63	45	
1090	160.294792	F#4	66	46	1095	176.237026	F#4	66	45	
1091	160.433333	Bb4	70	49	1096	176.403693	Bb4	70	45	
1092	160.563542	C#4	61	69	1098	176.570359	C#4	61	60	
1093	160.563542	F#4	66	55	1097	176.570359	F#4	66	45	
1094	160.695833	Eb4	63	50	1099	176.737026	Eb4	63	45	
1095	160.850000	C4	60	51	1101	176.903692	C4	60	60	
1096	160.961458	F#5	78	74	1100	176.903692	F#5	78	75	
1097	161.143750	Eb4	63	46	1102	177.070359	Eb4	63	45	
1098	161.303125	F#4	66	42	1103	177.237025	F#4	66	45	
1099	161.428125	Bb4	70	52	1104	177.403692	Bb4	70	45	
1100	161.614583	Bb5	82	69	1105	177.570358	Bb5	82	75	
1101	161.643750	C5	72	49	1106	177.570358	C5	72	45	
1102	161.802083	Eb5	75	40	1107	177.737025	Eb5	75	45	
1103	161.994792	F#3	54	44	1108	177.903691	F#3	54	60	
1104	161.995833	C#4	61	47	1109	177.903691	C#4	61	45	
1105	162.096875	Eb5	75	61	1110	177.903691	Eb5	75	75	
1106	162.311458	Eb4	63	41	1111	178.070358	Eb4	63	45	
1107	162.435417	F#4	66	41	1112	178.237024	F#4	66	45	
1108	162.581250	Bb4	70	42	1113	178.403691	Bb4	70	45	
1109	162.686458	G#3	56	48	1114	178.570357	G#3	56	60	
1110	162.719792	F#4	66	46	1115	178.570357	F#4	66	45	
1111	162.844792	Eb4	63	35	1116	178.737024	Eb4	63	45	
1112	162.947917	Bb3	58	63	1117	178.903690	Bb3	58	60	
1113	163.088542	Eb4	63	52	1118	179.070357	Eb4	63	45	
1114	163.208333	F#4	66	56	1119	179.237023	F#4	66	45	
1115	163.329167	Bb4	70	58	1120	179.403690	Bb4	70	45	
1116	163.438542	C#4	61	63	1121	179.570356	C#4	61	60	
1117	163.453125	F#4	66	56	1122	179.570356	F#4	66	45	
1118	163.588542	Eb4	63	37	1123	179.737023	Eb4	63	45	
1119	163.735417	C4	60	61	1124	179.903689	C4	60	60	
1120	163.807292	F#5	78	74	1125	179.903689	F#5	78	75	
1121	163.978125	Eb4	63	45	1126	180.070356	Eb4	63	45	
1122	164.117708	F#4	66	46	1127	180.237022	F#4	66	45	
1123	164.250000	Bb4	70	53	1128	180.403689	Bb4	70	45	
1124	164.383333	Bb5	82	75	1130	180.570355	Bb5	82	75	
1125	164.414583	C5	72	50	1129	180.570355	C5	72	45	
1126	164.553125	Eb5	75	53	1131	180.737022	Eb5	75	45	
1127	164.764583	F#4	66	53	1132	180.903688	F#4	66	60	
1128	164.865625	Eb6	87	75	1133	180.903688	Eb6	87	75	
1129	165.167708	Bb4	70	26	1134	181.070355	Bb4	70	45	
1130	165.280208	C#5	73	46	1135	181.237021	C#5	73	45	
1131	165.437500	Eb5	75	32	1136	181.403688	Eb5	75	45	
1132	165.544792	F#5	78	48	1137	181.570354	F#5	78	45	
1133	165.677083	Bb5	82	39	1138	181.737021	Bb5	82	45	
1134	165.806250	F#4	66	45	1139	181.903687	F#4	66	45	
1135	165.980208	Bb4	70	41	1140	182.070354	Bb4	70	45	
1136	166.108333	C#5	73	38	1141	182.237020	C#5	73	45	
1137	166.225000	Eb5	75	39	1142	182.403687	Eb5	75	45	
1138	166.354167	F#5	78	47	1143	182.570353	F#5	78	45	
1139	166.469792	C6	84	58	1144	182.737020	C6	84	45	
1140	166.614583	F#4	66	46	1145	182.903686	F#4	66	45	
1141	166.770833	Bb4	70	39	1146	183.070353	Bb4	70	45	
1142	166.910417	C#5	73	39	1147	183.237019	C#5	73	45	
1143	167.013542	Eb5	75	46	1148	183.403686	Eb5	75	45	
1144	167.167708	F#5	78	46	1149	183.570352	F#5	78	45	
1145	167.280208	Bb5	82	56	1150	183.737019	Bb5	82	45	
1146	167.425000	F#4	66	46	1151	183.903685	F#4	66	60	
1147	167.572917	A4	69	41	1152	184.070352	A4	69	45	
1148	167.723958	C#5	73	34	1153	184.237018	C#5	73	45	
1149	167.842708	Eb5	75	34	1154	184.403685	Eb5	75	45	
1150	167.959375	F#5	78	56	1155	184.570351	F#5	78	45	
1151	168.082292	A5	81	57	1156	184.737018	A5	81	45	
1152	168.223958	C#6	85	73	1158	184.903684	C#6	85	75	
1153	168.243750	F#4	66	44	1157	184.903684	F#4	66	45	
1154	168.421875	A4	69	34	1159	185.070351	A4	69	45	
1155	168.558333	C#5	73	32	1160	185.237017	C#5	73	45	
1156	168.675000	Eb5	75	34	1161	185.403684	Eb5	75	45	
1157	168.813542	F#5	78	49	1162	185.570350	F#5	78	45	
1158	168.935417	B5	83	54	1163	185.737017	B5	83	45	
1159	169.107292	F#4	66	44	1164	185.903683	F#4	66	60	
1160	169.108333	Eb6	87	69	1165	185.903683	Eb6	87	75	
1161	169.291667	A4	69	42	1166	186.070350	A4	69	45	
1162	169.419792	C#5	73	46	1167	186.237016	C#5	73	45	
1163	169.570833	Eb5	75	42	1168	186.403683	Eb5	75	45	
1164	169.733333	F#5	78	44	1169	186.570349	F#5	78	45	
1165	169.893750	A5	81	41	1170	186.737016	A5	81	45	
1166	170.139583	F4	65	54	1171	186.903682	F4	65	30	
1167	170.386458	G#4	68	44	1172	187.070349	G#4	68	30	
1168	170.558333	C5	72	42	1173	187.237015	C5	72	30	
1169	170.675000	F5	77	46	1174	187.403682	F5	77	30	
1170	170.815625	G#5	80	56	1175	187.570348	G#5	80	30	
1171	170.947917	C6	84	58	1176	187.737015	C6	84	30	
1172	171.141667	G#6	92	65	1178	187.903681	G#6	92	45	
1173	171.161458	F6	89	58	1177	187.903681	F6	89	45	
1174	172.212500	F6	89	65	1180	189.429105	F6	89	45	
1175	172.214583	F4	65	43	1179	189.429105	F4	65	30	
1176	173.251042	F4	65	52	1181	191.193810	F4	65	30	
1177	173.395833	A4	69	48	1182	191.381310	A4	69	30	
1178	173.527083	Eb6	87	68	1183	191.568810	Eb6	87	45	
1179	173.535417	C5	72	33	1185	191.568810	C5	72	30	
1180	173.550000	C6	84	53	1184	191.568810	C6	84	45	
1181	173.643750	Eb5	75	58	1186	191.756310	Eb5	75	30	
1182	173.789583	F5	77	40	1187	191.943810	F5	77	30	
1183	173.807292	F6	89	76	1189	191.943810	F6	89	45	
1184	173.820833	C#6	85	60	1188	191.943810	C#6	85	45	
1185	173.945833	A5	81	52	1190	192.131310	A5	81	30	
1186	174.118750	Eb6	87	71	1191	192.318810	Eb6	87	45	
1187	174.136458	C6	84	54	1192	192.318810	C6	84	45	
1188	175.108333	F4	65	48	1193	193.443810	F4	65	30	
1189	176.094792	F4	65	54	1194	194.568810	F4	65	30	
1190	176.227083	G#4	68	51	1195	194.756310	G#4	68	30	
1191	176.369792	C#6	85	66	1196	194.943810	C#6	85	45	
1192	176.378125	Bb4	70	37	1197	194.943810	Bb4	70	30	
1193	176.383333	Bb5	82	59	1198	194.943810	Bb5	82	45	
1194	176.497917	C#5	73	55	1199	195.131310	C#5	73	30	
1195	176.641667	F5	77	40	1200	195.318810	F5	77	30	
1196	176.646875	Eb6	87	75	1202	195.318810	Eb6	87	45	
1197	176.648958	C6	84	68	1201	195.318810	C6	84	45	
1198	176.815625	G#5	80	57	1203	195.506310	G#5	80	30	
1199	176.971875	C#6	85	72	1205	195.693810	C#6	85	45	
1200	176.982292	Bb5	82	64	1204	195.693810	Bb5	82	45	
1201	177.420833	F6	89	65	1206	196.256310	F6	89	45	
1202	177.421875	C#6	85	66	1207	196.256310	C#6	85	45	
1203	177.879167	F4	65	49	1208	196.818810	F4	65	30	
1204	178.358333	C#6	85	66	1209	197.381310	C#6	85	45	
1205	178.385417	Bb5	82	54	1210	197.381310	Bb5	82	45	
1206	178.844792	Eb4	63	48	1211	197.943810	Eb4	63	30	
1207	179.020833	F#4	66	39	1212	198.131310	F#4	66	30	
1208	179.152083	G#4	68	43	1214	198.318810	G#4	68	30	
1209	179.172917	C6	84	62	1215	198.318810	C6	84	45	
1210	179.191667	G#5	80	49	1213	198.318810	G#5	80	45	
1211	179.320833	C5	72	26	1216	198.506310	C5	72	30	
1212	179.451042	Eb5	75	39	1218	198.693810	Eb5	75	30	
1213	179.451042	C#6	85	72	1217	198.693810	C#6	85	45	
1214	179.469792	Bb5	82	54	1219	198.693810	Bb5	82	45	
1215	179.576042	Bb5	82	33	*	-1	*	-1	-1	
1216	179.646875	F#5	78	40	1220	198.881310	F#5	78	30	
1217	179.810417	C6	84	65	1221	199.068810	C6	84	45	
1218	179.821875	G#5	80	56	1222	199.068810	G#5	80	45	
1219	179.936458	G#5	80	7	*	-1	*	-1	-1	
1220	180.791667	Eb4	63	41	1223	200.193810	Eb4	63	30	
1221	181.748958	C#4	61	51	1224	201.318810	C#4	61	30	
1222	181.919792	Eb4	63	35	1225	201.506310	Eb4	63	30	
1223	182.063542	Bb5	82	64	1228	201.693810	Bb5	82	45	
1224	182.071875	F#5	78	47	1227	201.693810	F#5	78	45	
1225	182.073958	F#4	66	47	1226	201.693810	F#4	66	30	
1226	182.183333	Bb4	70	52	1229	201.881310	Bb4	70	30	
1227	182.326042	C#5	73	51	1232	202.068810	C#5	73	30	
1228	182.332292	C6	84	67	1231	202.068810	C6	84	45	
1229	182.333333	G#5	80	59	1230	202.068810	G#5	80	45	
1230	182.484375	Eb5	75	43	1233	202.256310	Eb5	75	30	
1231	182.623958	F#5	78	62	1235	202.443810	F#5	78	30	
1232	182.628125	Bb5	82	70	1234	202.443810	Bb5	82	45	
1233	182.935417	Eb6	87	75	1236	202.818810	Eb6	87	45	
1234	183.222917	Bb5	82	76	1237	203.193810	Bb5	82	45	
1235	183.318750	C4	60	35	1238	203.568810	C4	60	30	
1236	183.346875	Eb4	63	53	1241	203.662560	Eb4	63	30	
1237	183.453125	F4	65	29	1242	203.756310	F4	65	30	
1238	183.513542	G#4	68	49	1243	203.850060	G#4	68	30	
1239	183.544792	F5	77	51	1239	203.568810	F5	77	30	
1240	183.553125	G#5	80	67	1240	203.568810	G#5	80	45	
1241	183.560417	C5	72	47	1245	203.943810	C5	72	30	
1242	183.862500	Bb5	82	73	1244	203.943810	Bb5	82	45	
1243	184.191667	G#5	80	68	1246	204.318810	G#5	80	45	
1244	184.510417	C3	48	51	1247	204.693810	C3	48	30	
1245	184.678125	F#3	54	47	1248	204.881310	F#3	54	30	
1246	184.818750	F#5	78	61	1249	205.068810	F#5	78	45	
1247	184.833333	Bb3	58	53	1251	205.068810	Bb3	58	30	
1248	184.834375	Eb5	75	48	1250	205.068810	Eb5	75	30	
1249	184.971875	C4	60	42	1252	205.256310	C4	60	30	
1250	185.126042	Eb4	63	43	1254	205.443810	Eb4	63	30	
1251	185.140625	G#5	80	66	1253	205.443810	G#5	80	45	
1252	185.146875	F5	77	51	1255	205.443810	F5	77	30	
1253	185.300000	F#4	66	43	1256	205.631310	F#4	66	30	
1254	185.537500	F#5	78	68	1259	205.818810	F#5	78	45	
1255	185.560417	Bb4	70	49	1258	205.818810	Bb4	70	30	
1256	185.561458	Eb5	75	47	1257	205.818810	Eb5	75	45	
1257	186.958333	Eb4	63	36	1263	206.943810	Eb4	63	30	
1258	186.967708	F5	77	45	1262	206.943810	F5	77	45	
1259	186.969792	F3	53	29	1261	206.943810	F3	53	30	
1260	186.994792	C4	60	29	1260	206.943810	C4	60	30	
1261	187.003125	A4	69	34	1264	206.943810	A4	69	45	
1262	188.306250	G#3	56	52	1265	208.068810	G#3	56	30	
1263	188.490625	Bb3	58	40	1266	208.256310	Bb3	58	30	
1264	188.644792	F5	77	57	1268	208.443810	F5	77	45	
1265	188.664583	C#5	73	45	1267	208.443810	C#5	73	45	
1266	188.665625	C#4	61	29	1269	208.443810	C#4	61	30	
1267	188.817708	F4	65	41	1270	208.631310	F4	65	30	
1268	188.920833	G#4	68	50	1273	208.818810	G#4	68	30	
1269	188.932292	F#5	78	65	1272	208.818810	F#5	78	45	
1270	188.947917	Eb5	75	54	1271	208.818810	Eb5	75	45	
1271	189.078125	Bb4	70	52	1274	209.006310	Bb4	70	30	
1272	189.230208	F5	77	66	1275	209.193810	F5	77	45	
1273	189.243750	C#5	73	60	1276	209.193810	C#5	73	30	
1274	189.532292	Bb5	82	71	1277	209.568810	Bb5	82	45	
1275	189.841667	F5	77	59	1278	209.943810	F5	77	45	
1276	189.961458	F#3	54	44	1281	210.318810	F#3	54	30	
1277	190.044792	Bb3	58	39	1282	210.412560	Bb3	58	30	
1278	190.145833	C#4	61	39	1283	210.506310	C#4	61	30	
1279	190.157292	Eb5	75	58	1279	210.318810	Eb5	75	45	
1280	190.161458	C#5	73	52	1280	210.318810	C#5	73	30	
1281	190.212500	Eb4	63	33	1284	210.600060	Eb4	63	30	
1282	190.475000	F5	77	61	1285	210.693810	F5	77	45	
1283	190.820833	Eb5	75	59	1286	211.068810	Eb5	75	45	
1284	191.161458	F3	53	50	1287	211.443810	F3	53	30	
1285	191.326042	G#3	56	41	1288	211.631310	G#3	56	30	
1286	191.477083	C#5	73	58	1290	211.818810	C#5	73	45	
1287	191.488542	Bb3	58	39	1289	211.818810	Bb3	58	30	
1288	191.492708	Bb4	70	40	1291	211.818810	Bb4	70	45	
1289	191.643750	C#4	61	44	1292	212.006310	C#4	61	30	
1290	191.817708	Eb5	75	56	1294	212.193810	Eb5	75	45	
1291	191.838542	F4	65	30	1295	212.193810	F4	65	30	
1292	191.842708	C5	72	42	1293	212.193810	C5	72	45	
1293	192.001042	G#4	68	36	1296	212.381310	G#4	68	30	
1294	192.223958	C#5	73	57	1297	212.568810	C#5	73	45	
1295	192.234375	Bb4	70	39	1298	212.568810	Bb4	70	45	
1296	193.617708	F#3	54	28	1303	214.175952	F#3	54	30	
1297	193.625000	Eb3	51	27	1301	214.175952	Eb3	51	30	
1298	193.737500	C5	72	42	1299	214.175952	C5	72	45	
1299	193.739583	G#4	68	36	1302	214.175952	G#4	68	45	
1300	193.747917	C4	60	30	1300	214.175952	C4	60	30	
1301	194.510417	G#2	44	42	1304	214.979523	G#2	44	30	
1302	195.420833	C#2	37	43	1306	216.646189	C#2	37	30	
1303	195.739583	G#3	56	49	1307	217.122379	G#3	56	30	
1304	195.761458	F3	53	42	1308	217.122379	F3	53	30	
1305	196.050000	G#4	68	64	1309	217.598569	G#4	68	30	
1306	196.068750	F4	65	59	1310	217.598569	F4	65	30	
1307	196.544792	B3	59	64	1313	218.566311	B3	59	30	
1308	196.666667	G#5	80	69	1312	218.566311	G#5	80	45	
1309	196.713542	F5	77	57	1311	218.566311	F5	77	45	
1310	197.963542	F5	77	56	1315	220.481203	F5	77	45	
1311	197.975000	C#5	73	46	1314	220.481203	C#5	73	45	
1312	199.247917	F#2	42	47	1317	222.060150	F#2	42	30	
1313	199.253125	C#3	49	48	1316	222.060150	C#3	49	30	
1314	199.639583	Eb5	75	53	1323	222.774435	Eb5	75	45	
1315	199.643750	Bb4	70	44	1322	222.774435	Bb4	70	30	
1316	199.656250	F#3	54	31	1321	222.774435	F#3	54	30	
1317	199.656250	F#4	66	39	1320	222.774435	F#4	66	30	
1318	199.657292	Bb3	58	43	1324	222.774435	Bb3	58	30	
1319	199.660417	C#3	49	39	1318	222.774435	C#3	49	30	
1320	199.680208	C#4	61	38	1319	222.774435	C#4	61	30	
1321	200.047917	F5	77	60	1325	223.282910	F5	77	45	
1322	200.537500	Eb5	75	56	1326	223.791384	Eb5	75	45	
1323	202.514583	G#2	44	57	1327	225.836838	G#2	44	30	
1324	202.818750	F3	53	47	1329	226.745929	F3	53	30	
1325	202.837500	G#3	56	61	1332	226.745929	G#3	56	30	
1326	202.905208	C#5	73	76	1331	226.745929	C#5	73	45	
1327	202.930208	C#4	61	51	1328	226.745929	C#4	61	45	
1328	202.932292	G#4	68	59	1330	226.745929	G#4	68	30	
1329	203.223958	Eb5	75	78	1334	227.237732	Eb5	75	45	
1330	203.232292	Eb4	63	57	1333	227.237732	Eb4	63	45	
1331	203.534375	B3	59	40	1337	228.048542	B3	59	30	
1332	203.541667	C#4	61	55	1335	228.048542	C#4	61	30	
1333	203.576042	F4	65	69	1336	228.048542	F4	65	30	
1334	203.655208	G#5	80	85	1339	228.048542	G#5	80	45	
1335	203.667708	F5	77	64	1338	228.048542	C#5	73	45	
1336	203.678125	G#4	68	60	1340	228.048542	G#4	68	45	
1337	204.922917	C#4	61	46	1344	229.746655	C#4	61	30	
1338	204.928125	F5	77	65	1343	229.746655	F5	77	45	
1339	204.957292	C#5	73	52	1341	229.746655	C#5	73	45	
1340	204.962500	F4	65	46	1342	229.746655	F4	65	45	
1341	206.316667	Bb2	46	49	1345	231.298378	Bb2	46	30	
1342	206.747917	Eb5	75	56	1349	232.109188	Eb5	75	45	
1343	206.763542	Bb3	58	43	1351	232.109188	Bb3	58	30	
1344	206.773958	F4	65	43	1348	232.109188	F4	65	30	
1345	206.773958	Bb4	70	39	1350	232.109188	Bb4	70	30	
1346	206.785417	F3	53	36	1346	232.109188	F3	53	30	
1347	206.786458	Eb4	63	48	1347	232.109188	Eb4	63	30	
1348	206.872917	F3	53	7	*	-1	*	-1	-1	
1349	207.164583	F5	77	54	1352	232.626429	F5	77	45	
1350	207.639583	Eb5	75	50	1353	233.278603	Eb5	75	45	
1351	209.416667	C#4	61	25	1355	235.115336	C#4	61	30	
1352	209.426042	C#5	73	46	1354	235.115336	C#5	73	45	
1353	211.867708	F2	41	41	1356	236.952070	F2	41	30	
1354	212.294792	C#4	61	48	1358	237.785403	C#4	61	45	
1355	212.320833	G#3	56	41	1357	237.785403	G#3	56	30	
1356	212.654167	Eb4	63	61	1359	238.293877	Eb4	63	45	
1357	213.109375	Bb4	70	54	1361	239.261619	Bb4	70	45	
1358	213.128125	F4	65	58	1360	239.261619	F4	65	45	
1359	213.131250	C#4	61	45	1362	239.261619	C#4	61	45	
1360	214.469792	F4	65	46	1363	241.908676	F4	65	45	
1361	214.485417	G#3	56	29	1364	241.908676	G#3	56	45	
1362	214.492708	C#4	61	34	1365	241.908676	C#4	61	45	
1363	215.832292	Eb2	39	51	1366	243.460399	Eb2	39	30	
1364	216.218750	F#4	66	60	1367	244.015955	F#4	66	45	
1365	216.228125	C#4	61	51	1369	244.015955	C#4	61	30	
1366	216.234375	Bb3	58	49	1368	244.015955	Bb3	58	30	
1367	216.567708	G#4	68	72	1370	244.507758	G#4	68	45	
1368	216.952083	Eb3	51	50	1374	245.189576	Eb3	51	30	
1369	217.031250	C#5	73	69	1371	245.189576	C#5	73	45	
1370	217.045833	F#4	66	58	1373	245.189576	F#4	66	30	
1371	217.055208	Bb4	70	53	1372	245.189576	Bb4	70	30	
1372	218.391667	Bb4	70	58	1377	247.235030	Bb4	70	45	
1373	218.398958	F#4	66	37	1376	247.235030	F#4	66	30	
1374	218.400000	Eb4	63	46	1375	247.235030	Eb4	63	30	
1375	218.417708	C#4	61	40	1378	247.235030	C#4	61	30	
1376	219.933333	G#2	44	56	1379	248.760453	G#2	44	30	
1377	220.398958	Bb4	70	65	1381	249.268928	Bb4	70	45	
1378	220.414583	F#4	66	56	1382	249.268928	F#4	66	30	
1379	220.420833	C4	60	49	1380	249.268928	C4	60	30	
1380	220.612500	Eb3	51	51	1383	249.489516	Eb3	51	30	
1381	220.885417	C5	72	66	1384	249.710104	C5	72	45	
1382	221.519792	G#5	80	62	1385	250.348401	G#5	80	30	
1383	221.536458	F5	77	54	1387	250.348401	F5	77	45	
1384	221.540625	G#4	68	57	1386	250.348401	G#4	68	30	
1385	221.556250	C5	72	49	1388	250.348401	C5	72	30	
1386	223.482292	G#3	56	38	1392	252.919829	G#3	56	30	
1387	223.511458	G#4	68	45	1390	252.919829	G#4	68	45	
1388	223.532292	C4	60	33	1391	252.919829	C4	60	45	
1389	223.534375	F#4	66	37	1389	252.919829	F#4	66	45	
1390	226.190625	C#2	37	44	1393	255.647100	C#2	37	30	
1391	226.614583	G#2	44	36	1394	255.861386	G#2	44	30	
1392	226.838542	C#3	49	35	1395	256.075671	C#3	49	30	
1393	227.031250	F3	53	35	1396	256.289957	F3	53	30	
1394	227.216667	G#3	56	39	1397	256.504242	G#3	56	30	
1395	227.367708	C#4	61	36	1398	256.718528	C#4	61	30	
1396	227.565625	F2	41	49	1399	256.932813	F2	41	30	
1397	227.797917	C3	48	39	1400	257.147099	C3	48	30	
1398	227.989583	F3	53	39	1401	257.361384	F3	53	30	
1399	228.155208	G#3	56	37	1402	257.575670	G#3	56	30	
1400	228.348958	C4	60	41	1403	257.789955	C4	60	30	
1401	228.516667	F4	65	48	1404	258.004241	F4	65	30	
1402	228.732292	C#2	37	50	1405	258.218526	C#2	37	30	
1403	228.920833	G#2	44	40	1406	258.432812	G#2	44	30	
1404	229.110417	C#3	49	47	1407	258.647097	C#3	49	30	
1405	229.282292	F3	53	43	1408	258.861383	F3	53	30	
1406	229.433333	G#3	56	50	1409	259.075668	G#3	56	30	
1407	229.623958	C#4	61	42	1410	259.289954	C#4	61	30	
1408	229.806250	F2	41	51	1411	259.504239	F2	41	30	
1409	230.010417	C3	48	29	1412	259.718525	C3	48	30	
1410	230.185417	F3	53	42	1413	259.932810	F3	53	30	
1411	230.346875	G#3	56	44	1414	260.147096	G#3	56	30	
1412	230.540625	C4	60	45	1415	260.361381	C4	60	30	
1413	230.744792	F4	65	58	1416	260.575667	F4	65	30	
1414	230.968750	G#2	44	52	1419	260.789952	G#2	44	30	
1415	231.088542	B4	71	71	1417	260.789952	B4	71	45	
1416	231.114583	G#4	68	63	1418	260.789952	G#4	68	30	
1417	231.327083	E3	52	39	1420	261.004238	E3	52	30	
1418	231.535417	G#3	56	39	1421	261.218523	G#3	56	30	
1419	231.685417	B3	59	34	1422	261.432809	B3	59	30	
1420	231.893750	E4	64	43	1423	261.647094	E4	64	30	
1421	232.092708	F#4	66	47	1424	261.861380	F#4	66	30	
1422	232.389583	C#5	73	60	1426	262.075665	C#5	73	45	
1423	232.414583	E4	64	46	1427	262.075665	E4	64	30	
1424	232.446875	G#4	68	42	1425	262.075665	G#4	68	30	
1425	234.285417	C#3	49	41	1428	263.361378	C#3	49	30	
1426	234.563542	G#3	56	32	1429	263.575664	G#3	56	30	
1427	234.776042	C#4	61	34	1430	263.789949	C#4	61	30	
1428	234.938542	F4	65	45	1431	264.004235	F4	65	30	
1429	235.131250	G#4	68	46	1432	264.218520	G#4	68	30	
1430	235.294792	C#5	73	45	1433	264.432806	C#5	73	30	
1431	235.484375	F3	53	52	1434	264.647091	F3	53	30	
1432	235.701042	C4	60	37	1435	264.861377	C4	60	30	
1433	235.891667	F4	65	37	1436	265.075662	F4	65	30	
1434	236.053125	G#4	68	42	1437	265.289948	G#4	68	30	
1435	236.259375	C5	72	43	1438	265.504233	C5	72	30	
1436	236.428125	F5	77	41	1439	265.718519	F5	77	30	
1437	236.633333	C#3	49	45	1440	265.932804	C#3	49	30	
1438	236.841667	G#3	56	38	1441	266.147090	G#3	56	30	
1439	237.032292	C#4	61	31	1442	266.361375	C#4	61	30	
1440	237.191667	F4	65	44	1443	266.575661	F4	65	30	
1441	237.390625	G#4	68	43	1444	266.789946	G#4	68	30	
1442	237.560417	C#5	73	39	1445	267.004232	C#5	73	30	
1443	237.754167	F3	53	45	1446	267.218517	F3	53	30	
1444	237.961458	C4	60	33	1447	267.432803	C4	60	30	
1445	238.156250	F4	65	38	1448	267.647088	F4	65	30	
1446	238.318750	G#4	68	36	1449	267.861374	G#4	68	30	
1447	238.535417	C5	72	38	1450	268.075659	C5	72	30	
1448	238.761458	F5	77	37	1451	268.289945	F5	77	30	
1449	239.023958	G#3	56	43	1453	268.504230	G#3	56	30	
1450	239.118750	B5	83	64	1454	268.504230	B5	83	45	
1451	239.126042	G#5	80	57	1452	268.504230	G#5	80	30	
1452	239.357292	B3	59	31	1455	268.718516	B3	59	30	
1453	239.600000	E4	64	35	1456	268.932801	E4	64	30	
1454	239.843750	G#4	68	51	1457	269.147087	G#4	68	30	
1455	240.026042	B4	71	44	1458	269.361372	B4	71	30	
1456	240.227083	E5	76	51	1459	269.575658	E5	76	30	
1457	240.484375	C#6	85	54	1460	269.789943	C#6	85	45	
1458	241.823958	G#3	56	49	1463	271.075656	G#3	56	30	
1459	241.968750	B5	83	61	1462	271.075656	B5	83	45	
1460	241.977083	G#5	80	66	1461	271.075656	G#5	80	30	
1461	242.190625	B3	59	38	1464	271.289942	B3	59	30	
1462	242.402083	E4	64	41	1465	271.504227	E4	64	30	
1463	242.617708	G#4	68	37	1466	271.718513	G#4	68	30	
1464	242.822917	B4	71	44	1467	271.932798	B4	71	30	
1465	243.015625	E5	76	44	1468	272.147084	E5	76	30	
1466	243.265625	C#6	85	63	1469	272.361369	C#6	85	45	
1467	244.904167	E6	88	56	1470	273.647082	E6	88	45	
1468	244.906250	G#2	44	43	1471	273.647082	G#2	44	30	
1469	246.826042	C#2	37	38	1472	274.932795	C#2	37	30	
1470	246.846875	G#6	92	55	1473	274.932795	G#6	92	45	
1471	246.865625	F6	89	51	1474	274.932795	F6	89	45	
1472	247.229167	G#2	44	37	1475	275.147081	G#2	44	30	
1473	247.438542	C#3	49	40	1476	275.361366	C#3	49	30	
1474	247.651042	F3	53	26	1477	275.575652	F3	53	30	
1475	247.884375	G#3	56	41	1478	275.789937	G#3	56	30	
1476	248.107292	C#4	61	37	1479	276.004223	C#4	61	30	
1477	248.336458	F4	65	41	1480	276.218508	F4	65	30	
1478	248.777083	G#4	68	42	1481	276.647079	G#4	68	30	
1479	249.204167	C#5	73	46	1482	277.075650	C#5	73	30	
1480	249.646875	F5	77	40	1483	277.504221	F5	77	30	
1481	250.146875	G#5	80	40	1484	277.932792	G#5	80	30	
1482	250.773958	C#6	85	43	1485	278.361363	C#6	85	30	
1483	251.451042	C#4	61	39	1486	278.789934	C#4	61	30	
1484	251.464583	G#5	80	36	1487	278.789934	G#5	80	45	
1485	251.659375	C#6	85	49	1489	278.897077	C#6	85	45	
1486	251.678125	G#4	68	34	1488	278.897077	G#4	68	30	
1487	251.875000	F6	89	50	1491	279.004220	F6	89	45	
1488	251.890625	C#5	73	38	1490	279.004220	C#5	73	30	
1489	252.323958	G#6	92	54	1493	279.111363	G#6	92	45	
1490	252.353125	F5	77	28	1492	279.111363	F5	77	30	
*	-1	*	-1	-1	529	110.421704	E4	64	60	
*	-1	*	-1	-1	537	112.046704	Eb4	63	45	
*	-1	*	-1	-1	539	112.140454	F#4	66	45	
*	-1	*	-1	-1	544	112.421704	Eb5	75	45	
*	-1	*	-1	-1	545	114.171704	G#4	68	45	
*	-1	*	-1	-1	596	123.338365	G#4	68	45	
*	-1	*	-1	-1	645	128.338360	Eb3	51	45	
*	-1	*	-1	-1	695	135.171686	G#3	56	45	
*	-1	*	-1	-1	751	142.671679	F3	53	45	
*	-1	*	-1	-1	791	147.338341	G#5	80	45	
*	-1	*	-1	-1	978	165.570370	Eb4	63	60	
*	-1	*	-1	-1	1007	168.570367	Eb4	63	60	
*	-1	*	-1	-1	1009	168.570367	F#4	66	60	
*	-1	*	-1	-1	1024	169.737033	Eb3	51	40	
*	-1	*	-1	-1	1041	171.237031	G#2	44	40	
*	-1	*	-1	-1	1058	172.570363	Bb4	70	60	
*	-1	*	-1	-1	1305	216.646189	G#2	44	30	
*	-1	*	-1	-1	306	83.528877	C#5	73	45	
*	-1	*	-1	-1	530	110.421704	G#5	80	60	
*	-1	*	-1	-1	538	112.046704	G#5	80	45	
*	-1	*	-1	-1	540	112.171704	C#6	85	45	
*	-1	*	-1	-1	541	112.234204	G#4	68	45	
*	-1	*	-1	-1	551	114.671704	C5	72	45	
