// alignID alignOntime alignSitch alignPitch alignOnvel refID refOntime refSitch refPitch refOnvel
0	4.531250	F#5	78	64	2	0.000000	F#5	78	70	
1	4.553125	F#4	66	50	0	0.000000	F#4	66	60	
2	4.558333	C#5	73	54	1	0.000000	C#5	73	60	
3	4.577083	C#4	61	28	5	0.000000	C#4	61	60	
4	4.595833	Eb3	51	33	3	0.000000	Eb3	51	60	
5	4.595833	A3	57	34	4	0.000000	A3	57	60	
6	6.150000	A5	81	63	8	1.250000	A5	81	70	
7	6.182292	A4	69	45	7	1.250000	A4	69	60	
8	6.186458	E5	76	51	6	1.250000	E5	76	60	
9	6.189583	E4	64	35	9	1.250000	E4	64	60	
10	6.201042	F#3	54	39	11	1.250000	F#3	54	60	
11	6.205208	C#4	61	36	10	1.250000	C#4	61	60	
12	7.617708	B5	83	56	14	2.500000	B5	83	70	
13	7.622917	F#4	66	44	15	2.500000	F#4	66	60	
14	7.650000	F#5	78	50	13	2.500000	F#5	78	60	
15	7.654167	Eb4	63	44	16	2.500000	Eb4	63	60	
16	7.654167	B4	71	34	12	2.500000	B4	71	60	
17	7.679167	A3	57	31	17	2.500000	A3	57	60	
18	8.011458	A5	81	68	20	2.916667	A5	81	70	
19	8.023958	E5	76	59	19	2.916667	E5	76	60	
20	8.034375	A4	69	51	18	2.916667	A4	69	60	
21	8.053125	E4	64	41	21	2.916667	E4	64	60	
22	8.070833	C#4	61	44	22	2.916667	C#4	61	60	
23	8.082292	F#3	54	45	23	2.916667	F#3	54	60	
24	8.356250	F#5	78	72	26	3.333333	F#5	78	70	
25	8.382292	C#4	61	39	28	3.333333	C#4	61	60	
26	8.382292	C#5	73	64	25	3.333333	C#5	73	60	
27	8.390625	A3	57	52	27	3.333333	A3	57	60	
28	8.397917	Eb3	51	50	29	3.333333	Eb3	51	60	
29	8.397917	F#4	66	53	24	3.333333	F#4	66	60	
30	8.797917	E5	76	62	32	3.750000	E5	76	70	
31	8.826042	E4	64	42	30	3.750000	E4	64	60	
32	8.847917	B4	71	9	31	3.750000	B4	71	60	
33	8.854167	B3	59	45	35	3.750000	B3	59	60	
34	8.859375	E3	52	32	33	3.750000	E3	52	60	
35	8.870833	G#3	56	38	34	3.750000	G#3	56	60	
36	9.247917	G#2	44	50	39	4.375000	G#2	44	60	
37	9.341667	G#5	80	58	38	4.375000	G#5	80	70	
38	9.361458	Eb3	51	43	40	4.479167	Eb3	51	60	
39	9.370833	G#4	68	50	37	4.375000	G#4	68	60	
40	9.370833	Eb5	75	47	36	4.375000	Eb5	75	60	
41	9.476042	B3	59	44	41	4.583333	B3	59	60	
42	10.120833	G#5	80	46	45	5.000000	G#5	80	70	
43	10.139583	Eb4	63	38	46	5.000000	Eb4	63	60	
44	10.139583	G#4	68	36	44	5.000000	G#4	68	60	
45	10.139583	B4	71	40	43	5.000000	B4	71	60	
46	10.143750	Eb5	75	41	42	5.000000	Eb5	75	60	
47	10.165625	B3	59	38	47	5.000000	B3	59	60	
48	13.084375	F#5	78	64	51	7.500000	F#5	78	70	
49	13.109375	F#4	66	48	49	7.500000	F#4	66	60	
50	13.129167	C#4	61	34	54	7.500000	C#4	61	60	
51	13.133333	A3	57	42	53	7.500000	A3	57	60	
52	13.133333	C#5	73	46	50	7.500000	C#5	73	60	
53	13.147917	Eb3	51	37	52	7.500000	Eb3	51	60	
54	13.738542	G#5	80	80	56	8.125000	G#5	80	70	
55	13.759375	G#4	68	54	55	8.125000	G#4	68	60	
56	14.338542	A5	81	69	59	8.750000	A5	81	70	
57	14.359375	E5	76	62	58	8.750000	E5	76	60	
58	14.380208	A4	69	40	57	8.750000	A4	69	60	
59	14.389583	C#4	61	41	61	8.750000	C#4	61	60	
60	14.406250	E4	64	40	60	8.750000	E4	64	60	
61	14.410417	F#3	54	42	62	8.750000	F#3	54	60	
62	15.633333	B5	83	60	65	10.000000	B5	83	70	
63	15.660417	F#4	66	44	66	10.000000	F#4	66	60	
64	15.660417	F#5	78	45	64	10.000000	F#5	78	60	
65	15.666667	Eb4	63	44	67	10.000000	Eb4	63	60	
66	15.666667	B4	71	46	63	10.000000	B4	71	60	
67	15.671875	A3	57	38	68	10.000000	A3	57	60	
68	16.069792	E5	76	68	70	10.416667	E5	76	60	
69	16.077083	A5	81	70	71	10.416667	A5	81	70	
70	16.103125	F#3	54	48	74	10.416667	F#3	54	60	
71	16.107292	E4	64	44	72	10.416667	E4	64	60	
72	16.107292	A4	69	49	69	10.416667	A4	69	60	
73	16.112500	C#4	61	50	73	10.416667	C#4	61	60	
74	16.418750	F#5	78	75	77	10.833333	F#5	78	70	
75	16.434375	F#4	66	61	75	10.833333	F#4	66	60	
76	16.442708	C#5	73	66	76	10.833333	C#5	73	60	
77	16.452083	C#4	61	51	79	10.833333	C#4	61	60	
78	16.463542	Eb3	51	52	80	10.833333	Eb3	51	60	
79	16.465625	A3	57	56	78	10.833333	A3	57	60	
80	16.837500	E5	76	77	83	11.250000	E5	76	70	
81	16.867708	B4	71	45	82	11.250000	B4	71	60	
82	16.872917	E4	64	58	81	11.250000	E4	64	60	
83	16.888542	B3	59	44	86	11.250000	B3	59	60	
84	16.890625	E3	52	42	84	11.250000	E3	52	60	
85	16.897917	G#3	56	46	85	11.250000	G#3	56	60	
86	16.932292	B4	71	13	*	-1	*	-1	-1	
87	17.290625	G#2	44	58	90	11.875000	G#2	44	60	
88	17.402083	Eb3	51	46	91	11.979167	Eb3	51	60	
89	17.402083	G#5	80	63	89	11.875000	G#5	80	70	
90	17.421875	Eb5	75	52	87	11.875000	Eb5	75	60	
91	17.434375	G#4	68	55	88	11.875000	G#4	68	60	
92	17.487500	B3	59	48	*	-1	*	-1	-1	
93	18.160417	G#5	80	58	96	12.500000	G#5	80	70	
94	18.172917	B4	71	46	94	12.500000	B4	71	60	
95	18.183333	Eb5	75	51	93	12.500000	Eb5	75	60	
96	18.198958	Eb4	63	37	97	12.500000	Eb4	63	60	
97	18.198958	G#4	68	47	95	12.500000	G#4	68	60	
98	18.206250	B3	59	41	98	12.500000	B3	59	60	
99	18.213542	G#3	56	30	99	12.500000	G#3	56	60	
100	21.294792	G#4	68	51	100	15.000000	G#4	68	60	
101	21.331250	G#3	56	30	101	15.000000	G#3	56	60	
102	22.028125	C#5	73	53	102	15.681818	C#5	73	60	
103	22.081250	C#4	61	29	103	15.681818	C#4	61	60	
104	22.672917	C#5	73	55	104	16.363636	C#5	73	60	
105	22.736458	C#4	61	32	105	16.363636	C#4	61	60	
106	23.945833	B4	71	55	106	17.727272	B4	71	60	
107	23.965625	B3	59	39	107	17.727272	B3	59	60	
108	24.226042	A4	69	52	108	18.068181	A4	69	60	
109	24.268750	A3	57	41	109	18.068181	A3	57	60	
110	24.539583	G#4	68	62	110	18.409090	G#4	68	60	
111	24.548958	G#3	56	44	111	18.409090	G#3	56	60	
112	25.198958	G#4	68	58	112	19.090908	G#4	68	60	
113	25.237500	G#3	56	40	113	19.090908	G#3	56	60	
114	25.864583	C#4	61	46	114	19.772726	C#4	61	60	
115	25.892708	C#3	49	40	115	19.772726	C#3	49	60	
116	26.577083	C#4	61	53	116	20.454544	C#4	61	70	
117	26.590625	A3	57	40	119	20.454544	A3	57	60	
118	26.596875	E3	52	43	118	20.454544	E3	52	60	
119	26.604167	C#3	49	38	117	20.454544	C#3	49	60	
120	26.613542	A2	45	31	120	20.454544	A2	45	70	
121	27.201042	Eb4	63	58	122	21.204544	Eb4	63	70	
122	27.220833	G#3	56	49	124	21.204544	G#3	56	60	
123	27.227083	B3	59	48	121	21.204544	B3	59	60	
124	27.233333	Eb3	51	47	123	21.204544	Eb3	51	60	
125	27.248958	G#2	44	40	125	21.204544	G#2	44	70	
126	27.819792	E4	64	55	127	21.954544	E4	64	70	
127	27.845833	A3	57	47	129	21.954544	A3	57	60	
128	27.845833	C#4	61	37	126	21.954544	C#4	61	60	
129	27.855208	F#2	42	33	130	21.954544	F#2	42	70	
130	27.862500	E3	52	35	128	21.954544	E3	52	60	
131	28.412500	G#4	68	52	134	22.704544	G#4	68	70	
132	28.428125	Eb4	63	47	133	22.704544	Eb4	63	60	
133	28.442708	B3	59	43	132	22.704544	B3	59	60	
134	28.446875	G#3	56	41	131	22.704544	G#3	56	60	
135	28.461458	E2	40	28	135	22.704544	E2	40	70	
136	29.109375	C#4	61	58	136	23.454544	C#4	61	70	
137	29.113542	C#3	49	37	137	23.454544	C#3	49	60	
138	29.127083	A3	57	46	139	23.454544	A3	57	60	
139	29.132292	E3	52	44	138	23.454544	E3	52	60	
140	29.148958	A2	45	36	140	23.454544	A2	45	70	
141	29.765625	Eb4	63	72	141	24.204544	Eb4	63	70	
142	29.767708	B3	59	61	144	24.204544	B3	59	60	
143	29.777083	G#3	56	65	143	24.204544	G#3	56	60	
144	29.788542	Eb3	51	58	142	24.204544	Eb3	51	60	
145	29.806250	G#2	44	46	145	24.204544	G#2	44	70	
146	30.393750	E4	64	78	147	24.954544	E4	64	70	
147	30.410417	A3	57	65	149	24.954544	A3	57	60	
148	30.416667	C#4	61	54	146	24.954544	C#4	61	60	
149	30.433333	E3	52	59	148	24.954544	E3	52	60	
150	30.446875	F#2	42	53	150	24.954544	F#2	42	70	
151	31.017708	G#4	68	82	154	25.704544	G#4	68	70	
152	31.027083	Eb4	63	68	153	25.704544	Eb4	63	60	
153	31.033333	B3	59	62	152	25.704544	B3	59	60	
154	31.042708	G#3	56	66	151	25.704544	G#3	56	60	
155	31.051042	E2	40	51	155	25.704544	E2	40	70	
156	31.654167	A4	69	87	159	26.454544	A4	69	77	
157	31.667708	E4	64	76	158	26.454544	E4	64	67	
158	31.676042	A3	57	71	156	26.454544	A3	57	67	
159	31.685417	Eb3	51	71	161	26.454544	Eb3	51	77	
160	31.690625	C#4	61	62	157	26.454544	C#4	61	67	
161	31.700000	Eb2	39	62	160	26.454544	Eb2	39	77	
162	32.400000	C#5	73	84	165	27.204544	C#5	73	84	
163	32.413542	G#4	68	75	164	27.204544	G#4	68	74	
164	32.420833	C#3	49	66	167	27.204544	C#3	49	84	
165	32.420833	C#4	61	71	162	27.204544	C#4	61	74	
166	32.420833	E4	64	72	163	27.204544	E4	64	74	
167	32.440625	C#2	37	49	166	27.204544	C#2	37	84	
168	33.312500	Eb5	75	72	171	27.954544	Eb5	75	90	
169	33.316667	B2	47	55	174	27.954544	B2	47	90	
170	33.332292	B1	35	51	172	27.954544	B1	35	90	
171	33.332292	Eb4	63	62	168	27.954544	Eb4	63	90	
172	33.332292	F#4	66	61	169	27.954544	F#4	66	90	
173	33.332292	B4	71	64	170	27.954544	B4	71	90	
174	33.336458	F#2	42	56	173	27.954544	F#2	42	90	
175	34.825000	Eb5	75	63	178	29.454544	Eb5	75	80	
176	34.847917	B3	59	49	181	29.454544	B3	59	70	
177	34.847917	F#4	66	52	176	29.454544	F#4	66	70	
178	34.853125	B2	47	48	179	29.454544	B2	47	70	
179	34.853125	F#3	54	48	180	29.454544	F#3	54	70	
180	34.853125	B4	71	57	177	29.454544	B4	71	70	
181	34.857292	Eb4	63	49	175	29.454544	Eb4	63	70	
182	38.452083	E5	76	74	184	32.612438	E5	76	90	
183	38.469792	E4	64	52	182	32.612438	E4	64	80	
184	38.484375	A3	57	46	185	32.612438	A3	57	80	
185	38.484375	A4	69	37	183	32.612438	A4	69	80	
186	38.507292	C#4	61	37	186	32.612438	C#4	61	80	
187	38.554167	A4	69	11	*	-1	*	-1	-1	
188	38.761458	Eb5	75	72	187	32.953347	Eb5	75	90	
189	39.025000	C#5	73	75	188	33.294256	C#5	73	90	
190	39.653125	C#5	73	71	191	33.976074	C#5	73	90	
191	39.676042	F#4	66	57	189	33.976074	F#4	66	80	
192	39.685417	Bb4	70	55	190	33.976074	Bb4	70	80	
193	39.694792	C#4	61	34	194	33.976074	C#4	61	80	
194	39.697917	F#3	54	37	192	33.976074	F#3	54	80	
195	39.702083	Bb3	58	38	193	33.976074	Bb3	58	80	
196	40.847917	Eb3	51	45	197	35.339710	Eb3	51	80	
197	40.853125	Eb4	63	36	199	35.339710	Eb4	63	80	
198	40.860417	Bb3	58	39	198	35.339710	Bb3	58	80	
199	40.869792	Bb4	70	35	196	35.339710	Bb4	70	80	
200	40.878125	F#4	66	33	195	35.339710	F#4	66	80	
201	41.412500	F#5	78	71	200	36.021528	F#5	78	90	
202	42.126042	E5	76	63	203	36.703346	E5	76	90	
203	42.155208	A3	57	42	204	36.703346	A3	57	80	
204	42.175000	C#4	61	36	205	36.703346	C#4	61	80	
205	42.180208	E4	64	47	201	36.703346	E4	64	80	
206	42.416667	Eb5	75	62	206	37.044255	Eb5	75	90	
207	42.706250	C#5	73	65	207	37.385164	C#5	73	90	
208	43.276042	C#5	73	57	210	38.066982	C#5	73	90	
209	43.317708	Bb4	70	44	209	38.066982	Bb4	70	80	
210	43.325000	F#4	66	41	208	38.066982	F#4	66	80	
211	43.333333	Bb3	58	32	212	38.066982	Bb3	58	80	
212	43.338542	F#3	54	26	211	38.066982	F#3	54	80	
213	43.354167	C#4	61	24	213	38.066982	C#4	61	80	
214	44.486458	Eb4	63	30	218	39.430618	Eb4	63	80	
215	44.486458	Bb4	70	31	215	39.430618	Bb4	70	80	
216	44.490625	F#4	66	26	214	39.430618	F#4	66	80	
217	44.495833	Bb3	58	31	217	39.430618	Bb3	58	80	
218	44.501042	Eb3	51	28	216	39.430618	Eb3	51	80	
219	45.097917	Eb5	75	55	219	40.112436	Eb5	75	90	
220	45.755208	G#4	68	49	221	40.794254	G#4	68	70	
221	45.760417	E3	52	39	224	40.794254	E3	52	60	
222	45.771875	Bb3	58	38	220	40.794254	Bb3	58	60	
223	45.776042	C#3	49	33	223	40.794254	C#3	49	60	
224	45.809375	F#2	42	18	222	40.794254	F#2	42	60	
225	46.027083	F#4	66	60	225	41.135163	F#4	66	70	
226	46.320833	E4	64	59	227	41.476072	E4	64	70	
227	46.330208	G#3	56	54	226	41.476072	G#3	56	60	
228	46.334375	D3	50	43	230	41.476072	D3	50	60	
229	46.343750	B2	47	38	229	41.476072	B2	47	60	
230	46.360417	E2	40	37	228	41.476072	E2	40	60	
231	46.935417	E4	64	47	232	42.157890	E4	64	70	
232	46.946875	F#3	54	37	231	42.157890	F#3	54	60	
233	46.964583	C3	48	35	235	42.157890	C3	48	60	
234	46.982292	D2	38	33	233	42.157890	D2	38	60	
235	46.991667	A2	45	28	234	42.157890	A2	45	60	
236	47.536458	G#3	56	69	236	42.839708	G#3	56	60	
237	47.567708	D3	50	35	239	42.839708	D3	50	60	
238	47.571875	B2	47	37	238	42.839708	B2	47	60	
239	47.593750	E2	40	35	237	42.839708	E2	40	60	
240	48.065625	Bb3	58	81	240	43.521526	Bb3	58	60	
241	48.097917	E3	52	48	243	43.521526	E3	52	60	
242	48.105208	C#3	49	44	242	43.521526	C#3	49	60	
243	48.110417	F#2	42	47	241	43.521526	F#2	42	60	
244	48.653125	F#4	66	74	245	44.203344	F#4	66	70	
245	48.670833	C4	60	62	244	44.203344	C4	60	60	
246	48.683333	Eb3	51	47	247	44.203344	Eb3	51	60	
247	48.689583	F#3	54	43	246	44.203344	F#3	54	60	
248	48.714583	G#2	44	40	248	44.203344	G#2	44	60	
249	49.419792	G#4	68	50	250	44.885162	G#4	68	70	
250	49.441667	Bb3	58	44	249	44.885162	Bb3	58	60	
251	49.455208	E3	52	37	253	44.885162	E3	52	60	
252	49.464583	C#3	49	36	252	44.885162	C#3	49	60	
253	49.500000	F#2	42	21	251	44.885162	F#2	42	60	
254	49.807292	F#4	66	49	254	45.226071	F#4	66	70	
255	50.121875	E4	64	49	256	45.566980	E4	64	70	
256	50.166667	D3	50	32	259	45.566980	D3	50	60	
257	50.166667	G#3	56	40	255	45.566980	G#3	56	60	
258	50.180208	B2	47	24	258	45.566980	B2	47	60	
259	50.192708	E2	40	16	257	45.566980	E2	40	60	
260	50.733333	E4	64	45	261	46.248798	E4	64	70	
261	50.748958	F#3	54	39	260	46.248798	F#3	54	60	
262	50.754167	C3	48	29	264	46.248798	C3	48	60	
263	50.782292	D2	38	23	262	46.248798	D2	38	60	
264	50.796875	A2	45	24	263	46.248798	A2	45	60	
265	51.347917	G#3	56	45	265	46.930616	G#3	56	60	
266	51.357292	B2	47	36	267	46.930616	B2	47	60	
267	51.357292	D3	50	31	268	46.930616	D3	50	60	
268	51.387500	E2	40	27	266	46.930616	E2	40	60	
269	51.940625	Bb3	58	51	269	47.612434	Bb3	58	60	
270	51.952083	F#2	42	38	270	47.612434	F#2	42	60	
271	51.967708	C#3	49	29	271	47.612434	C#3	49	60	
272	51.972917	E3	52	32	272	47.612434	E3	52	60	
273	52.571875	F#4	66	56	274	48.294252	F#4	66	70	
274	52.584375	Eb3	51	37	276	48.294252	Eb3	51	60	
275	52.584375	F#3	54	38	275	48.294252	F#3	54	60	
276	52.584375	C4	60	44	273	48.294252	C4	60	60	
277	52.614583	G#2	44	26	277	48.294252	G#2	44	60	
278	53.432292	C#4	61	48	279	48.976070	C#4	61	60	
279	53.450000	G#3	56	38	281	48.976070	G#3	56	50	
280	53.465625	E3	52	36	278	48.976070	E3	52	50	
281	53.469792	Bb2	46	36	280	48.976070	Bb2	46	50	
282	55.181250	F#4	66	48	283	51.021524	F#4	66	60	
283	55.232292	Bb3	58	28	282	51.021524	Bb3	58	50	
284	55.237500	C#3	49	30	285	51.021524	C#3	49	50	
285	55.255208	F#2	42	23	284	51.021524	F#2	42	50	
286	55.817708	C#4	61	42	287	51.703342	C#4	61	50	
287	55.827083	E3	52	37	286	51.703342	E3	52	50	
288	55.827083	G#3	56	29	289	51.703342	G#3	56	50	
289	55.843750	Bb2	46	33	288	51.703342	Bb2	46	50	
290	56.391667	F#4	66	52	291	52.385160	F#4	66	60	
291	56.423958	C#3	49	35	293	52.385160	C#3	49	50	
292	56.433333	Bb3	58	38	290	52.385160	Bb3	58	50	
293	56.451042	F#2	42	31	292	52.385160	F#2	42	50	
294	57.070833	C#4	61	40	295	53.066978	C#4	61	50	
295	57.084375	Bb2	46	37	296	53.066978	Bb2	46	40	
296	57.084375	E3	52	35	294	53.066978	E3	52	40	
297	57.094792	G#3	56	26	297	53.066978	G#3	56	40	
298	57.785417	Eb4	63	47	300	53.816978	Eb4	63	50	
299	57.798958	Bb2	46	38	302	53.816978	Bb2	46	40	
300	57.807292	G3	55	34	299	53.816978	G3	55	40	
301	57.820833	Eb2	39	30	301	53.816978	Eb2	39	40	
302	57.830208	Bb3	58	27	298	53.816978	Bb3	58	40	
303	58.602083	Eb4	63	38	305	54.566978	Eb4	63	50	
304	58.625000	Eb2	39	32	306	54.566978	Eb2	39	40	
305	58.625000	G3	55	23	303	54.566978	G3	55	40	
306	58.633333	Bb3	58	34	304	54.566978	Bb3	58	40	
307	58.638542	Bb2	46	32	307	54.566978	Bb2	46	40	
308	60.436458	Eb1	27	38	308	56.066978	Eb1	27	50	
309	64.571875	F#5	78	65	311	59.066978	F#5	78	70	
310	64.600000	F#4	66	48	309	59.066978	F#4	66	60	
311	64.606250	Eb3	51	37	312	59.066978	Eb3	51	60	
312	64.607292	C#4	61	28	314	59.066978	C#4	61	60	
313	64.611458	C#5	73	45	310	59.066978	C#5	73	60	
314	64.622917	A3	57	33	313	59.066978	A3	57	60	
315	66.026042	A5	81	71	317	60.316978	A5	81	70	
316	66.041667	E5	76	66	315	60.316978	E5	76	60	
317	66.051042	A4	69	52	316	60.316978	A4	69	60	
318	66.063542	E4	64	44	318	60.316978	E4	64	60	
319	66.068750	C#4	61	34	319	60.316978	C#4	61	60	
320	66.073958	F#3	54	36	320	60.316978	F#3	54	60	
321	67.462500	B5	83	60	323	61.566978	B5	83	70	
322	67.481250	F#5	78	50	322	61.566978	F#5	78	60	
323	67.509375	A3	57	39	326	61.566978	A3	57	60	
324	67.509375	F#4	66	44	324	61.566978	F#4	66	60	
325	67.509375	B4	71	40	321	61.566978	B4	71	60	
326	67.513542	Eb4	63	49	325	61.566978	Eb4	63	60	
327	67.881250	A5	81	72	329	61.983645	A5	81	70	
328	67.902083	A4	69	60	327	61.983645	A4	69	60	
329	67.902083	E5	76	62	328	61.983645	E5	76	60	
330	67.916667	E4	64	51	330	61.983645	E4	64	60	
331	67.921875	F#3	54	52	332	61.983645	F#3	54	60	
332	67.921875	C#4	61	52	331	61.983645	C#4	61	60	
333	68.218750	F#5	78	77	335	62.400311	F#5	78	70	
334	68.240625	C#4	61	55	337	62.400311	C#4	61	60	
335	68.244792	F#4	66	60	333	62.400311	F#4	66	60	
336	68.244792	C#5	73	64	334	62.400311	C#5	73	60	
337	68.257292	A3	57	52	336	62.400311	A3	57	60	
338	68.271875	Eb3	51	51	338	62.400311	Eb3	51	60	
339	68.627083	E5	76	72	341	62.816978	E5	76	70	
340	68.648958	B4	71	47	340	62.816978	B4	71	60	
341	68.682292	B3	59	47	344	62.816978	B3	59	60	
342	68.682292	E4	64	48	339	62.816978	E4	64	60	
343	68.701042	E3	52	39	342	62.816978	E3	52	60	
344	68.712500	G#3	56	39	343	62.816978	G#3	56	60	
345	68.722917	B4	71	30	*	-1	*	-1	-1	
346	69.069792	G#2	44	49	348	63.441978	G#2	44	60	
347	69.173958	G#5	80	57	347	63.441978	G#5	80	70	
348	69.208333	G#4	68	49	346	63.441978	G#4	68	60	
349	69.208333	Eb5	75	41	345	63.441978	Eb5	75	60	
350	69.221875	Eb3	51	43	349	63.546145	Eb3	51	60	
351	69.291667	B3	59	35	350	63.650311	B3	59	60	
352	69.830208	G#5	80	53	354	64.066978	G#5	80	70	
353	69.861458	G#4	68	48	353	64.066978	G#4	68	60	
354	69.866667	B4	71	40	352	64.066978	B4	71	60	
355	69.871875	Eb5	75	41	351	64.066978	Eb5	75	60	
356	69.880208	Eb4	63	37	355	64.066978	Eb4	63	60	
357	69.935417	G#3	56	21	357	64.066978	G#3	56	60	
358	72.334375	F#5	78	68	360	66.566978	F#5	78	70	
359	72.355208	F#4	66	57	358	66.566978	F#4	66	60	
360	72.380208	C#4	61	33	363	66.566978	C#4	61	60	
361	72.380208	C#5	73	53	359	66.566978	C#5	73	60	
362	72.395833	Eb3	51	47	361	66.566978	Eb3	51	60	
363	72.395833	A3	57	46	362	66.566978	A3	57	60	
364	72.981250	G#5	80	83	365	67.191978	G#5	80	70	
365	73.018750	G#4	68	51	364	67.191978	G#4	68	60	
366	73.622917	A5	81	80	368	67.816978	A5	81	70	
367	73.650000	E5	76	66	367	67.816978	E5	76	60	
368	73.665625	C#4	61	47	370	67.816978	C#4	61	60	
369	73.665625	E4	64	59	369	67.816978	E4	64	60	
370	73.665625	A4	69	47	366	67.816978	A4	69	60	
371	73.673958	F#3	54	50	371	67.816978	F#3	54	60	
372	74.959375	B5	83	62	374	69.066978	B5	83	70	
373	74.989583	F#5	78	53	373	69.066978	F#5	78	60	
374	74.993750	F#4	66	48	375	69.066978	F#4	66	60	
375	75.002083	A3	57	46	377	69.066978	A3	57	60	
376	75.014583	Eb4	63	46	376	69.066978	Eb4	63	60	
377	75.018750	B4	71	35	372	69.066978	B4	71	60	
378	75.392708	A5	81	71	380	69.483645	A5	81	70	
379	75.397917	E5	76	61	379	69.483645	E5	76	60	
380	75.411458	A4	69	57	378	69.483645	A4	69	60	
381	75.418750	C#4	61	58	382	69.483645	C#4	61	60	
382	75.418750	E4	64	51	381	69.483645	E4	64	60	
383	75.431250	F#3	54	53	383	69.483645	F#3	54	60	
384	75.742708	F#5	78	80	386	69.900311	F#5	78	70	
385	75.763542	C#4	61	55	388	69.900311	C#4	61	60	
386	75.763542	C#5	73	62	385	69.900311	C#5	73	60	
387	75.768750	A3	57	63	387	69.900311	A3	57	60	
388	75.772917	Eb3	51	62	389	69.900311	Eb3	51	60	
389	75.777083	F#4	66	51	384	69.900311	F#4	66	60	
390	76.123958	E5	76	80	392	70.316978	E5	76	70	
391	76.151042	E4	64	50	390	70.316978	E4	64	60	
392	76.151042	B4	71	49	391	70.316978	B4	71	60	
393	76.169792	E3	52	50	393	70.316978	E3	52	60	
394	76.169792	B3	59	55	395	70.316978	B3	59	60	
395	76.183333	G#3	56	56	394	70.316978	G#3	56	60	
396	76.578125	G#2	44	59	399	70.941978	G#2	44	60	
397	76.679167	Eb3	51	57	400	71.046145	Eb3	51	60	
398	76.694792	G#5	80	74	398	70.941978	G#5	80	70	
399	76.708333	Eb5	75	61	396	70.941978	Eb5	75	60	
400	76.717708	G#4	68	63	397	70.941978	G#4	68	60	
401	76.790625	B3	59	57	401	71.150311	B3	59	60	
402	77.440625	G#5	80	66	405	71.566978	G#5	80	70	
403	77.456250	G#4	68	59	404	71.566978	G#4	68	60	
404	77.465625	B3	59	52	407	71.566978	B3	59	60	
405	77.465625	Eb4	63	49	406	71.566978	Eb4	63	60	
406	77.465625	B4	71	49	403	71.566978	B4	71	60	
407	77.465625	Eb5	75	56	402	71.566978	Eb5	75	60	
408	77.469792	G#3	56	44	408	71.566978	G#3	56	60	
409	79.626042	C#3	49	64	413	74.066978	C#3	49	80	
410	79.700000	G#3	56	65	414	74.171145	G#3	56	80	
411	79.805208	G#5	80	86	412	74.066978	G#5	80	90	
412	79.816667	E5	76	77	410	74.066978	E5	76	80	
413	79.820833	C#4	61	55	415	74.275311	C#4	61	81	
414	79.823958	G#4	68	79	409	74.066978	G#4	68	80	
415	79.832292	C#5	73	74	411	74.066978	C#5	73	80	
416	79.872917	E4	64	66	416	74.379478	E4	64	82	
417	80.527083	B5	83	91	418	74.691978	B5	83	94	
418	80.541667	B4	71	81	417	74.691978	B4	71	84	
419	80.665625	B2	47	70	423	75.316978	B2	47	88	
420	80.736458	F#3	54	62	424	75.421145	F#3	54	89	
421	80.805208	B3	59	75	425	75.525311	B3	59	89	
422	80.916667	Eb4	63	77	*	-1	*	-1	-1	
423	81.001042	F#4	66	87	*	-1	*	-1	-1	
424	81.084375	B5	83	90	422	75.316978	B5	83	98	
425	81.091667	B4	71	81	419	75.316978	B4	71	88	
426	81.095833	Eb5	75	85	420	75.316978	Eb5	75	88	
427	81.095833	F#5	78	89	421	75.316978	F#5	78	88	
428	81.621875	A2	45	88	431	76.566978	A2	45	97	
429	81.820833	E3	52	78	432	76.671145	E3	52	97	
430	81.919792	A3	57	81	433	76.775311	A3	57	98	
431	82.042708	C#4	61	69	436	76.879478	C#4	61	99	
432	82.108333	E4	64	83	437	76.983645	E4	64	99	
433	82.215625	A4	69	80	438	77.087811	A4	69	100	
434	82.276042	C#6	85	85	*	-1	*	-1	-1	
435	82.291667	C#5	73	85	*	-1	*	-1	-1	
436	82.295833	E5	76	77	*	-1	*	-1	-1	
437	82.585417	B5	83	85	435	76.879478	B5	83	109	
438	82.590625	B4	71	82	434	76.879478	B4	71	99	
439	82.906250	A5	81	81	440	77.191978	A5	81	110	
440	82.910417	A4	69	76	439	77.191978	A4	69	100	
441	83.691667	G#2	44	74	442	77.816978	G#2	44	70	
442	83.710417	G#1	32	62	441	77.816978	G#1	32	70	
443	84.379167	B2	47	58	444	78.441978	B2	47	68	
444	84.396875	B1	35	47	443	78.441978	B1	35	68	
445	85.068750	B2	47	44	446	79.066978	B2	47	65	
446	85.089583	B1	35	32	445	79.066978	B1	35	65	
447	86.457292	C#2	37	40	447	80.316978	C#2	37	60	
448	86.464583	C#3	49	40	448	80.316978	C#3	49	60	
449	86.804167	B2	47	44	450	80.657887	B2	47	59	
450	86.839583	B1	35	24	449	80.657887	B1	35	59	
451	87.128125	A2	45	42	452	80.998796	A2	45	57	
452	87.172917	A1	33	38	451	80.998796	A1	33	57	
453	87.827083	G#2	44	41	454	81.680614	G#2	44	55	
454	87.847917	G#1	32	30	453	81.680614	G#1	32	55	
455	88.568750	E1	28	38	455	82.430614	E1	28	52	
456	88.576042	E2	40	29	456	82.430614	E2	40	52	
457	89.331250	E2	40	32	458	83.180614	E2	40	50	
458	89.336458	E1	28	37	457	83.180614	E1	28	50	
459	90.734375	F#2	42	32	460	84.680614	F#2	42	44	
460	90.743750	F#1	30	28	459	84.680614	F#1	30	44	
461	92.420833	C#2	37	19	462	86.180614	C#2	37	40	
462	92.428125	C#1	25	31	461	86.180614	C#1	25	40	
463	96.600000	C#3	49	32	467	90.680614	C#3	49	40	
464	96.604167	B3	59	29	464	90.680614	B3	59	40	
465	96.609375	C#4	61	31	465	90.680614	C#4	61	40	
466	96.631250	G#2	44	30	466	90.680614	G#2	44	40	
467	96.634375	F#3	54	14	463	90.680614	F#3	54	40	
468	97.808333	C#4	61	34	470	91.930614	C#4	61	40	
469	97.817708	G#2	44	33	471	91.930614	G#2	44	40	
470	97.817708	C#3	49	30	472	91.930614	C#3	49	40	
471	97.827083	B3	59	31	469	91.930614	B3	59	40	
472	97.858333	F#3	54	12	468	91.930614	F#3	54	40	
473	98.956250	B2	47	25	477	93.180614	B2	47	40	
474	98.956250	E4	64	40	474	93.180614	E4	64	40	
475	98.971875	E3	52	33	476	93.180614	E3	52	40	
476	98.980208	A3	57	33	473	93.180614	A3	57	40	
477	99.512500	G#3	56	45	478	93.805614	G#3	56	40	
478	99.764583	G3	55	45	479	94.118114	G3	55	40	
479	100.094792	C#4	61	32	481	94.430614	C#4	61	40	
480	100.104167	F#3	54	36	482	94.430614	F#3	54	40	
481	100.120833	C#3	49	35	484	94.430614	C#3	49	40	
482	100.126042	B3	59	15	480	94.430614	B3	59	40	
483	100.130208	G#2	44	34	483	94.430614	G#2	44	40	
484	101.236458	C#4	61	43	487	95.680614	C#4	61	40	
485	101.245833	B3	59	39	486	95.680614	B3	59	40	
486	101.259375	C#3	49	39	489	95.680614	C#3	49	40	
487	101.265625	G#2	44	39	488	95.680614	G#2	44	40	
488	101.265625	F#3	54	27	485	95.680614	F#3	54	40	
489	101.881250	C#2	37	49	490	96.305614	C#2	37	40	
490	103.044792	G#1	32	42	491	97.555614	G#1	32	40	
491	103.784375	C#4	61	36	494	98.180614	C#4	61	40	
492	103.791667	C#1	25	52	495	98.180614	C#1	25	40	
493	103.791667	B3	59	40	493	98.180614	B3	59	40	
494	103.795833	F#3	54	31	492	98.180614	F#3	54	40	
495	105.051042	C#4	61	53	498	99.430614	C#4	61	40	
496	105.077083	F#3	54	42	496	99.430614	F#3	54	40	
497	105.086458	C#3	49	43	500	99.430614	C#3	49	40	
498	105.090625	G#2	44	36	499	99.430614	G#2	44	40	
499	105.113542	B3	59	34	497	99.430614	B3	59	40	
500	106.240625	E4	64	65	501	100.680614	E4	64	40	
501	106.271875	E3	52	40	504	100.680614	E3	52	40	
502	106.271875	A3	57	52	502	100.680614	A3	57	40	
503	106.278125	B2	47	47	505	100.680614	B2	47	40	
504	106.282292	D4	62	50	503	100.680614	D4	62	40	
505	106.783333	F#4	66	66	506	101.305614	F#4	66	40	
506	106.806250	G#3	56	63	507	101.305614	G#3	56	40	
507	107.045833	G3	55	51	508	101.618114	G3	55	40	
508	107.395833	C#4	61	51	510	101.930614	C#4	61	40	
509	107.417708	F#3	54	46	511	101.930614	F#3	54	40	
510	107.427083	B3	59	40	509	101.930614	B3	59	40	
511	107.431250	C#3	49	37	513	101.930614	C#3	49	40	
512	107.456250	G#2	44	37	512	101.930614	G#2	44	40	
513	108.645833	G#2	44	43	517	103.180614	G#2	44	40	
514	108.645833	C#3	49	40	518	103.180614	C#3	49	40	
515	108.645833	C#4	61	42	516	103.180614	C#4	61	40	
516	108.650000	B3	59	40	515	103.180614	B3	59	40	
517	108.656250	F#3	54	26	514	103.180614	F#3	54	40	
518	109.350000	C#2	37	49	519	103.805614	C#2	37	40	
519	110.665625	G#1	32	57	520	105.055614	G#1	32	40	
520	111.516667	D4	62	56	522	105.680614	D4	62	40	
521	111.518750	E4	64	57	523	105.680614	E4	64	40	
522	111.527083	A3	57	50	521	105.680614	A3	57	40	
523	111.534375	E3	52	47	525	105.680614	E3	52	40	
524	111.539583	B2	47	45	524	105.680614	B2	47	40	
525	112.748958	A3	57	66	528	106.930614	A3	57	40	
526	112.753125	D4	62	63	527	106.930614	D4	62	40	
527	112.753125	E4	64	60	526	106.930614	E4	64	40	
528	112.760417	E3	52	49	530	106.930614	E3	52	40	
529	112.786458	B2	47	38	529	106.930614	B2	47	40	
530	113.994792	C4	60	67	531	108.180614	C4	60	40	
531	114.004167	G4	67	59	533	108.180614	G4	67	40	
532	114.040625	G3	55	42	534	108.180614	G3	55	40	
533	114.066667	D3	50	25	535	108.180614	D3	50	40	
534	114.573958	B3	59	70	536	108.805614	B3	59	40	
535	114.834375	Bb3	58	69	537	109.118114	Bb3	58	40	
536	115.173958	D4	62	65	539	109.430614	D4	62	40	
537	115.178125	E3	52	56	542	109.430614	E3	52	40	
538	115.178125	A3	57	59	538	109.430614	A3	57	40	
539	115.178125	E4	64	63	540	109.430614	E4	64	40	
540	115.206250	B2	47	46	541	109.430614	B2	47	40	
541	116.391667	E4	64	78	543	110.680614	E4	64	54	
542	116.401042	D4	62	71	544	110.680614	D4	62	54	
543	116.409375	A3	57	63	545	110.680614	A3	57	54	
544	116.413542	E3	52	64	547	110.680614	E3	52	54	
545	116.418750	B2	47	54	546	110.680614	B2	47	54	
546	117.602083	G4	67	80	*	-1	*	-1	-1	
547	117.615625	F4	65	68	552	112.347281	F4	65	74	
548	117.619792	C4	60	68	549	111.930614	C4	60	69	
549	117.629167	G3	55	64	550	111.930614	G3	55	69	
550	117.645833	D3	50	54	551	111.930614	D3	50	69	
551	118.180208	A4	69	83	554	112.763947	A4	69	79	
552	118.205208	B3	59	73	553	112.555614	B3	59	77	
553	118.815625	Bb4	70	66	558	113.180614	Bb4	70	90	
554	118.819792	Bb3	58	57	555	113.180614	Bb3	58	90	
555	118.834375	Eb4	63	53	556	113.180614	Eb4	63	90	
556	118.834375	G#4	68	58	557	113.180614	G#4	68	90	
557	118.850000	F#3	54	57	561	113.180614	F#3	54	80	
558	118.881250	Eb2	39	47	559	113.180614	C#2	37	80	
559	118.881250	G#2	44	47	560	113.180614	G#2	44	80	
560	120.000000	Bb4	70	87	562	114.430614	Bb4	70	90	
561	120.016667	Bb3	58	66	565	114.430614	Bb3	58	90	
562	120.021875	F#3	54	63	566	114.430614	F#3	54	80	
563	120.021875	F#4	66	68	563	114.430614	F#4	66	90	
564	120.028125	C#4	61	55	564	114.430614	C#4	61	90	
565	120.035417	F#2	42	51	568	114.430614	F#2	42	80	
566	120.039583	C#3	49	58	567	114.430614	C#3	49	80	
567	121.179167	Eb5	75	77	572	115.680614	Eb5	75	90	
568	121.202083	G#3	56	63	575	115.680614	G#3	56	80	
569	121.207292	Eb3	51	57	574	115.680614	Eb3	51	80	
570	121.219792	G#2	44	57	573	115.680614	G#2	44	80	
571	121.219792	Eb4	63	57	571	115.680614	Eb4	63	90	
572	121.219792	F#4	66	53	569	115.680614	F#4	66	80	
573	121.219792	Bb4	70	56	570	115.680614	Bb4	70	80	
574	121.753125	C#5	73	81	577	116.305614	C#5	73	90	
575	121.764583	C#4	61	66	576	116.305614	C#4	61	90	
576	121.991667	C5	72	90	579	116.618114	C5	72	90	
577	122.008333	C4	60	74	578	116.618114	C4	60	90	
578	122.330208	Bb4	70	91	583	116.930614	Bb4	70	90	
579	122.348958	F#3	54	77	586	116.930614	F#3	54	80	
580	122.348958	Bb3	58	73	582	116.930614	Bb3	58	90	
581	122.356250	Eb2	39	68	584	116.930614	Eb2	39	80	
582	122.363542	F#4	66	68	581	116.930614	G#4	68	80	
583	122.367708	G#2	44	65	585	116.930614	G#2	44	80	
584	122.945833	C5	72	93	587	117.555614	C5	72	94	
585	122.963542	C4	60	75	588	117.555614	C4	60	94	
586	123.277083	F#2	42	76	593	118.180614	F#2	42	88	
587	123.376042	C#3	49	71	594	118.180614	C#3	49	88	
588	123.427083	C#5	73	95	592	118.180614	C#5	73	98	
589	123.434375	C#4	61	80	591	118.180614	C#4	61	98	
590	123.441667	Bb4	70	82	590	118.180614	Bb4	70	88	
591	123.445833	F#4	66	80	589	118.180614	F#4	66	88	
592	123.513542	Bb3	58	79	595	118.180614	Bb3	58	88	
593	124.034375	Eb5	75	92	597	118.805614	Eb5	75	102	
594	124.043750	Eb4	63	79	596	118.805614	Eb4	63	102	
595	124.339583	Bb2	46	72	603	119.430614	Bb2	46	97	
596	124.408333	F3	53	71	602	119.430614	F3	53	97	
597	124.634375	F5	77	92	599	119.430614	F5	77	107	
598	124.660417	Bb4	70	84	598	119.430614	Bb4	70	97	
599	124.664583	F4	65	80	600	119.430614	F4	65	107	
600	124.678125	C#4	61	55	601	119.430614	C#4	61	97	
601	125.250000	C#5	73	85	604	120.055614	C#5	73	110	
602	126.169792	Eb4	63	39	605	120.680614	Eb4	63	60	
603	126.169792	F4	65	39	606	120.680614	F4	65	70	
604	126.177083	B3	59	38	608	120.680614	B3	59	60	
605	126.186458	G#3	56	31	607	120.680614	G#3	56	60	
606	126.794792	G#4	68	54	609	121.362432	G#4	68	70	
607	126.829167	F3	53	31	610	121.362432	F3	53	60	
608	127.506250	C#5	73	55	613	122.044250	C#5	73	70	
609	127.558333	E3	52	28	614	122.044250	E3	52	60	
610	127.558333	G#3	56	31	615	122.044250	G#3	56	60	
611	127.562500	D4	62	34	611	122.044250	D4	62	60	
612	127.569792	G#4	68	35	612	122.044250	F#4	66	60	
613	128.785417	B4	71	54	618	123.407886	B4	71	70	
614	128.812500	Eb3	51	39	620	123.407886	Eb3	51	60	
615	128.817708	B3	59	34	616	123.407886	B3	59	60	
616	128.821875	G#2	44	35	619	123.407886	G#2	44	60	
617	128.835417	G#3	56	19	621	123.407886	G#3	56	60	
618	129.060417	Bb4	70	60	622	123.748795	Bb4	70	65	
619	129.380208	G#4	68	52	623	124.089704	G#4	68	59	
620	129.981250	G#4	68	48	627	124.771522	G#4	68	50	
621	130.017708	B2	47	30	629	124.771522	B2	47	40	
622	130.017708	G#3	56	35	624	124.771522	G#3	56	50	
623	130.021875	E3	52	35	630	124.771522	E3	52	40	
624	130.021875	E4	64	40	626	124.771522	E4	64	50	
625	130.029167	B3	59	27	625	124.771522	B3	59	50	
626	130.037500	E2	40	23	628	124.771522	E2	40	40	
627	130.668750	B1	35	34	631	125.453340	B1	35	40	
628	131.913542	E1	28	33	632	126.816976	E1	28	40	
629	132.517708	E1	28	35	633	127.498794	E1	28	40	
630	134.043750	D3	50	35	638	128.862430	D3	50	70	
631	134.055208	E4	64	45	634	128.862430	E4	64	80	
632	134.066667	E2	40	33	637	128.862430	E2	40	70	
633	134.070833	F#3	54	12	639	128.862430	F#3	54	80	
634	134.073958	F#4	66	33	635	128.862430	F#4	66	80	
635	134.081250	B1	35	17	636	128.862430	B1	35	70	
636	134.088542	B3	59	27	640	128.862430	B3	59	80	
637	135.338542	F#4	66	55	641	130.112430	F#4	66	80	
638	135.373958	D4	62	49	642	130.112430	D4	62	80	
639	135.379167	A2	45	40	644	130.112430	A2	45	70	
640	135.383333	F#3	54	36	647	130.112430	F#3	54	80	
641	135.392708	A3	57	37	646	130.112430	A3	57	80	
642	135.402083	D3	50	32	643	130.112430	D3	50	70	
643	135.423958	D2	38	21	645	130.112430	D2	38	70	
644	136.603125	B4	71	48	650	131.362430	B4	71	80	
645	136.622917	B2	47	42	652	131.362430	B2	47	70	
646	136.629167	F#3	54	48	653	131.362430	F#3	54	70	
647	136.629167	D4	62	40	648	131.362430	D4	62	70	
648	136.634375	B3	59	35	654	131.362430	B3	59	80	
649	136.638542	F#4	66	38	649	131.362430	F#4	66	70	
650	136.656250	E2	40	24	651	131.362430	E2	40	70	
651	137.183333	A4	69	59	655	131.987430	A4	69	80	
652	137.206250	A3	57	50	656	131.987430	A3	57	80	
653	137.436458	G#4	68	75	657	132.299930	G#4	68	80	
654	137.455208	G#3	56	60	658	132.299930	G#3	56	80	
655	137.812500	F#4	66	60	661	132.612430	F#4	66	80	
656	137.823958	B1	35	51	662	132.612430	B1	35	70	
657	137.833333	D3	50	49	664	132.612430	D3	50	70	
658	137.833333	F#3	54	48	665	132.612430	F#3	54	80	
659	137.838542	E4	64	59	660	132.612430	E4	64	70	
660	137.856250	B3	59	46	659	132.612430	B3	59	70	
661	137.863542	E2	40	45	663	132.612430	E2	40	70	
662	138.430208	G#4	68	70	666	133.237430	G#4	68	80	
663	138.467708	G#3	56	49	667	133.237430	G#3	56	80	
664	138.801042	D2	38	63	671	133.862430	D2	38	70	
665	138.869792	A2	45	47	672	133.862430	A2	45	70	
666	138.941667	A4	69	77	670	133.862430	A4	69	80	
667	138.965625	F#4	66	69	669	133.862430	F#4	66	70	
668	138.971875	A3	57	68	674	133.862430	A3	57	80	
669	138.976042	D4	62	67	668	133.862430	D4	62	70	
670	139.045833	F#3	54	53	673	133.862430	F#3	54	70	
671	139.481250	B4	71	86	675	134.487430	B4	71	80	
672	139.495833	B3	59	68	676	134.487430	B3	59	80	
673	139.821875	F#2	42	72	682	135.112430	F#2	42	70	
674	139.931250	C#3	49	47	681	135.112430	C#3	49	70	
675	140.021875	C#5	73	90	679	135.112430	C#5	73	80	
676	140.047917	F#4	66	73	678	135.112430	F#4	66	70	
677	140.052083	C#4	61	70	677	135.112430	C#4	61	70	
678	140.139583	A3	57	55	680	135.112430	A3	57	70	
679	140.685417	A4	69	71	683	135.737430	A4	69	80	
680	141.387500	Eb5	75	61	687	136.362430	Eb5	75	60	
681	141.393750	A3	57	42	689	136.362430	A3	57	60	
682	141.404167	C#4	61	41	690	136.362430	C#4	61	60	
683	141.404167	Eb4	63	41	691	136.362430	Eb4	63	60	
684	141.404167	A4	69	42	685	136.362430	A4	69	60	
685	141.416667	F#4	66	45	684	136.362430	F#4	66	60	
686	141.426042	F#3	54	29	688	136.362430	F#3	54	60	
687	141.431250	C#5	73	38	686	136.362430	C#5	73	60	
688	141.970833	E5	76	60	695	136.939353	E5	76	60	
689	141.976042	B3	59	42	697	136.939353	B3	59	60	
690	142.005208	C#4	61	32	698	136.939353	C#4	61	60	
691	142.005208	E4	64	45	699	136.939353	E4	64	60	
692	142.005208	C#5	73	48	694	136.939353	C#5	73	60	
693	142.010417	G#4	68	47	692	136.939353	G#4	68	60	
694	142.014583	G#3	56	39	696	136.939353	G#3	56	60	
695	142.014583	B4	71	33	693	136.939353	B4	71	60	
696	142.546875	E5	76	54	703	137.516276	E5	76	60	
697	142.557292	B4	71	44	701	137.516276	B4	71	60	
698	142.561458	G#4	68	58	700	137.516276	G#4	68	60	
699	142.572917	G#3	56	45	704	137.516276	G#3	56	60	
700	142.572917	E4	64	48	707	137.516276	E4	64	60	
701	142.577083	B3	59	37	705	137.516276	B3	59	60	
702	142.589583	C#4	61	41	706	137.516276	C#4	61	60	
703	142.614583	C#5	73	26	702	137.516276	C#5	73	60	
704	143.094792	C#3	49	69	708	138.093199	C#3	49	70	
705	143.656250	Eb5	75	53	712	138.670122	Eb5	75	60	
706	143.669792	Eb4	63	49	716	138.670122	Eb4	63	60	
707	143.673958	A3	57	47	714	138.670122	A3	57	60	
708	143.673958	C#4	61	43	715	138.670122	C#4	61	60	
709	143.680208	F#4	66	41	709	138.670122	F#4	66	60	
710	143.685417	A4	69	32	710	138.670122	A4	69	60	
711	143.692708	F#3	54	44	713	138.670122	F#3	54	60	
712	143.704167	C#5	73	38	711	138.670122	C#5	73	60	
713	144.189583	F#2	42	68	717	139.247045	F#2	42	70	
714	144.764583	Eb5	75	61	721	139.823968	Eb5	75	60	
715	144.778125	F#1	30	62	722	139.823968	F#1	30	70	
716	144.778125	F#4	66	55	718	139.823968	F#4	66	60	
717	144.778125	A4	69	45	719	139.823968	A4	69	60	
718	144.807292	C#5	73	42	720	139.823968	C#5	73	60	
719	145.315625	G#5	80	64	726	140.400891	G#5	80	60	
720	145.327083	G#4	68	57	727	140.400891	G#4	68	60	
721	145.334375	B4	71	49	723	140.400891	B4	71	60	
722	145.342708	B3	59	46	730	140.400891	B3	59	60	
723	145.347917	Eb4	63	52	729	140.400891	Eb4	63	60	
724	145.357292	E4	64	45	728	140.400891	E4	64	60	
725	145.357292	E5	76	48	725	140.400891	E5	76	60	
726	145.367708	Eb5	75	44	724	140.400891	Eb5	75	60	
727	145.821875	F#5	78	66	734	140.977814	F#5	78	60	
728	145.837500	F#4	66	58	738	140.977814	F#4	66	60	
729	145.853125	A3	57	58	735	140.977814	A3	57	60	
730	145.853125	C#5	73	62	732	140.977814	C#5	73	60	
731	145.856250	C#4	61	53	736	140.977814	C#4	61	60	
732	145.860417	Eb4	63	55	737	140.977814	Eb4	63	60	
733	145.876042	A4	69	18	731	140.977814	A4	69	60	
734	146.059375	E5	76	71	742	141.266276	E5	76	60	
735	146.086458	G#3	56	61	743	141.266276	G#3	56	60	
736	146.090625	G#4	68	53	739	141.266276	G#4	68	60	
737	146.096875	E4	64	44	746	141.266276	E4	64	60	
738	146.329167	Eb5	75	70	750	141.554737	Eb5	75	60	
739	146.337500	Eb4	63	57	754	141.554737	Eb4	63	60	
740	146.350000	C#4	61	50	753	141.554737	C#4	61	60	
741	146.353125	A3	57	51	752	141.554737	A3	57	60	
742	146.359375	F#3	54	46	751	141.554737	F#3	54	60	
743	146.359375	A4	69	43	748	141.554737	A4	69	60	
744	146.361458	F#4	66	47	747	141.554737	F#4	66	60	
745	146.394792	C#5	73	42	749	141.554737	C#5	73	60	
746	146.876042	Eb5	75	64	757	142.131660	Eb5	75	60	
747	146.908333	A3	57	50	760	142.131660	A3	57	60	
748	146.908333	Eb4	63	48	762	142.131660	Eb4	63	60	
749	146.912500	F#3	54	49	759	142.131660	F#3	54	60	
750	146.912500	C#4	61	45	761	142.131660	C#4	61	60	
751	146.912500	F#4	66	56	755	142.131660	F#4	66	60	
752	146.912500	A4	69	51	756	142.131660	A4	69	60	
753	146.933333	C#5	73	48	758	142.131660	C#5	73	60	
754	147.943750	F#5	78	79	766	143.285506	F#5	78	60	
755	147.958333	C#5	73	68	764	143.285506	C#5	73	60	
756	147.969792	C#4	61	51	768	143.285506	C#4	61	60	
757	147.973958	F#4	66	53	770	143.285506	F#4	66	60	
758	147.979167	A4	69	42	763	143.285506	A4	69	60	
759	147.984375	A3	57	55	767	143.285506	A3	57	60	
760	148.006250	Eb4	63	43	769	143.285506	Eb4	63	60	
761	148.035417	Eb5	75	20	765	143.285506	Eb5	75	60	
762	148.472917	G#5	80	78	774	143.862429	G#5	80	60	
763	148.491667	Eb4	63	55	777	143.862429	Eb4	63	60	
764	148.495833	B4	71	64	771	143.862429	B4	71	60	
765	148.495833	E5	76	69	773	143.862429	E5	76	60	
766	148.498958	G#4	68	54	775	143.862429	G#4	68	60	
767	148.498958	Eb5	75	61	772	143.862429	Eb5	75	60	
768	148.514583	B3	59	49	778	143.862429	B3	59	60	
769	148.526042	E4	64	40	776	143.862429	E4	64	60	
770	149.019792	G#5	80	79	782	144.439352	G#5	80	60	
771	149.043750	B4	71	57	779	144.439352	B4	71	60	
772	149.043750	E5	76	68	781	144.439352	E5	76	60	
773	149.052083	G#4	68	56	786	144.439352	G#4	68	60	
774	149.057292	Eb4	63	58	784	144.439352	Eb4	63	60	
775	149.061458	Eb5	75	52	780	144.439352	Eb5	75	60	
776	149.084375	B3	59	46	783	144.439352	B3	59	60	
777	149.088542	E4	64	48	785	144.439352	E4	64	60	
778	149.546875	C#3	49	85	787	145.016275	C#3	49	70	
779	150.078125	F#5	78	84	791	145.593198	F#5	78	60	
780	150.091667	F#4	66	76	795	145.593198	F#4	66	60	
781	150.091667	A4	69	62	788	145.593198	A4	69	60	
782	150.096875	A3	57	68	792	145.593198	A3	57	60	
783	150.096875	C#5	73	67	789	145.593198	C#5	73	60	
784	150.108333	Eb5	75	60	790	145.593198	Eb5	75	60	
785	150.119792	C#4	61	61	793	145.593198	C#4	61	60	
786	150.123958	Eb4	63	64	794	145.593198	Eb4	63	60	
787	150.608333	F#2	42	87	796	146.170121	F#2	42	70	
788	151.127083	F#5	78	90	800	146.747044	F#5	78	60	
789	151.136458	F#1	30	83	801	146.747044	F#1	30	70	
790	151.136458	A4	69	74	797	146.747044	A4	69	60	
791	151.136458	C#5	73	87	798	146.747044	C#5	73	60	
792	151.138542	Eb5	75	77	799	146.747044	Eb5	75	60	
793	151.672917	B5	83	82	805	147.323967	B5	83	60	
794	151.682292	Eb5	75	82	802	147.323967	Eb5	75	60	
795	151.689583	F#5	78	80	803	147.323967	F#5	78	60	
796	151.705208	G#5	80	71	804	147.323967	G#5	80	60	
797	151.710417	Eb4	63	72	806	147.323967	Eb4	63	60	
798	151.711458	B4	71	81	809	147.323967	B4	71	60	
799	151.722917	F#4	66	67	807	147.323967	F#4	66	60	
800	151.722917	G#4	68	70	808	147.323967	G#4	68	60	
801	152.150000	A5	81	81	813	147.900890	A5	81	60	
802	152.152083	C#5	73	85	810	147.900890	C#5	73	60	
803	152.165625	A4	69	71	817	147.900890	A4	69	60	
804	152.170833	C#4	61	66	814	147.900890	C#4	61	60	
805	152.170833	E5	76	74	811	147.900890	E5	76	60	
806	152.185417	E4	64	66	815	147.900890	E4	64	60	
807	152.191667	F#4	66	59	816	147.900890	F#4	66	60	
808	152.201042	F#5	78	58	812	147.900890	F#5	78	60	
809	152.402083	B3	59	69	822	148.189352	B3	59	60	
810	152.402083	G#5	80	83	821	148.189352	G#5	80	60	
811	152.409375	G#4	68	80	825	148.189352	G#4	68	60	
812	152.409375	B4	71	74	818	148.189352	B4	71	60	
813	152.432292	Eb5	75	56	819	148.189352	Eb5	75	60	
814	152.641667	F#5	78	90	829	148.477813	F#5	78	60	
815	152.656250	Eb5	75	76	828	148.477813	Eb5	75	60	
816	152.660417	A4	69	74	826	148.477813	A4	69	60	
817	152.664583	C#5	73	78	827	148.477813	C#5	73	60	
818	152.669792	F#4	66	89	833	148.477813	F#4	66	60	
819	152.679167	A3	57	79	830	148.477813	A3	57	60	
820	152.679167	Eb4	63	78	832	148.477813	Eb4	63	60	
821	152.683333	C#4	61	72	831	148.477813	C#4	61	60	
822	153.146875	F#5	78	86	837	149.054736	F#5	78	60	
823	153.148958	F#4	66	87	841	149.054736	F#4	66	60	
824	153.158333	A3	57	72	838	149.054736	A3	57	60	
825	153.158333	A4	69	73	834	149.054736	A4	69	60	
826	153.165625	C#4	61	78	839	149.054736	C#4	61	60	
827	153.165625	Eb4	63	82	840	149.054736	Eb4	63	60	
828	153.165625	C#5	73	82	835	149.054736	C#5	73	60	
829	153.165625	Eb5	75	77	836	149.054736	Eb5	75	60	
830	153.700000	E6	88	90	845	149.631659	E6	88	70	
831	153.707292	G#5	80	92	842	149.631659	G#5	80	70	
832	153.716667	E5	76	82	849	149.631659	E5	76	70	
833	153.716667	A5	81	78	843	149.631659	A5	81	70	
834	153.720833	G#4	68	65	846	149.631659	G#4	68	70	
835	153.720833	C#6	85	80	844	149.631659	C#6	85	70	
836	153.725000	A4	69	53	847	149.631659	A4	69	70	
837	153.730208	C#5	73	77	848	149.631659	C#5	73	70	
838	154.067708	Bb4	70	5	*	-1	*	-1	-1	
839	154.204167	C#6	85	87	853	150.208582	C#6	85	60	
840	154.219792	C#5	73	89	857	150.208582	C#5	73	60	
841	154.219792	E5	76	80	850	150.208582	E5	76	60	
842	154.219792	A5	81	71	852	150.208582	A5	81	60	
843	154.223958	A4	69	70	856	150.208582	A4	69	60	
844	154.232292	E4	64	64	854	150.208582	E4	64	60	
845	154.232292	F#4	66	74	855	150.208582	F#4	66	60	
846	154.235417	F#5	78	78	851	150.208582	F#5	78	60	
847	154.714583	B5	83	82	861	150.785505	B5	83	60	
848	154.728125	Eb5	75	83	858	150.785505	Eb5	75	60	
849	154.733333	F#5	78	83	859	150.785505	F#5	78	60	
850	154.740625	Eb4	63	67	862	150.785505	Eb4	63	60	
851	154.740625	F#4	66	70	863	150.785505	F#4	66	60	
852	154.740625	G#4	68	75	864	150.785505	G#4	68	60	
853	154.740625	B4	71	74	865	150.785505	B4	71	60	
854	154.740625	G#5	80	79	860	150.785505	G#5	80	60	
855	155.218750	A5	81	82	869	151.362428	A5	81	60	
856	155.232292	C#4	61	69	870	151.362428	C#4	61	60	
857	155.232292	A4	69	77	873	151.362428	A4	69	60	
858	155.232292	C#5	73	86	866	151.362428	C#5	73	60	
859	155.236458	E5	76	77	867	151.362428	E5	76	60	
860	155.241667	F#5	78	79	868	151.362428	F#5	78	60	
861	155.245833	E4	64	75	871	151.362428	E4	64	60	
862	155.251042	F#4	66	72	872	151.362428	F#4	66	60	
863	155.733333	G#5	80	89	877	151.939351	G#5	80	60	
864	155.746875	B3	59	72	878	151.939351	B3	59	60	
865	155.746875	G#4	68	88	881	151.939351	G#4	68	60	
866	155.752083	B4	71	82	874	151.939351	B4	71	60	
867	155.752083	E5	76	77	876	151.939351	E5	76	60	
868	155.756250	Eb4	63	78	879	151.939351	Eb4	63	60	
869	155.760417	E4	64	76	880	151.939351	E4	64	60	
870	155.760417	Eb5	75	73	875	151.939351	Eb5	75	60	
871	156.235417	A3	57	75	886	152.516274	A3	57	60	
872	156.237500	F#4	66	87	889	152.516274	F#4	66	60	
873	156.257292	A4	69	73	882	152.516274	A4	69	60	
874	156.257292	C#5	73	87	883	152.516274	C#5	73	60	
875	156.257292	F#5	78	94	885	152.516274	F#5	78	60	
876	156.261458	Eb4	63	78	888	152.516274	Eb4	63	60	
877	156.261458	Eb5	75	75	884	152.516274	Eb5	75	60	
878	156.264583	C#4	61	70	887	152.516274	C#4	61	60	
879	156.833333	E5	76	90	897	153.093197	E5	76	70	
880	156.833333	E6	88	94	893	153.093197	E6	88	70	
881	156.837500	G#5	80	92	890	153.093197	G#5	80	70	
882	156.848958	A4	69	74	895	153.093197	A4	69	70	
883	156.848958	C#5	73	74	896	153.093197	C#5	73	70	
884	156.854167	G#4	68	74	894	153.093197	G#4	68	70	
885	156.854167	A5	81	71	891	153.093197	A5	81	70	
886	156.854167	C#6	85	80	892	153.093197	C#6	85	70	
887	157.452083	C#5	73	84	905	153.670120	C#5	73	60	
888	157.452083	C#6	85	85	901	153.670120	C#6	85	60	
889	157.463542	F#4	66	71	903	153.670120	F#4	66	60	
890	157.463542	E5	76	84	898	153.670120	E5	76	60	
891	157.463542	A5	81	74	900	153.670120	A5	81	60	
892	157.472917	E4	64	72	902	153.670120	E4	64	60	
893	157.477083	A4	69	59	904	153.670120	A4	69	60	
894	157.484375	F#5	78	74	899	153.670120	F#5	78	60	
895	157.961458	B5	83	83	909	154.247043	B5	83	60	
896	157.965625	B4	71	76	913	154.247043	B4	71	60	
897	157.969792	Eb5	75	83	906	154.247043	Eb5	75	60	
898	157.975000	F#4	66	72	911	154.247043	E4	64	60	
899	157.975000	F#5	78	83	907	154.247043	E5	76	60	
900	157.975000	G#5	80	82	908	154.247043	G#5	80	60	
901	157.979167	Eb4	63	69	910	154.247043	Eb4	63	60	
902	157.984375	G#4	68	75	912	154.247043	G#4	68	60	
903	158.480208	A5	81	78	917	154.823966	A5	81	60	
904	158.485417	C#4	61	62	918	154.823966	C#4	61	60	
905	158.485417	C#5	73	81	914	154.823966	C#5	73	60	
906	158.491667	A4	69	68	921	154.823966	A4	69	60	
907	158.491667	E5	76	79	915	154.823966	Eb5	75	60	
908	158.502083	E4	64	69	919	154.823966	Eb4	63	60	
909	158.502083	F#4	66	67	920	154.823966	F#4	66	60	
910	158.502083	F#5	78	75	916	154.823966	F#5	78	60	
911	158.986458	G#5	80	86	925	155.400889	G#5	80	60	
912	159.001042	G#4	68	79	929	155.400889	G#4	68	60	
913	159.001042	E5	76	76	924	155.400889	E5	76	60	
914	159.005208	Eb5	75	75	923	155.400889	C#5	73	60	
915	159.014583	B3	59	71	926	155.400889	B3	59	60	
916	159.014583	Eb4	63	60	927	155.400889	C#4	61	60	
917	159.014583	B4	71	71	922	155.400889	B4	71	60	
918	159.018750	E4	64	66	928	155.400889	E4	64	60	
919	159.326042	G#3	56	25	*	-1	*	-1	-1	
920	159.521875	A3	57	70	934	155.977812	A3	57	60	
921	159.521875	F#4	66	78	937	155.977812	F#4	66	60	
922	159.521875	F#5	78	84	933	155.977812	F#5	78	60	
923	159.528125	C#4	61	68	935	155.977812	B3	59	60	
924	159.532292	A4	69	68	930	155.977812	A4	69	60	
925	159.537500	Eb4	63	69	936	155.977812	Eb4	63	60	
926	159.542708	C#5	73	77	*	-1	*	-1	-1	
927	159.542708	Eb5	75	70	932	155.977812	Eb5	75	60	
928	160.052083	E5	76	88	941	156.554735	E5	76	70	
929	160.057292	C#4	61	68	944	156.554735	C#4	61	70	
930	160.057292	E4	64	78	945	156.554735	E4	64	70	
931	160.063542	G#3	56	67	942	156.554735	G#3	56	70	
932	160.063542	G#4	68	81	938	156.554735	G#4	68	70	
933	160.075000	B3	59	67	943	156.554735	A3	57	70	
934	160.075000	B4	71	68	939	156.554735	A4	69	70	
935	160.075000	C#5	73	75	940	156.554735	C#5	73	70	
936	160.576042	Eb5	75	76	949	157.131658	Eb5	75	60	
937	160.594792	Eb4	63	73	953	157.131658	Eb4	63	60	
938	160.598958	C#4	61	68	952	157.131658	B3	59	60	
939	160.598958	F#4	66	80	946	157.131658	F#4	66	60	
940	160.598958	A4	69	68	948	157.131658	B4	71	60	
941	160.601042	C#5	73	76	*	-1	*	-1	-1	
942	160.615625	A3	57	55	951	157.131658	G#3	56	60	
943	160.620833	F#3	54	57	950	157.131658	F#3	54	60	
944	161.155208	A3	57	68	960	157.708581	A3	57	60	
945	161.160417	C#4	61	72	961	157.708581	C#4	61	60	
946	161.160417	C#5	73	87	957	157.708581	C#5	73	60	
947	161.164583	F#3	54	62	959	157.708581	F#3	54	60	
948	161.171875	E4	64	73	954	157.708581	E4	64	60	
949	161.171875	A4	69	60	956	157.708581	A4	69	60	
950	161.179167	E3	52	57	958	157.708581	E3	52	60	
951	161.186458	F#4	66	68	955	157.708581	F#4	66	60	
952	161.898958	B4	71	86	965	158.285504	B4	71	60	
953	161.908333	B3	59	83	969	158.285504	B3	59	60	
954	161.908333	Eb4	63	81	962	158.285504	Eb4	63	60	
955	161.917708	Eb3	51	73	966	158.285504	Eb3	51	60	
956	161.919792	E3	52	76	967	158.285504	E3	52	60	
957	161.919792	G#3	56	77	968	158.285504	G#3	56	60	
958	161.919792	E4	64	78	963	158.285504	E4	64	60	
959	161.919792	G#4	68	80	964	158.285504	G#4	68	60	
960	163.155208	G#4	68	89	973	159.439350	G#4	68	60	
961	163.175000	B3	59	81	970	159.439350	B3	59	60	
962	163.175000	E4	64	73	972	159.439350	E4	64	60	
963	163.183333	Eb3	51	68	975	159.439350	C#3	49	60	
964	163.183333	G#3	56	89	977	159.439350	G#3	56	60	
965	163.183333	Eb4	63	75	971	159.439350	C#4	61	60	
966	163.185417	B2	47	65	974	159.439350	B2	47	60	
967	163.185417	E3	52	68	976	159.439350	E3	52	60	
968	164.703125	F#4	66	95	979	160.593196	F#4	66	110	
969	164.712500	D3	50	90	982	160.593196	D3	50	100	
970	164.719792	A2	45	81	983	160.593196	A2	45	100	
971	164.723958	D2	38	78	984	160.593196	D2	38	100	
972	164.723958	F#3	54	85	981	160.593196	F#3	54	100	
973	164.723958	D4	62	86	978	160.593196	D4	62	100	
974	164.729167	A3	57	78	980	160.593196	A3	57	100	
975	166.009375	A4	69	84	985	161.843196	A4	69	110	
976	167.317708	B4	71	78	986	163.093196	B4	71	110	
977	167.671875	A4	69	77	987	163.509863	A4	69	110	
978	167.964583	F#4	66	87	988	163.926529	F#4	66	110	
979	168.333333	E4	64	88	992	164.343196	E4	64	110	
980	168.351042	B3	59	72	991	164.343196	B3	59	100	
981	168.364583	B2	47	72	994	164.343196	B2	47	100	
982	168.364583	E3	52	68	989	164.343196	E3	52	100	
983	168.364583	G#3	56	66	990	164.343196	G#3	56	100	
984	168.377083	E2	40	58	993	164.343196	E2	40	100	
985	169.042708	G#4	68	85	995	164.968196	G#4	68	110	
986	169.220833	G#1	32	74	1000	165.593196	G#1	32	100	
987	169.448958	G#2	44	76	1001	165.697363	G#2	44	100	
988	169.805208	G#4	68	85	999	165.593196	G#4	68	110	
989	169.813542	Eb4	63	76	998	165.593196	Eb4	63	100	
990	169.816667	B3	59	73	997	165.593196	B3	59	100	
991	169.826042	G#3	56	70	996	165.593196	G#3	56	100	
992	169.847917	Eb3	51	78	*	-1	*	-1	-1	
993	172.539583	F#4	66	89	1004	168.093196	F#4	66	110	
994	172.555208	D4	62	79	1003	168.093196	D4	62	100	
995	172.562500	D3	50	71	1007	168.093196	D3	50	100	
996	172.562500	F#3	54	74	1006	168.093196	F#3	54	100	
997	172.566667	D2	38	66	1009	168.093196	D2	38	100	
998	172.566667	A2	45	66	1008	168.093196	A2	45	100	
999	172.566667	A3	57	68	1005	168.093196	A3	57	100	
1000	173.252083	G#4	68	86	1010	168.718196	G#4	68	110	
1001	173.845833	A4	69	77	1011	169.343196	A4	69	110	
1002	175.062500	B4	71	75	1012	170.593196	B4	71	110	
1003	175.415625	A4	69	74	1013	171.009863	A4	69	110	
1004	175.728125	F#4	66	77	1014	171.426529	F#4	66	110	
1005	176.118750	E4	64	78	1018	171.843196	E4	64	110	
1006	176.141667	B3	59	65	1017	171.843196	B3	59	100	
1007	176.150000	B2	47	61	1020	171.843196	B2	47	100	
1008	176.155208	E3	52	58	1015	171.843196	E3	52	100	
1009	176.157292	G#3	56	62	1016	171.843196	G#3	56	100	
1010	176.173958	E2	40	46	1019	171.843196	E2	40	100	
1011	176.868750	G#4	68	74	1021	172.468196	G#4	68	110	
1012	177.091667	G#1	32	70	1026	173.093196	G#1	32	100	
1013	177.293750	G#2	44	68	1027	173.197363	G#2	44	100	
1014	177.678125	G#4	68	73	1025	173.093196	G#4	68	110	
1015	177.693750	B3	59	66	1023	173.093196	B3	59	100	
1016	177.693750	Eb4	63	68	1024	173.093196	Eb4	63	100	
1017	177.709375	G#3	56	58	1022	173.093196	G#3	56	100	
1018	177.733333	Eb3	51	60	*	-1	*	-1	-1	
1019	181.758333	G#5	80	56	1030	175.593196	G#5	80	70	
1020	181.793750	C#5	73	47	1029	175.593196	C#5	73	60	
1021	181.822917	E4	64	31	1032	175.593196	E4	64	60	
1022	181.822917	G#4	68	29	1033	175.593196	G#4	68	60	
1023	181.842708	C#4	61	13	1031	175.593196	C#4	61	60	
1024	182.548958	C#6	85	58	1034	176.218196	C#6	85	70	
1025	183.123958	C#6	85	60	1037	176.843196	C#6	85	70	
1026	183.144792	C#5	73	48	1036	176.843196	C#5	73	60	
1027	183.158333	F#5	78	45	1035	176.843196	F#5	78	60	
1028	183.173958	Eb4	63	37	1038	176.843196	Eb4	63	60	
1029	183.193750	G#4	68	28	1040	176.843196	G#4	68	60	
1030	183.197917	F#4	66	31	1039	176.843196	F#4	66	60	
1031	184.308333	B5	83	64	1043	178.093196	B5	83	70	
1032	184.340625	E4	64	38	1044	178.093196	E4	64	60	
1033	184.340625	E5	76	45	1042	178.093196	E5	76	60	
1034	184.347917	G#4	68	30	1045	178.093196	G#4	68	60	
1035	184.361458	B4	71	37	1041	178.093196	B4	71	60	
1036	184.600000	A5	81	69	1046	178.405696	A5	81	70	
1037	184.912500	G#5	80	70	1047	178.718196	G#5	80	70	
1038	185.484375	G#5	80	59	1049	179.343196	G#5	80	70	
1039	185.510417	A4	69	35	1051	179.343196	A4	69	60	
1040	185.510417	C#5	73	49	1048	179.343196	C#5	73	60	
1041	185.531250	F#4	66	33	1050	179.343196	F#4	66	60	
1042	186.096875	C#5	73	58	1053	179.968196	C#5	73	70	
1043	186.130208	G#4	68	37	1055	179.968196	G#4	68	60	
1044	186.135417	A4	69	34	1052	179.968196	A4	69	60	
1045	186.142708	E4	64	33	1054	179.968196	E4	64	60	
1046	186.685417	C#5	73	71	1057	180.593196	C#5	73	70	
1047	186.721875	A4	69	40	1056	180.593196	A4	69	60	
1048	186.730208	Eb4	63	37	1058	180.593196	Eb4	63	60	
1049	186.738542	F#4	66	40	1059	180.593196	F#4	66	60	
1050	187.234375	Eb5	75	70	1060	181.218196	Eb5	75	70	
1051	187.796875	E5	76	60	1063	181.843196	E5	76	70	
1052	187.812500	G#4	68	48	1061	181.843196	G#4	68	60	
1053	187.841667	C#4	61	35	1064	181.843196	C#4	61	60	
1054	187.861458	E4	64	30	1065	181.843196	E4	64	60	
1055	188.396875	G#5	80	50	1066	182.468196	G#5	80	70	
1056	188.962500	C#5	73	62	1069	183.093196	C#5	73	70	
1057	188.977083	B3	59	44	1071	183.093196	B3	59	60	
1058	188.998958	Eb4	63	43	1070	183.093196	Eb4	63	60	
1059	188.998958	F#4	66	53	1068	183.093196	F#4	66	60	
1060	189.020833	A4	69	15	1067	183.093196	A4	69	60	
1061	189.561458	Eb5	75	66	1072	183.718196	Eb5	75	74	
1062	190.111458	E5	76	74	1076	184.343196	E5	76	78	
1063	190.134375	C#5	73	68	1075	184.343196	C#5	73	68	
1064	190.138542	C#4	61	62	1078	184.343196	C#4	61	68	
1065	190.138542	E4	64	59	1073	184.343196	E4	64	68	
1066	190.143750	A3	57	50	1077	184.343196	A3	57	68	
1067	190.168750	A4	69	30	1074	184.343196	A4	69	68	
1068	190.702083	G#5	80	81	1082	185.025014	G#5	80	82	
1069	190.709375	Eb4	63	79	1085	185.025014	Eb4	63	72	
1070	190.717708	G#3	56	65	1083	185.025014	G#3	56	72	
1071	190.717708	Eb5	75	73	1079	185.025014	Eb5	75	72	
1072	190.722917	B3	59	71	1084	185.025014	B3	59	72	
1073	190.729167	B4	71	62	1080	185.025014	B4	71	72	
1074	190.731250	G#4	68	67	1081	185.025014	G#4	68	72	
1075	191.309375	A5	81	86	1089	185.706832	A5	81	87	
1076	191.319792	F#4	66	82	1090	185.706832	F#4	66	77	
1077	191.319792	A4	69	77	1088	185.706832	A4	69	77	
1078	191.319792	F#5	78	85	1086	185.706832	F#5	78	77	
1079	191.323958	C#4	61	71	1091	185.706832	C#4	61	77	
1080	191.333333	A3	57	70	1092	185.706832	A3	57	77	
1081	191.338542	F#3	54	68	1093	185.706832	F#3	54	77	
1082	191.340625	C#5	73	62	1087	185.706832	C#5	73	77	
1083	191.984375	C#6	85	97	1094	186.388650	C#6	85	90	
1084	192.939583	Eb6	87	54	1095	187.070468	Eb6	87	60	
1085	192.960417	B1	35	43	1099	187.070468	B1	35	60	
1086	192.962500	B2	47	44	1101	187.070468	B2	47	60	
1087	192.969792	Eb5	75	35	1098	187.070468	Eb5	75	60	
1088	192.969792	F#5	78	45	1097	187.070468	F#5	78	60	
1089	192.980208	F#2	42	37	1100	187.070468	F#2	42	60	
1090	192.985417	B5	83	37	1096	187.070468	B5	83	60	
1091	194.409375	Eb6	87	46	1105	188.434104	Eb6	87	70	
1092	194.430208	F#5	78	39	1103	188.434104	F#5	78	70	
1093	194.435417	B4	71	37	1109	188.434104	B4	71	70	
1094	194.439583	Eb5	75	35	1102	188.434104	Eb5	75	70	
1095	194.443750	Eb4	63	35	1107	188.434104	Eb4	63	70	
1096	194.451042	B5	83	39	1104	188.434104	B5	83	70	
1097	194.455208	F#4	66	36	1108	188.434104	F#4	66	70	
1098	194.469792	B3	59	41	1106	188.434104	B3	59	70	
1099	197.371875	G#2	44	47	1110	191.059104	G#2	44	50	
1100	197.482292	Eb3	51	44	1111	191.246604	Eb3	51	50	
1101	197.705208	Eb5	75	56	1112	191.434104	Eb5	75	50	
1102	197.726042	F#4	66	46	1114	191.434104	F#4	66	50	
1103	197.740625	F#3	54	44	1117	191.434104	F#3	54	50	
1104	197.740625	Eb4	63	41	1115	191.434104	Eb4	63	50	
1105	197.740625	Bb4	70	48	1113	191.434104	Bb4	70	50	
1106	197.772917	Bb3	58	40	1116	191.434104	Bb3	58	50	
1107	198.810417	Eb5	75	54	1118	192.684104	Eb5	75	50	
1108	198.846875	Eb4	63	43	1121	192.684104	Eb4	63	50	
1109	198.854167	F#4	66	36	1120	192.684104	F#4	66	50	
1110	198.861458	Bb4	70	45	1119	192.684104	Bb4	70	50	
1111	198.897917	F#3	54	27	1123	192.684104	F#3	54	50	
1112	198.902083	Bb3	58	29	1122	192.684104	Bb3	58	50	
1113	200.350000	F5	77	65	1124	194.559104	F5	77	50	
1114	200.359375	C5	72	55	1125	194.559104	C5	72	50	
1115	200.367708	G#4	68	50	1126	194.559104	G#4	68	50	
1116	200.369792	F4	65	47	1127	194.559104	F4	65	50	
1117	200.379167	G#3	56	38	1129	194.559104	G#3	56	50	
1118	200.379167	C4	60	37	1128	194.559104	C4	60	50	
1119	200.955208	C#5	73	68	1130	195.184104	C#5	73	50	
1120	200.979167	C#4	61	46	1133	195.184104	C#4	61	50	
1121	200.983333	G#3	56	42	1135	195.184104	G#3	56	50	
1122	200.990625	E4	64	44	1132	195.184104	E4	64	50	
1123	201.005208	C#3	49	40	1134	195.184104	C#3	49	50	
1124	201.511458	G#4	68	55	1136	195.809104	G#4	68	50	
1125	202.112500	E4	64	38	1138	196.434104	E4	64	50	
1126	202.119792	F#2	42	41	1140	196.434104	F#2	42	50	
1127	202.123958	G#4	68	39	1139	196.434104	G#4	68	50	
1128	202.129167	C#3	49	39	1141	196.434104	C#3	49	50	
1129	202.133333	Bb3	58	46	1137	196.434104	Bb3	58	50	
1130	203.248958	F#4	66	45	1142	197.684104	F#4	66	50	
1131	203.280208	B3	59	37	1144	197.684104	B3	59	50	
1132	203.296875	F#3	54	25	1145	197.684104	F#3	54	50	
1133	203.303125	B2	47	33	1146	197.684104	B2	47	50	
1134	203.311458	D4	62	18	1143	197.684104	D4	62	50	
1135	204.182292	G#2	44	48	1147	198.621604	G#2	44	50	
1136	204.276042	Eb3	51	45	1148	198.777854	Eb3	51	50	
1137	204.451042	Eb5	75	63	1149	198.934104	Eb5	75	51	
1138	204.468750	Bb4	70	59	1150	198.934104	Bb4	70	51	
1139	204.484375	Eb4	63	48	1152	198.934104	Eb4	63	51	
1140	204.486458	F#3	54	39	1154	198.934104	F#3	54	51	
1141	204.486458	F#4	66	45	1151	198.934104	F#4	66	51	
1142	204.493750	Bb3	58	52	1153	198.934104	Bb3	58	51	
1143	205.636458	Eb5	75	71	1155	200.184104	Eb5	75	59	
1144	205.656250	Bb4	70	63	1156	200.184104	Bb4	70	59	
1145	205.679167	Eb4	63	50	1158	200.184104	Eb4	63	59	
1146	205.693750	F#4	66	39	1157	200.184104	F#4	66	59	
1147	205.709375	F#3	54	34	1160	200.184104	F#3	54	59	
1148	205.709375	Bb3	58	37	1159	200.184104	Bb3	58	59	
1149	207.119792	F5	77	78	1161	202.059104	F5	77	70	
1150	207.142708	C5	72	71	1162	202.059104	C5	72	70	
1151	207.152083	G#4	68	56	1163	202.059104	G#4	68	70	
1152	207.161458	C4	60	49	1165	202.059104	C4	60	70	
1153	207.161458	F4	65	42	1164	202.059104	F4	65	70	
1154	207.165625	G#3	56	47	1166	202.059104	G#3	56	70	
1155	207.728125	C#5	73	84	1167	202.684104	C#5	73	74	
1156	207.755208	E4	64	61	1169	202.684104	E4	64	74	
1157	207.773958	G#3	56	56	1172	202.684104	G#3	56	74	
1158	207.773958	C#4	61	45	1170	202.684104	C#4	61	74	
1159	207.816667	C#3	49	49	1171	202.684104	C#3	49	74	
1160	208.289583	G#4	68	79	1173	203.309104	G#4	68	78	
1161	208.405208	E2	40	61	1178	203.934104	E2	40	80	
1162	208.465625	B2	47	67	1179	203.986187	B2	47	80	
1163	208.572917	E3	52	70	1180	204.038271	E3	52	80	
1164	208.695833	G#3	56	67	1181	204.090354	G#3	56	80	
1165	208.777083	B3	59	67	1182	204.142437	B3	59	80	
1166	208.878125	E4	64	72	1187	205.809104	F#4	66	80	
1167	208.897917	G#5	80	92	1184	205.809104	F#5	78	80	
1168	208.909375	G#4	68	83	*	-1	*	-1	-1	
1169	208.914583	E5	76	81	1185	205.809104	D5	74	80	
1170	208.925000	B4	71	65	1186	205.809104	B4	71	80	
1171	210.063542	B2	47	59	1188	205.809104	B2	47	80	
1172	210.159375	F#3	54	59	1189	205.861187	F#3	54	80	
1173	210.357292	F#5	78	79	1184	205.809104	F#5	78	80	
1174	210.369792	D4	62	69	1191	205.965354	D4	62	80	
1175	210.375000	F#4	66	64	1187	205.809104	F#4	66	80	
1176	210.379167	B4	71	39	1186	205.809104	B4	71	80	
1177	210.397917	D5	74	55	1185	205.809104	D5	74	80	
1178	210.679167	E3	52	68	1192	206.329937	E3	52	80	
1179	210.763542	B3	59	75	1199	206.434104	B3	59	80	
1180	210.910417	G#5	80	87	1194	206.434104	G#5	80	80	
1181	210.933333	E4	64	85	1195	206.434104	E5	76	80	
1182	210.933333	G#4	68	75	*	-1	*	-1	-1	
1183	210.942708	B4	71	61	*	-1	*	-1	-1	
1184	211.132292	Eb3	51	35	*	-1	*	-1	-1	
1185	211.225000	B2	47	67	1200	206.954937	B2	47	83	
1186	211.276042	F#3	54	65	1201	207.007021	F#3	54	83	
1187	211.398958	F#5	78	91	1202	207.059104	F#5	78	84	
1188	211.407292	F#4	66	86	1205	207.059104	F#4	66	84	
1189	211.412500	D4	62	88	1206	207.059104	D4	62	84	
1190	211.421875	B4	71	66	1204	207.059104	B4	71	84	
1191	211.442708	D5	74	59	1203	207.059104	D5	74	84	
1192	211.655208	G#5	80	88	1208	207.371604	G#5	80	85	
1193	211.659375	G#4	68	92	1211	207.371604	G#4	68	85	
1194	211.691667	E3	52	71	1214	207.371604	E3	52	85	
1195	211.691667	E4	64	76	1212	207.371604	E4	64	85	
1196	211.691667	B4	71	63	1210	207.371604	B4	71	85	
1197	211.691667	E5	76	69	1209	207.371604	E5	76	85	
1198	211.696875	B3	59	67	1213	207.371604	B3	59	85	
1199	211.896875	G#5	80	93	1218	207.684104	G#5	80	87	
1200	211.902083	G#4	68	89	1215	207.684104	G#4	68	87	
1201	211.902083	E5	76	62	1217	207.684104	E5	76	87	
1202	211.907292	B4	71	53	1216	207.684104	B4	71	87	
1203	211.920833	B3	59	78	1221	207.684104	B3	59	87	
1204	211.920833	E4	64	86	1220	207.684104	E4	64	87	
1205	211.923958	E3	52	72	1219	207.684104	E3	52	87	
1206	212.203125	B2	47	66	1222	208.204937	B2	47	90	
1207	212.271875	F#3	54	74	1223	208.257021	F#3	54	90	
1208	212.331250	Eb3	51	10	*	-1	*	-1	-1	
1209	212.393750	F#5	78	91	1227	208.309104	F#5	78	91	
1210	212.398958	F#4	66	91	1224	208.309104	F#4	66	91	
1211	212.408333	D4	62	91	1228	208.309104	D4	62	91	
1212	212.414583	B4	71	75	1225	208.309104	B4	71	91	
1213	212.414583	D5	74	78	1226	208.309104	D5	74	91	
1214	212.937500	G#5	80	94	1230	208.934104	G#5	80	94	
1215	212.951042	G#4	68	90	1233	208.934104	G#4	68	94	
1216	212.956250	B4	71	78	1232	208.934104	B4	71	94	
1217	212.956250	E5	76	81	1231	208.934104	E5	76	94	
1218	212.964583	E3	52	68	1236	208.934104	E3	52	94	
1219	212.964583	E4	64	85	1234	208.934104	E4	64	94	
1220	212.969792	B3	59	83	1235	208.934104	B3	59	94	
1221	213.317708	Eb3	51	75	1237	209.454937	Eb3	51	97	
1222	213.407292	Bb3	58	73	1238	209.507021	Bb3	58	97	
1223	213.491667	Eb4	63	86	1244	209.559104	Eb4	63	98	
1224	213.529167	Bb4	70	101	1239	209.559104	Bb4	70	98	
1225	213.529167	Bb5	82	90	1242	209.559104	Bb5	82	98	
1226	213.535417	G5	79	85	1241	209.559104	G5	79	98	
1227	213.540625	Eb5	75	87	1240	209.559104	Eb5	75	98	
1228	213.576042	G4	67	80	1243	209.559104	G4	67	98	
1229	213.942708	Eb3	51	74	1245	210.079937	Eb3	51	100	
1230	214.019792	Bb3	58	70	1246	210.132021	Bb3	58	100	
1231	214.098958	Eb4	63	73	1252	210.184104	Eb4	63	100	
1232	214.181250	Bb5	82	93	1247	210.184104	Bb5	82	100	
1233	214.183333	Bb4	70	100	1250	210.184104	Bb4	70	100	
1234	214.192708	Eb5	75	91	1249	210.184104	Eb5	75	100	
1235	214.192708	G5	79	88	1248	210.184104	G5	79	100	
1236	214.203125	G4	67	88	1251	210.184104	G4	67	100	
1237	214.223958	Bb3	58	50	*	-1	*	-1	-1	
1238	215.261458	Eb1	27	83	1254	211.434104	Eb1	27	110	
1239	215.265625	Eb2	39	100	1255	211.434104	Eb2	39	110	
1240	215.265625	Eb3	51	96	1253	211.434104	Eb3	51	110	
1241	216.411458	Eb4	63	100	1256	212.684104	Eb4	63	110	
1242	216.420833	Eb3	51	114	1257	212.684104	Eb3	51	110	
1243	216.422917	Eb2	39	90	1258	212.684104	Eb2	39	110	
1244	217.831250	Eb4	63	42	1264	213.934104	Eb4	63	110	
1245	217.840625	B5	83	95	1262	213.934104	B5	83	120	
1246	217.844792	G#4	68	101	1263	213.934104	G#4	68	110	
1247	217.848958	B4	71	93	1261	213.934104	B4	71	110	
1248	217.853125	Eb5	75	94	1260	213.934104	Eb5	75	110	
1249	217.859375	G#3	56	72	1266	213.934104	G#3	56	110	
1250	217.863542	B3	59	75	1265	213.934104	B3	59	110	
1251	218.184375	Bb5	82	90	1267	214.246604	Bb5	82	120	
1252	218.448958	G#5	80	91	1268	214.559104	G#5	80	120	
1253	218.938542	G#5	80	91	1272	215.184104	G#5	80	120	
1254	218.952083	Bb4	70	89	1269	215.184104	Bb4	70	110	
1255	218.957292	F#3	54	74	1276	215.184104	F#3	54	110	
1256	218.957292	F#4	66	80	1273	215.184104	F#4	66	110	
1257	218.957292	F#5	78	90	1271	215.184104	F#5	78	110	
1258	218.964583	C#4	61	72	1274	215.184104	C#4	61	110	
1259	218.968750	Bb3	58	72	1275	215.184104	Bb3	58	110	
1260	218.968750	C#5	73	80	1270	215.184104	C#5	73	110	
1261	219.984375	E5	76	80	1279	216.434104	E5	76	110	
1262	219.992708	E3	52	67	1283	216.434104	E3	52	110	
1263	219.992708	E4	64	87	1280	216.434104	E4	64	110	
1264	219.992708	G#4	68	74	1277	216.434104	G#4	68	110	
1265	219.997917	B4	71	65	1278	216.434104	B4	71	110	
1266	220.005208	G#3	56	70	1282	216.434104	G#3	56	110	
1267	220.005208	B3	59	75	1281	216.434104	B3	59	110	
1268	220.515625	C#6	85	97	1284	217.059104	C#6	85	120	
1269	221.137500	B5	83	91	1288	217.684104	B5	83	120	
1270	221.141667	G#5	80	82	1285	217.684104	G#5	80	110	
1271	221.146875	B4	71	86	1287	217.684104	B4	71	110	
1272	221.152083	G#4	68	83	1289	217.684104	G#4	68	110	
1273	221.163542	G#3	56	61	1292	217.684104	G#3	56	110	
1274	221.163542	Eb5	75	69	1286	217.684104	Eb5	75	110	
1275	221.169792	Eb4	63	68	1290	217.684104	Eb4	63	110	
1276	221.177083	B3	59	65	1291	217.684104	B3	59	110	
1277	221.458333	Bb5	82	90	1293	217.996604	Bb5	82	120	
1278	221.711458	G#5	80	91	1294	218.309104	G#5	80	120	
1279	222.177083	G#5	80	87	1298	218.934104	G#5	80	120	
1280	222.190625	F#4	66	85	1299	218.934104	F#4	66	110	
1281	222.194792	F#5	78	87	1297	218.934104	F#5	78	110	
1282	222.195833	F#3	54	69	1302	218.934104	F#3	54	110	
1283	222.195833	Bb4	70	92	1295	218.934104	Bb4	70	110	
1284	222.200000	C#4	61	73	1300	218.934104	C#4	61	110	
1285	222.200000	C#5	73	79	1296	218.934104	C#5	73	110	
1286	222.214583	Bb3	58	71	1301	218.934104	Bb3	58	110	
1287	223.215625	E3	52	76	1309	220.184104	E3	52	110	
1288	223.219792	E4	64	95	1306	220.184104	E4	64	110	
1289	223.231250	B3	59	81	1307	220.184104	B3	59	110	
1290	223.238542	G#3	56	73	1308	220.184104	G#3	56	110	
1291	223.243750	G#4	68	78	1303	220.184104	G#4	68	110	
1292	223.243750	B4	71	65	1304	220.184104	B4	71	110	
1293	223.243750	E5	76	75	1305	220.184104	E5	76	110	
1294	223.748958	C#6	85	97	1310	220.809104	C#6	85	120	
1295	224.423958	G#4	68	88	1318	221.434104	G#4	68	110	
1296	224.428125	B5	83	87	1313	221.434104	B5	83	110	
1297	224.433333	G#3	56	76	1315	221.434104	G#3	56	110	
1298	224.433333	B4	71	83	1311	221.434104	B4	71	110	
1299	224.433333	G#5	80	85	1314	221.434104	G#5	80	110	
1300	224.435417	Eb4	63	71	1317	221.434104	Eb4	63	110	
1301	224.437500	Eb5	75	81	1312	221.434104	Eb5	75	110	
1302	224.447917	B3	59	70	1316	221.434104	B3	59	110	
1303	225.079167	Bb5	82	84	1321	222.059104	Bb5	82	111	
1304	225.088542	Bb4	70	83	1319	222.059104	Bb4	70	111	
1305	225.102083	C#4	61	70	1324	222.059104	C#4	61	111	
1306	225.102083	F#4	66	82	1323	222.059104	F#4	66	111	
1307	225.102083	C#5	73	83	1320	222.059104	C#5	73	111	
1308	225.102083	F#5	78	79	1322	222.059104	F#5	78	111	
1309	225.106250	Bb3	58	70	1325	222.059104	Bb3	58	111	
1310	225.595833	G#5	80	81	1329	222.684104	G#5	80	112	
1311	225.609375	G#4	68	81	1326	222.684104	G#4	68	112	
1312	225.617708	E4	64	88	1331	222.684104	E4	64	112	
1313	225.621875	E5	76	79	1328	222.684104	E5	76	112	
1314	225.622917	C#4	61	78	1330	222.684104	C#4	61	112	
1315	225.622917	C#5	73	81	1327	222.684104	C#5	73	112	
1316	226.110417	Bb5	82	89	1335	223.309104	Bb5	82	113	
1317	226.131250	C#4	61	77	1337	223.309104	C#4	61	113	
1318	226.131250	F#4	66	91	1338	223.309104	F#4	66	113	
1319	226.131250	Bb4	70	86	1332	223.309104	Bb4	70	113	
1320	226.131250	C#5	73	79	1333	223.309104	C#5	73	113	
1321	226.135417	Bb3	58	80	1336	223.309104	Bb3	58	113	
1322	226.135417	F#5	78	79	1334	223.309104	F#5	78	113	
1323	226.575000	B5	83	92	1342	223.934104	B5	83	114	
1324	226.580208	B4	71	93	1339	223.934104	B4	71	114	
1325	226.589583	G#4	68	90	1343	223.934104	G#4	68	114	
1326	226.589583	G#5	80	85	1341	223.934104	G#5	80	114	
1327	226.593750	G#3	56	68	1346	223.934104	G#3	56	114	
1328	226.597917	Eb4	63	78	1344	223.934104	Eb4	63	114	
1329	226.597917	Eb5	75	85	1340	223.934104	Eb5	75	114	
1330	226.614583	B3	59	69	1345	223.934104	B3	59	114	
1331	226.903125	F#3	54	78	1354	224.559104	F#3	54	115	
1332	226.964583	C#4	61	68	1353	224.559104	C#4	61	115	
1333	227.055208	F#4	66	89	1352	224.559104	F#4	66	115	
1334	227.104167	C#6	85	89	1350	224.559104	C#6	85	115	
1335	227.110417	C#5	73	94	1347	224.559104	C#5	73	115	
1336	227.114583	F#5	78	87	1348	224.559104	F#5	78	115	
1337	227.121875	Bb5	82	81	1349	224.559104	Bb5	82	115	
1338	227.127083	Bb4	70	79	1351	224.559104	Bb4	70	115	
1339	227.405208	Eb3	51	83	1355	225.079937	Eb3	51	116	
1340	227.440625	Bb3	58	86	1356	225.132021	Bb3	58	116	
1341	227.760417	Eb6	87	99	1357	225.184104	Eb6	87	116	
1342	227.769792	Eb5	75	92	1360	225.184104	Eb5	75	116	
1343	227.776042	G5	79	90	1359	225.184104	G5	79	116	
1344	227.779167	Bb5	82	85	1358	225.184104	Bb5	82	116	
1345	227.785417	G4	67	68	1362	225.184104	G4	67	116	
1346	227.789583	Bb4	70	84	1361	225.184104	Bb4	70	116	
1347	227.794792	Eb4	63	76	1363	225.184104	Eb4	63	116	
1348	229.002083	Eb6	87	93	1364	226.434104	Eb6	87	127	
1349	229.016667	Eb5	75	87	1367	226.434104	Eb5	75	127	
1350	229.016667	G5	79	82	1366	226.434104	G5	79	127	
1351	229.020833	Bb5	82	78	1365	226.434104	Bb5	82	127	
1352	229.025000	G4	67	70	1369	226.434104	G4	67	127	
1353	229.025000	Bb4	70	88	1368	226.434104	Bb4	70	127	
1354	229.030208	Eb4	63	68	1370	226.434104	Eb4	63	127	
1355	230.127083	Eb3	51	77	1371	227.684104	Eb3	51	120	
1356	231.543750	E5	76	62	1375	228.934104	E5	76	70	
1357	231.576042	G#3	56	42	1377	228.934104	G#3	56	60	
1358	231.583333	E4	64	38	1374	228.934104	E4	64	60	
1359	231.583333	G#4	68	36	1373	228.934104	G#4	68	60	
1360	231.592708	C#3	49	36	1378	228.934104	C#3	49	60	
1361	231.605208	C#4	61	27	1376	228.934104	C#4	61	60	
1362	231.829167	Eb5	75	61	1379	229.246604	Eb5	75	70	
1363	232.122917	C#5	73	65	1380	229.559104	C#5	73	70	
1364	232.734375	C#5	73	55	1384	230.184104	C#5	73	70	
1365	232.741667	B4	71	53	1383	230.184104	B4	71	60	
1366	232.745833	Eb4	63	45	1381	230.184104	Eb4	63	60	
1367	232.773958	B2	47	31	1385	230.184104	B2	47	60	
1368	232.773958	F#3	54	33	1386	230.184104	F#3	54	60	
1369	232.779167	F#4	66	35	1382	230.184104	F#4	66	60	
1370	232.781250	B3	59	21	1387	230.184104	B3	59	60	
1371	233.865625	A4	69	30	1388	231.434104	A4	69	60	
1372	233.872917	E4	64	23	1389	231.434104	E4	64	60	
1373	233.896875	A2	45	28	1393	231.434104	A2	45	60	
1374	233.896875	E3	52	34	1392	231.434104	E3	52	60	
1375	233.896875	A3	57	34	1391	231.434104	A3	57	60	
1376	233.902083	C#4	61	28	1390	231.434104	C#4	61	60	
1377	234.458333	F#5	78	62	1394	232.059104	F#5	78	70	
1378	235.192708	E5	76	53	1398	232.684104	E5	76	70	
1379	235.201042	G#3	56	32	1400	232.684104	G#3	56	60	
1380	235.205208	C#3	49	22	1401	232.684104	C#3	49	60	
1381	235.218750	C#4	61	31	1399	232.684104	C#4	61	60	
1382	235.223958	C#5	73	23	1395	232.684104	C#5	73	60	
1383	235.247917	E4	64	5	1397	232.684104	E4	64	60	
1384	235.302083	G#4	68	8	1396	232.684104	G#4	68	60	
1385	235.480208	Eb5	75	56	1402	232.996604	Eb5	75	70	
1386	235.768750	C#5	73	58	1403	233.309104	C#5	73	70	
1387	236.343750	C#5	73	44	1407	233.934104	C#5	73	70	
1388	236.364583	B3	59	35	1410	233.934104	B3	59	60	
1389	236.364583	B4	71	46	1406	233.934104	B4	71	60	
1390	236.368750	Eb4	63	41	1404	233.934104	Eb4	63	60	
1391	236.382292	B2	47	30	1408	233.934104	B2	47	60	
1392	236.382292	F#3	54	34	1409	233.934104	F#3	54	60	
1393	236.391667	F#4	66	30	1405	233.934104	F#4	66	60	
1394	237.435417	A4	69	27	1411	235.184104	A4	69	60	
1395	237.452083	C#4	61	28	1413	235.184104	C#4	61	60	
1396	237.467708	A2	45	29	1416	235.184104	A2	45	60	
1397	237.469792	A3	57	24	1414	235.184104	A3	57	60	
1398	237.472917	E4	64	11	1412	235.184104	E4	64	60	
1399	237.477083	E3	52	28	1415	235.184104	E3	52	60	
1400	237.997917	F#5	78	59	1417	235.809104	F#5	78	70	
1401	238.695833	E5	76	47	1421	236.434104	E5	76	50	
1402	238.734375	C#4	61	36	1424	236.434104	C#4	61	50	
1403	238.734375	E4	64	30	1418	236.434104	E4	64	50	
1404	238.734375	C#5	73	44	1420	236.434104	C#5	73	50	
1405	238.740625	G#3	56	29	1423	236.434104	G#3	56	50	
1406	238.745833	C#3	49	30	1422	236.434104	C#3	49	50	
1407	238.754167	G#4	68	33	1419	236.434104	G#4	68	50	
1408	239.361458	Eb5	75	60	1428	237.059104	Eb5	75	50	
1409	239.391667	Bb4	70	54	1427	237.059104	Bb4	70	50	
1410	239.396875	Bb3	58	45	1430	237.059104	Bb3	58	50	
1411	239.398958	Eb4	63	48	1425	237.059104	Eb4	63	50	
1412	239.417708	G4	67	32	1426	237.059104	G4	67	50	
1413	239.436458	Eb3	51	31	1429	237.059104	Eb3	51	50	
1414	239.876042	C#5	73	70	1431	237.684104	C#5	73	50	
1415	239.903125	C#4	61	55	1434	237.684104	C#4	61	50	
1416	239.908333	A4	69	56	1432	237.684104	A4	69	50	
1417	239.918750	F#4	66	55	1433	237.684104	F#4	66	50	
1418	239.927083	F#3	54	48	1435	237.684104	F#3	54	50	
1419	239.948958	A3	57	45	1436	237.684104	A3	57	50	
1420	240.393750	Eb5	75	75	1440	238.309104	Eb5	75	50	
1421	240.410417	Bb4	70	71	1439	238.309104	Bb4	70	50	
1422	240.414583	Eb4	63	59	1437	238.309104	Eb4	63	50	
1423	240.426042	Eb3	51	51	1441	238.309104	Eb3	51	50	
1424	240.428125	Bb3	58	49	1442	238.309104	Bb3	58	50	
1425	240.883333	E5	76	69	1443	238.934104	E5	76	50	
1426	240.902083	C#5	73	62	1444	238.934104	C#5	73	50	
1427	240.921875	C#4	61	47	1449	238.934104	C#4	61	50	
1428	240.921875	E4	64	36	1446	238.934104	E4	64	50	
1429	240.926042	G#4	68	44	1445	238.934104	G#4	68	50	
1430	240.931250	C#3	49	48	1447	238.934104	C#3	49	50	
1431	240.931250	G#3	56	49	1448	238.934104	G#3	56	50	
1432	241.187500	B2	47	57	1456	239.559104	B2	47	50	
1433	241.271875	F#3	54	49	1455	239.559104	F#3	54	50	
1434	241.407292	Eb4	63	52	1454	239.559104	Eb4	63	50	
1435	241.407292	F#5	78	66	1453	239.559104	F#5	78	50	
1436	241.429167	Eb5	75	52	1452	239.559104	Eb5	75	50	
1437	241.437500	F#4	66	46	1450	239.559104	F#4	66	50	
1438	241.457292	B4	71	25	1451	239.559104	B4	71	50	
1439	241.710417	Eb3	51	40	*	-1	*	-1	-1	
1440	241.716667	G#2	44	49	1457	240.079937	G#2	44	50	
1441	242.077083	G#5	80	59	1461	240.184104	G#5	80	50	
1442	242.115625	Eb5	75	43	1459	240.184104	Eb5	75	50	
1443	242.139583	G#4	68	46	1460	240.184104	G#4	68	50	
1444	242.147917	G#3	56	36	*	-1	*	-1	-1	
1445	242.173958	Eb4	63	29	*	-1	*	-1	-1	
1446	242.619792	F#5	78	61	1465	240.809104	F#5	78	50	
1447	242.628125	F#3	54	39	1467	240.809104	F#3	54	50	
1448	242.628125	F#4	66	50	1464	240.809104	F#4	66	50	
1449	242.650000	C#4	61	38	1468	240.809104	C#4	61	50	
1450	242.691667	C#5	73	20	1466	240.809104	C#5	73	50	
1451	242.830208	G#5	80	67	1470	241.121604	G#5	80	50	
1452	242.850000	G#3	56	49	1471	241.121604	G#3	56	50	
1453	242.850000	Eb4	63	45	*	-1	*	-1	-1	
1454	242.854167	G#4	68	57	1469	241.121604	G#4	68	50	
1455	242.889583	C#5	73	29	*	-1	*	-1	-1	
1456	243.092708	G#5	80	75	1474	241.434104	G#5	80	50	
1457	243.113542	G#4	68	54	1472	241.434104	G#4	68	50	
1458	243.113542	Eb5	75	64	1473	241.434104	Eb5	75	50	
1459	243.125000	G#3	56	47	1476	241.434104	G#3	56	50	
1460	243.152083	Eb4	63	48	1475	241.434104	Eb4	63	50	
1461	243.662500	B5	83	62	1479	242.059104	B5	83	60	
1462	243.677083	F#4	66	43	1480	242.059104	F#4	66	60	
1463	243.683333	B4	71	38	1477	242.059104	B4	71	60	
1464	243.696875	B3	59	40	1482	242.059104	B3	59	60	
1465	243.711458	Eb4	63	44	1481	242.059104	Eb4	63	60	
1466	244.237500	G#5	80	52	1485	242.684104	G#5	80	50	
1467	244.246875	Eb4	63	44	1486	242.684104	Eb4	63	50	
1468	244.252083	G#4	68	40	1483	242.684104	G#4	68	50	
1469	244.265625	G#3	56	45	1487	242.684104	G#3	56	50	
1470	244.284375	Eb5	75	23	1484	242.684104	Eb5	75	50	
1471	244.732292	Eb5	75	58	1490	243.309104	Eb5	75	50	
1472	244.769792	Eb4	63	40	1488	243.309104	Eb4	63	50	
1473	244.773958	F#3	54	46	1492	243.309104	F#3	54	50	
1474	244.773958	Bb4	70	41	1489	243.309104	Bb4	70	50	
1475	244.788542	Eb3	51	20	1493	243.309104	Eb3	51	50	
1476	244.794792	Bb3	58	18	1491	243.309104	Bb3	58	50	
1477	245.026042	Eb3	51	43	*	-1	*	-1	-1	
1478	245.051042	G#2	44	49	1494	243.829937	G#2	44	50	
1479	245.327083	G#5	80	62	1498	243.934104	G#5	80	50	
1480	245.343750	Eb5	75	58	1496	243.934104	Eb5	75	50	
1481	245.358333	G#4	68	45	1497	243.934104	G#4	68	50	
1482	245.365625	Eb4	63	48	1500	243.934104	Eb4	63	50	
1483	245.369792	G#3	56	49	1499	243.934104	G#3	56	50	
1484	245.854167	F#5	78	71	1502	244.559104	F#5	78	50	
1485	245.862500	F#3	54	50	1504	244.559104	F#3	54	50	
1486	245.866667	F#4	66	46	1501	244.559104	F#4	66	50	
1487	245.870833	C#4	61	47	1505	244.559104	C#4	61	50	
1488	246.075000	G#5	80	79	1507	244.871604	G#5	80	50	
1489	246.095833	G#4	68	66	1506	244.871604	G#4	68	50	
1490	246.104167	Eb4	63	57	*	-1	*	-1	-1	
1491	246.122917	G#3	56	46	1508	244.871604	G#3	56	50	
1492	246.341667	G#5	80	75	1511	245.184104	G#5	80	50	
1493	246.356250	G#4	68	62	1509	245.184104	G#4	68	50	
1494	246.360417	Eb5	75	71	1510	245.184104	Eb5	75	50	
1495	246.378125	G#3	56	52	1513	245.184104	G#3	56	50	
1496	246.398958	Eb4	63	49	1512	245.184104	Eb4	63	50	
1497	246.911458	C#6	85	80	1516	245.809104	C#6	85	60	
1498	246.929167	C#5	73	62	1514	245.809104	C#5	73	60	
1499	246.934375	G#5	80	58	1515	245.809104	G#5	80	60	
1500	246.940625	G#4	68	55	1517	245.809104	G#4	68	60	
1501	246.951042	C#4	61	42	1519	245.809104	C#4	61	60	
1502	246.955208	E4	64	43	1518	245.809104	E4	64	60	
1503	247.477083	G#5	80	60	1522	246.434104	G#5	80	50	
1504	247.512500	G#4	68	40	1520	246.434104	G#4	68	50	
1505	247.521875	G#3	56	41	1524	246.434104	G#3	56	50	
1506	247.527083	Eb4	63	30	1523	246.434104	Eb4	63	50	
1507	247.985417	Eb5	75	52	1527	247.059104	Eb5	75	50	
1508	248.000000	Bb4	70	51	1526	247.059104	Bb4	70	50	
1509	248.013542	Eb4	63	40	1525	247.059104	Eb4	63	50	
1510	248.017708	Bb3	58	44	1528	247.059104	Bb3	58	50	
1511	248.032292	Eb3	51	40	1530	247.059104	Eb3	51	50	
1512	248.040625	F#3	54	38	1529	247.059104	F#3	54	50	
1513	248.547917	G#5	80	67	1531	247.684104	G#5	80	50	
1514	248.570833	Eb4	63	54	1534	247.684104	Eb4	63	50	
1515	248.570833	Eb5	75	65	1532	247.684104	Eb5	75	50	
1516	248.580208	G#3	56	47	1535	247.684104	G#3	56	50	
1517	248.580208	G#4	68	46	1533	247.684104	G#4	68	50	
1518	249.109375	C#6	85	72	1536	248.309104	C#6	85	60	
1519	249.135417	C#4	61	39	1541	248.309104	C#4	61	60	
1520	249.135417	C#5	73	58	1538	248.309104	C#5	73	60	
1521	249.135417	G#5	80	59	1537	248.309104	G#5	80	60	
1522	249.150000	E4	64	43	1540	248.309104	E4	64	60	
1523	249.150000	G#4	68	44	1539	248.309104	G#4	68	60	
1524	249.712500	G#4	68	44	1544	248.934104	G#4	68	50	
1525	249.717708	G#5	80	50	1542	248.934104	G#5	80	50	
1526	249.746875	Eb4	63	43	1545	248.934104	Eb4	63	50	
1527	249.758333	G#3	56	41	1546	248.934104	G#3	56	50	
1528	250.303125	Eb5	75	52	1549	249.559104	Eb5	75	60	
1529	250.316667	Bb4	70	49	1548	249.559104	Bb4	70	60	
1530	250.319792	Eb4	63	51	1547	249.559104	Eb4	63	60	
1531	250.323958	Bb3	58	46	1550	249.559104	Bb3	58	60	
1532	250.329167	Eb3	51	44	1551	249.559104	Eb3	51	60	
1533	250.926042	G#4	68	44	1553	250.184104	G#4	68	50	
1534	250.965625	G#2	44	44	1554	250.184104	G#2	44	50	
1535	250.975000	G#3	56	35	1552	250.184104	G#3	56	50	
1536	251.578125	Eb4	63	47	1555	250.809104	Eb4	63	60	
1537	251.594792	Bb2	46	31	1559	250.809104	Bb2	46	60	
1538	251.615625	Eb3	51	23	1557	250.809104	Eb3	51	60	
1539	251.619792	Bb3	58	32	1556	250.809104	Bb3	58	60	
1540	251.625000	Eb2	39	30	1558	250.809104	Eb2	39	60	
1541	252.319792	G#2	44	46	1560	251.434104	G#2	44	50	
1542	252.339583	G#1	32	44	1561	251.434104	G#1	32	50	
1543	253.056250	C#3	49	44	1562	252.059104	C#3	49	50	
1544	253.089583	C#2	37	33	1563	252.059104	C#2	37	50	
1545	253.771875	C#3	49	47	1564	252.684104	C#3	49	60	
1546	253.817708	C#2	37	31	1565	252.684104	C#2	37	60	
1547	255.107292	B1	35	35	1567	253.934104	B1	35	50	
1548	255.114583	B2	47	40	1566	253.934104	B2	47	50	
1549	255.401042	A2	45	35	1568	254.246604	A2	45	50	
1550	255.412500	A1	33	23	1569	254.246604	A1	33	50	
1551	255.739583	G#2	44	39	1571	254.559104	G#2	44	50	
1552	255.744792	G#1	32	42	1570	254.559104	G#1	32	50	
1553	256.447917	G#2	44	43	1576	255.184104	G#2	44	50	
1554	256.468750	B3	59	45	1573	255.184104	B3	59	60	
1555	256.481250	C#4	61	35	1572	255.184104	C#4	61	60	
1556	256.492708	F#3	54	22	1574	255.184104	F#3	54	60	
1557	256.501042	C#3	49	33	1575	255.184104	C#3	49	60	
1558	257.596875	C#1	25	38	1577	256.684104	C#1	25	50	
1559	257.772917	C#2	37	37	1578	256.809104	C#2	37	50	
1560	259.031250	E4	64	47	1579	258.184104	E4	64	60	
1561	259.040625	D4	62	47	1580	258.184104	D4	62	60	
1562	259.046875	E3	52	39	1582	258.184104	E3	52	60	
1563	259.056250	B2	47	53	1583	258.184104	B2	47	50	
1564	259.061458	A3	57	27	1581	258.184104	A3	57	60	
1565	260.183333	E1	28	44	1584	259.684104	E1	28	50	
1566	260.317708	E2	40	31	1585	259.809104	E2	40	50	
1567	261.570833	G#4	68	52	1586	261.184104	G#4	68	60	
1568	261.581250	F#4	66	55	1587	261.184104	F#4	66	60	
1569	261.590625	C#4	61	43	1588	261.184104	C#4	61	60	
1570	261.597917	G#3	56	34	1589	261.184104	G#3	56	60	
1571	261.614583	Eb3	51	50	1590	261.184104	Eb3	51	50	
1572	262.695833	G#1	32	48	1591	262.684104	G#1	32	50	
1573	262.880208	G#2	44	43	1592	262.809104	G#2	44	50	
1574	264.072917	F#2	42	49	1597	264.184104	F#2	42	40	
1575	264.172917	B4	71	56	1596	264.184104	B4	71	40	
1576	264.183333	A4	69	51	1595	264.184104	A4	69	40	
1577	264.194792	E4	64	40	1594	264.184104	E4	64	40	
1578	264.205208	B3	59	43	1593	264.184104	B3	59	40	
1579	264.364583	F#3	54	44	1598	264.309104	F#3	54	40	
1580	265.184375	B2	47	44	1599	265.684104	B2	47	40	
1581	265.343750	B3	59	44	1600	265.809104	B3	59	40	
1582	266.164583	F#3	54	55	1601	267.184104	F#3	54	40	
1583	266.426042	F#4	66	40	1602	267.309104	F#4	66	40	
1584	267.220833	B3	59	41	1603	268.684104	B3	59	40	
1585	267.572917	B4	71	33	1604	268.809104	B4	71	40	
1586	268.332292	F#4	66	35	1609	270.184104	F#4	66	40	
1587	268.422917	B5	83	49	1605	270.184104	B5	83	40	
1588	268.436458	B4	71	32	1608	270.184104	B4	71	40	
1589	268.442708	A5	81	43	1606	270.184104	A5	81	40	
1590	268.447917	E5	76	41	1607	270.184104	E5	76	40	
1591	268.738542	F#5	78	41	1610	270.309104	F#5	78	40	
1592	269.438542	B4	71	37	*	-1	*	-1	-1	
1593	269.544792	B4	71	8	1611	271.684104	B4	71	40	
1594	269.797917	B5	83	46	1612	271.809104	B5	83	40	
1595	271.308333	E4	64	33	1618	273.184104	E4	64	30	
1596	271.312500	C#6	85	40	1613	273.184104	C#6	85	40	
1597	271.334375	G#4	68	23	1617	273.184104	G#4	68	30	
1598	271.334375	C#5	73	29	1616	273.184104	C#5	73	30	
1599	271.334375	E5	76	35	1615	273.184104	E5	76	30	
1600	271.339583	G#5	80	41	1614	273.184104	G#5	80	30	
1601	271.343750	C#4	61	25	1619	273.184104	C#4	61	30	
1602	272.539583	C#2	37	31	1621	274.684104	C#2	37	30	
1603	272.565625	C#1	25	25	1620	274.684104	C#1	25	30	
1604	273.720833	C#1	25	23	1622	276.184104	C#1	25	30	
1605	273.741667	C#2	37	24	1623	276.184104	C#2	37	30	
1606	275.480208	C#3	49	35	1624	277.684104	C#3	49	30	
1607	275.510417	C#1	25	26	1625	277.684104	C#1	25	30	
1608	275.526042	C#2	37	22	1626	277.684104	C#2	37	30	
*	-1	*	-1	-1	48	5.000000	G#3	56	60	
*	-1	*	-1	-1	92	12.083333	B3	59	60	
*	-1	*	-1	-1	202	36.703346	A4	69	80	
*	-1	*	-1	-1	356	64.066978	B3	59	60	
*	-1	*	-1	-1	475	93.180614	D4	62	40	
*	-1	*	-1	-1	532	108.180614	F4	65	40	
*	-1	*	-1	-1	580	116.930614	Eb4	63	80	
*	-1	*	-1	-1	617	123.407886	Eb4	63	60	
*	-1	*	-1	-1	733	140.977814	Eb5	75	60	
*	-1	*	-1	-1	740	141.266276	B4	71	60	
*	-1	*	-1	-1	741	141.266276	C#5	73	60	
*	-1	*	-1	-1	744	141.266276	B3	59	60	
*	-1	*	-1	-1	745	141.266276	C#4	61	60	
*	-1	*	-1	-1	820	148.189352	E5	76	60	
*	-1	*	-1	-1	823	148.189352	Eb4	63	60	
*	-1	*	-1	-1	824	148.189352	E4	64	60	
*	-1	*	-1	-1	947	157.131658	G#4	68	60	
*	-1	*	-1	-1	1062	181.843196	C#5	73	60	
*	-1	*	-1	-1	1131	195.184104	G#4	68	50	
*	-1	*	-1	-1	1168	202.684104	G#4	68	74	
*	-1	*	-1	-1	1174	203.934104	G#5	80	80	
*	-1	*	-1	-1	1175	203.934104	E5	76	80	
*	-1	*	-1	-1	1176	203.934104	B4	71	80	
*	-1	*	-1	-1	1177	203.934104	G#4	68	80	
*	-1	*	-1	-1	1207	207.059104	B3	59	84	
*	-1	*	-1	-1	1229	208.309104	B3	59	91	
*	-1	*	-1	-1	1259	213.934104	G#5	80	110	
*	-1	*	-1	-1	1372	228.934104	C#5	73	60	
*	-1	*	-1	-1	1438	238.309104	G4	67	50	
*	-1	*	-1	-1	1458	240.132021	Eb3	51	50	
*	-1	*	-1	-1	1478	242.059104	F#5	78	60	
*	-1	*	-1	-1	1495	243.882021	Eb3	51	50	
*	-1	*	-1	-1	1503	244.559104	C#5	73	50	
*	-1	*	-1	-1	1521	246.434104	Eb5	75	50	
*	-1	*	-1	-1	1543	248.934104	Eb5	75	50	
*	-1	*	-1	-1	426	75.629478	Eb4	63	90	
*	-1	*	-1	-1	427	75.733645	F#4	66	91	
*	-1	*	-1	-1	430	76.566978	C#6	85	107	
*	-1	*	-1	-1	428	76.566978	C#5	73	97	
*	-1	*	-1	-1	429	76.566978	E5	76	97	
*	-1	*	-1	-1	548	111.930614	G4	67	69	
*	-1	*	-1	-1	931	155.977812	B4	71	60	
*	-1	*	-1	-1	1002	165.801529	Eb3	51	100	
*	-1	*	-1	-1	1028	173.301529	Eb3	51	100	
*	-1	*	-1	-1	1183	204.194521	E4	64	80	
*	-1	*	-1	-1	1190	205.913271	B3	59	80	
*	-1	*	-1	-1	1193	206.382021	G#3	56	80	
*	-1	*	-1	-1	1198	206.434104	E4	64	80	
*	-1	*	-1	-1	1197	206.434104	G#4	68	80	
*	-1	*	-1	-1	1196	206.434104	B4	71	80	
*	-1	*	-1	-1	1462	240.184104	G#3	56	50	
*	-1	*	-1	-1	1463	240.184104	Eb4	63	50	
