// alignID alignOntime alignSitch alignPitch alignOnvel refID refOntime refSitch refPitch refOnvel
0	1.037500	A4	69	40	0	0.139323	A4	69	127	
1	1.448958	D5	74	47	3	0.416667	D5	74	127	
2	1.493750	D4	62	33	1	0.416667	D4	62	127	
3	1.498958	F4	65	35	2	0.416667	F4	65	127	
4	1.811458	E5	76	56	4	0.694010	E5	76	127	
5	2.078125	F5	77	64	5	0.971354	F5	77	127	
6	2.375000	E5	76	59	6	1.248698	E5	76	127	
7	2.385417	E4	64	41	8	1.248698	E4	64	127	
8	2.404167	C#4	61	38	7	1.248698	C#4	61	127	
9	2.662500	A5	81	58	9	1.526042	A5	81	127	
10	2.926042	A4	69	58	10	1.803385	A4	69	127	
11	3.225000	G5	79	57	14	2.218750	G5	79	127	
12	3.271875	D4	62	38	12	2.080729	D4	62	127	
13	3.357292	F5	77	62	15	2.287760	F5	77	127	
14	3.466667	G5	79	69	16	2.356771	G5	79	127	
15	3.544792	F4	65	39	17	2.356771	F4	65	127	
16	3.556250	F5	77	67	18	2.425781	F5	77	127	
17	3.633333	G5	79	71	19	2.494792	G5	79	127	
18	3.721875	F5	77	61	20	2.563802	F5	77	127	
19	3.769792	G5	79	67	21	2.632812	G5	79	127	
20	3.782292	A4	69	38	22	2.632812	A4	69	127	
21	3.862500	F5	77	56	23	2.701823	F5	77	127	
22	4.150000	E5	76	48	26	2.908854	E5	76	127	
23	4.160417	C4	60	28	27	2.908854	C4	60	127	
24	4.498958	E4	64	35	28	3.186198	E4	64	127	
25	4.813542	A5	81	61	29	3.463542	A5	81	127	
26	4.833333	A4	69	35	30	3.463542	A4	69	127	
27	5.219792	G5	79	55	31	3.740885	G5	79	127	
28	5.239583	D4	62	34	32	3.740885	D4	62	127	
29	5.258333	Bb3	58	29	33	3.740885	Bb3	58	127	
30	5.635417	Bb5	82	60	34	4.018229	Bb5	82	127	
31	5.753125	A5	81	65	35	4.157552	A5	81	127	
32	5.876042	G5	79	70	36	4.296875	G5	79	127	
33	5.994792	F5	77	60	37	4.436198	F5	77	127	
34	6.146875	E5	76	55	38	4.575521	E5	76	127	
35	6.170833	E4	64	35	40	4.575521	E4	64	127	
36	6.180208	D4	62	37	39	4.575521	D4	62	127	
37	6.181250	G3	55	35	41	4.575521	G3	55	127	
38	6.485417	G5	79	66	42	4.852865	G5	79	127	
39	6.605208	F5	77	65	43	4.992188	F5	77	127	
40	6.712500	E5	76	69	44	5.131510	E5	76	127	
41	6.831250	D5	74	72	45	5.270833	D5	74	127	
42	6.990625	D5	74	52	46	5.410156	D5	74	127	
43	7.030208	A3	57	40	47	5.410156	A3	57	127	
44	7.285417	C#4	61	53	48	5.687500	C#4	61	127	
45	7.552083	C#5	73	54	49	5.964844	C#5	73	127	
46	7.560417	E4	64	48	50	5.964844	E4	64	127	
47	7.865625	A4	69	47	51	6.242188	A4	69	127	
48	7.972917	G4	67	52	52	6.381510	G4	67	127	
49	8.091667	F4	65	60	53	6.520833	F4	65	127	
50	8.213542	E4	64	59	54	6.660156	E4	64	127	
51	8.357292	D4	62	50	56	6.799479	D4	62	127	
52	8.383333	A5	81	49	55	6.799479	A5	81	127	
53	8.682292	C5	72	49	57	7.076823	C5	72	127	
54	8.683333	G4	67	41	58	7.076823	G4	67	127	
55	8.947917	Bb4	70	57	59	7.354167	Bb4	70	127	
56	9.216667	G5	79	63	60	7.631510	G5	79	127	
57	9.223958	G4	67	43	61	7.631510	G4	67	127	
58	9.514583	Bb4	70	53	62	7.908854	Bb4	70	127	
59	9.530208	F4	65	39	63	7.908854	F4	65	127	
60	9.780208	A4	69	54	64	8.186198	A4	69	127	
61	10.046875	F5	77	56	65	8.463542	F5	77	127	
62	10.068750	F4	65	40	66	8.463542	F4	65	127	
63	10.338542	A4	69	53	67	8.740885	A4	69	127	
64	10.370833	E4	64	35	68	8.740885	E4	64	127	
65	10.620833	G4	67	51	69	9.018229	G4	67	127	
66	10.878125	E5	76	58	70	9.295573	E5	76	127	
67	10.895833	E4	64	46	71	9.295573	E4	64	127	
68	11.180208	G4	67	49	72	9.572917	G4	67	127	
69	11.192708	D4	62	41	73	9.572917	D4	62	127	
70	11.445833	F4	65	53	74	9.850260	F4	65	127	
71	11.709375	D5	74	57	75	10.127604	D5	74	127	
72	11.728125	D4	62	45	76	10.127604	D4	62	127	
73	12.009375	F4	65	41	77	10.404948	F4	65	127	
74	12.016667	C4	60	37	78	10.404948	C4	60	127	
75	12.270833	E4	64	47	79	10.682292	E4	64	127	
76	12.560417	C4	60	40	81	10.959635	C4	60	127	
77	12.561458	C5	72	41	80	10.959635	C5	72	127	
78	12.843750	Bb3	58	40	83	11.236979	Bb3	58	127	
79	12.865625	E4	64	36	82	11.236979	E4	64	127	
80	13.122917	D4	62	42	84	11.514323	D4	62	127	
81	13.383333	Bb4	70	48	85	11.791667	Bb4	70	127	
82	13.409375	Bb3	58	44	86	11.791667	Bb3	58	127	
83	13.712500	C4	60	42	87	12.069010	C4	60	127	
84	13.725000	A3	57	42	88	12.069010	A3	57	127	
85	14.001042	Bb3	58	44	90	12.346354	Bb3	58	127	
86	14.005208	D4	62	49	89	12.346354	D4	62	127	
87	14.105208	E4	64	60	91	12.485677	E4	64	127	
88	14.112500	C4	60	49	92	12.485677	C4	60	127	
89	14.222917	D4	62	53	94	12.625000	D4	62	127	
90	14.234375	F4	65	53	93	12.625000	F4	65	127	
91	14.334375	G4	67	60	95	12.764323	G4	67	127	
92	14.342708	E4	64	56	96	12.764323	E4	64	127	
93	14.485417	A4	69	51	97	12.903646	A4	69	127	
94	14.489583	F4	65	53	98	12.903646	F4	65	127	
95	14.761458	G4	67	57	99	13.180990	G4	67	127	
96	14.775000	E4	64	49	100	13.180990	E4	64	127	
97	15.011458	D4	62	59	102	13.458333	D4	62	127	
98	15.011458	F4	65	56	101	13.458333	F4	65	127	
99	15.286458	E4	64	61	103	13.735677	E4	64	127	
100	15.328125	C4	60	40	104	13.735677	C4	60	127	
101	15.411458	F4	65	64	105	13.875000	F4	65	127	
102	15.432292	D4	62	57	106	13.875000	D4	62	127	
103	15.539583	E4	64	62	108	14.014323	E4	64	127	
104	15.541667	G4	67	69	107	14.014323	G4	67	127	
105	15.645833	A4	69	65	109	14.153646	A4	69	127	
106	15.665625	F4	65	52	110	14.153646	F4	65	127	
107	15.765625	Bb4	70	67	111	14.292969	Bb4	70	127	
108	15.766667	G4	67	64	112	14.292969	G4	67	127	
109	15.876042	C5	72	68	113	14.432292	C5	72	127	
110	15.879167	A4	69	66	114	14.432292	A4	69	127	
111	16.044792	Bb4	70	60	116	14.571615	Bb4	70	127	
112	16.046875	D5	74	64	115	14.571615	D5	74	127	
113	16.308333	C5	72	65	117	14.848958	C5	72	127	
114	16.311458	A4	69	55	118	14.848958	A4	69	127	
115	16.583333	Bb4	70	64	119	15.126302	Bb4	70	127	
116	16.600000	G4	67	45	120	15.126302	G4	67	127	
117	16.869792	A4	69	61	121	15.403646	A4	69	127	
118	16.878125	F4	65	49	122	15.403646	F4	65	127	
119	17.165625	Bb4	70	57	123	15.680990	Bb4	70	127	
120	17.166667	G4	67	52	124	15.680990	G4	67	127	
121	17.263542	A4	69	51	126	15.820312	A4	69	127	
122	17.263542	C5	72	69	125	15.820312	C5	72	127	
123	17.363542	Bb4	70	61	128	15.959635	Bb4	70	127	
124	17.372917	D5	74	76	127	15.959635	D5	74	127	
125	17.482292	E5	76	77	129	16.098958	E5	76	127	
126	17.504167	C5	72	64	130	16.098958	C5	72	127	
127	17.613542	F5	77	76	131	16.238281	F5	77	127	
128	17.623958	D5	74	66	132	16.238281	D5	74	127	
129	17.891667	E5	76	69	133	16.515625	E5	76	127	
130	17.902083	C5	72	70	134	16.515625	C5	72	127	
131	18.155208	D5	74	76	135	16.792969	D5	74	127	
132	18.171875	Bb4	70	60	136	16.792969	Bb4	70	127	
133	18.456250	C5	72	67	137	17.070312	C5	72	127	
134	18.479167	A4	69	51	138	17.070312	A4	69	127	
135	18.583333	D5	74	72	139	17.209635	D5	74	127	
136	18.598958	Bb4	70	61	140	17.209635	Bb4	70	127	
137	18.687500	E5	76	77	141	17.348958	E5	76	127	
138	18.702083	C5	72	67	142	17.348958	C5	72	127	
139	18.795833	F5	77	74	143	17.488281	F5	77	127	
140	18.810417	D5	74	65	144	17.488281	D5	74	127	
141	18.885417	G5	79	77	145	17.627604	G5	79	127	
142	18.901042	E5	76	66	146	17.627604	E5	76	127	
143	18.964583	A5	81	77	147	17.720052	A5	81	127	
144	18.984375	F5	77	68	148	17.720052	F5	77	127	
145	19.067708	Bb5	82	75	149	17.812500	Bb5	82	127	
146	19.103125	G5	79	69	150	17.812500	G5	79	127	
147	19.178125	C6	84	74	151	17.904948	C6	84	127	
148	19.203125	A5	81	66	152	17.904948	A5	81	127	
149	19.456250	Bb5	82	80	153	18.182292	Bb5	82	127	
150	19.466667	G5	79	63	154	18.182292	G5	79	127	
151	19.713542	A5	81	79	155	18.459635	A5	81	127	
152	19.725000	F5	77	61	156	18.459635	F5	77	127	
153	20.088542	A5	81	66	157	18.736979	A5	81	127	
154	20.108333	C4	60	43	159	18.805990	G5	79	127	
155	20.300000	G5	79	61	161	18.944010	G5	79	127	
156	20.394792	A5	81	68	162	19.013021	A5	81	127	
157	20.490625	G5	79	66	163	19.082031	G5	79	127	
158	20.545833	A5	81	70	168	19.427083	A5	81	127	
159	20.597917	G5	79	79	169	19.496094	G5	79	127	
160	20.889583	G4	67	42	170	19.565104	G4	67	127	
161	20.895833	E4	64	40	171	19.565104	E4	64	127	
162	21.139583	C6	84	76	172	19.842448	C6	84	127	
163	21.385417	C5	72	69	173	20.119792	C5	72	127	
164	21.582292	E5	76	66	174	20.397135	E5	76	127	
165	21.696875	D5	74	71	177	20.466146	D5	74	127	
166	21.725000	F4	65	40	175	20.397135	F4	65	127	
167	21.725000	A4	69	42	176	20.397135	A4	69	127	
168	21.795833	E5	76	70	178	20.535156	E5	76	127	
169	21.865625	D5	74	71	179	20.604167	D5	74	127	
170	21.937500	E5	76	66	180	20.673177	E5	76	127	
171	22.031250	D5	74	62	181	20.742188	D5	74	127	
172	22.078125	E5	76	69	182	20.811198	E5	76	127	
173	22.159375	D5	74	64	183	20.880208	D5	74	127	
174	22.227083	C5	72	79	184	20.949219	C5	72	127	
175	22.530208	G4	67	39	185	21.226562	G4	67	127	
176	22.535417	E4	64	45	186	21.226562	E4	64	127	
177	22.800000	C6	84	62	187	21.503906	C6	84	127	
178	22.817708	D4	62	35	188	21.503906	D4	62	127	
179	23.039583	C5	72	60	189	21.781250	C5	72	127	
180	23.061458	C4	60	44	190	21.781250	C4	60	127	
181	23.202083	E5	76	59	191	22.058594	E5	76	127	
182	23.317708	D5	74	66	194	22.127604	D5	74	127	
183	23.342708	A4	69	41	193	22.058594	A4	69	127	
184	23.357292	F4	65	37	192	22.058594	F4	65	127	
185	23.426042	E5	76	65	195	22.196615	E5	76	127	
186	23.513542	D5	74	70	196	22.265625	D5	74	127	
187	23.587500	E5	76	65	197	22.334635	E5	76	127	
188	23.670833	D5	74	61	198	22.403646	D5	74	127	
189	23.713542	E5	76	64	199	22.472656	E5	76	127	
190	23.796875	D5	74	62	200	22.541667	D5	74	127	
191	23.855208	C5	72	71	201	22.610677	C5	72	127	
192	24.159375	C5	72	56	*	-1	*	-1	-1	
193	24.169792	G4	67	30	202	22.888021	G4	67	127	
194	24.171875	E4	64	47	203	22.888021	E4	64	127	
195	24.501042	C6	84	60	204	23.165365	C6	84	127	
196	24.521875	D4	62	40	205	23.165365	D4	62	127	
197	24.773958	Bb5	82	69	206	23.442708	Bb5	82	127	
198	24.810417	C4	60	34	207	23.442708	C4	60	127	
199	25.060417	A5	81	65	208	23.720052	A5	81	127	
200	25.092708	A4	69	37	209	23.720052	A4	69	127	
201	25.094792	F4	65	41	210	23.720052	F4	65	127	
202	25.328125	G5	79	72	211	23.997396	G5	79	127	
203	25.591667	F5	77	67	212	24.274740	F5	77	127	
204	25.610417	Bb3	58	42	213	24.274740	Bb3	58	127	
205	25.888542	F5	77	64	*	-1	*	-1	-1	
206	25.921875	C4	60	37	214	24.552083	C4	60	127	
207	26.155208	G5	79	70	215	24.829427	G5	79	127	
208	26.412500	E5	76	56	216	25.106771	E5	76	127	
209	26.433333	G4	67	37	217	25.106771	G4	67	127	
210	26.719792	G5	79	63	218	25.384115	G5	79	127	
211	26.756250	F4	65	29	219	25.384115	F4	65	127	
212	26.881250	F5	77	58	220	25.453125	F5	77	127	
213	26.979167	C4	60	48	224	25.660156	C4	60	127	
214	27.003125	G5	79	63	221	25.522135	G5	79	127	
215	27.096875	F5	77	63	222	25.591146	F5	77	127	
216	27.186458	G5	79	63	223	25.660156	G5	79	127	
217	27.227083	F3	53	47	229	25.936198	F3	53	127	
218	27.253125	F5	77	66	225	25.729167	F5	77	127	
219	27.320833	G5	79	67	226	25.798177	G5	79	127	
220	27.394792	F5	77	65	227	25.867188	F5	77	127	
221	27.508333	C3	48	48	233	26.212240	C3	48	127	
222	27.759375	G5	79	81	234	26.489583	G5	79	127	
223	28.020833	C5	72	75	235	26.766927	C5	72	127	
224	28.318750	A5	81	76	236	27.044271	A5	81	127	
225	28.343750	F5	77	65	239	27.113281	F5	77	127	
226	28.350000	F4	65	47	238	27.044271	F4	65	127	
227	28.551042	G5	79	64	240	27.182292	G5	79	127	
228	28.620833	F5	77	64	241	27.251302	F5	77	127	
229	28.623958	C4	60	57	243	27.320312	C4	60	127	
230	28.707292	G5	79	72	242	27.320312	G5	79	127	
231	28.792708	F5	77	71	244	27.389323	F5	77	127	
232	28.847917	G5	79	72	245	27.458333	G5	79	127	
233	28.869792	F3	53	47	248	27.596354	F3	53	127	
234	28.927083	F5	77	71	246	27.527344	F5	77	127	
235	28.983333	G5	79	75	247	27.596354	G5	79	127	
236	29.072917	F5	77	62	249	27.665365	F5	77	127	
237	29.115625	G5	79	67	250	27.734375	G5	79	127	
238	29.160417	C3	48	46	252	27.872396	C3	48	127	
239	29.196875	F5	77	45	251	27.803385	F5	77	127	
240	29.212500	A5	81	11	*	-1	*	-1	-1	
241	29.433333	G5	79	79	253	28.149740	G5	79	127	
242	29.696875	C5	72	78	254	28.427083	C5	72	127	
243	29.989583	A5	81	81	255	28.704427	A5	81	127	
244	30.014583	F5	77	64	258	28.773438	F5	77	127	
245	30.015625	F4	65	54	257	28.704427	F4	65	127	
246	30.201042	G5	79	68	259	28.842448	G5	79	127	
247	30.269792	C4	60	55	262	28.980469	C4	60	127	
248	30.276042	F5	77	68	260	28.911458	F5	77	127	
249	30.355208	G5	79	75	261	28.980469	G5	79	127	
250	30.452083	F5	77	71	263	29.049479	F5	77	127	
251	30.490625	A5	81	33	*	-1	*	-1	-1	
252	30.514583	G5	79	73	264	29.118490	G5	79	127	
253	30.520833	F3	53	56	267	29.256510	F3	53	127	
254	30.608333	F5	77	69	265	29.187500	F5	77	127	
255	30.660417	G5	79	63	266	29.256510	G5	79	127	
256	30.742708	F5	77	66	268	29.325521	F5	77	127	
257	30.787500	G5	79	63	269	29.394531	G5	79	127	
258	30.875000	F5	77	58	270	29.463542	F5	77	127	
259	30.888542	C2	36	42	271	29.532552	C2	36	127	
260	31.152083	G5	79	79	272	29.809896	G5	79	127	
261	31.425000	C5	72	75	273	30.087240	C5	72	127	
262	31.438542	E4	64	56	274	30.087240	E4	64	127	
263	31.773958	A5	81	59	276	30.364583	A5	81	127	
264	31.802083	F4	65	43	277	30.364583	F4	65	127	
265	31.806250	F5	77	49	275	30.364583	F5	77	127	
266	32.065625	Bb5	82	67	279	30.641927	Bb5	82	127	
267	32.077083	G5	79	56	278	30.641927	G5	79	127	
268	32.379167	C6	84	65	280	30.919271	C6	84	127	
269	32.405208	A5	81	54	281	30.919271	A5	81	127	
270	32.652083	F4	65	32	283	31.196615	F4	65	127	
271	32.661458	Bb3	58	33	284	31.196615	Bb3	58	127	
272	32.664583	D4	62	35	282	31.196615	D4	62	127	
273	32.922917	Bb5	82	60	285	31.473958	Bb5	82	127	
274	32.946875	G5	79	57	286	31.473958	G5	79	127	
275	33.185417	A5	81	64	287	31.751302	A5	81	127	
276	33.193750	F5	77	55	288	31.751302	F5	77	127	
277	33.487500	G5	79	63	289	32.028646	G5	79	127	
278	33.518750	C4	60	35	290	32.028646	C4	60	127	
279	33.523958	C3	48	37	291	32.028646	C3	48	127	
280	33.615625	F5	77	53	292	32.167969	F5	77	127	
281	33.737500	E5	76	61	293	32.307292	E5	76	127	
282	33.847917	D5	74	71	294	32.446615	D5	74	127	
283	33.983333	C5	72	61	295	32.585938	C5	72	127	
284	34.108333	Bb4	70	51	296	32.725260	Bb4	70	127	
285	34.216667	A4	69	61	297	32.864583	A4	69	127	
286	34.328125	G4	67	73	298	33.003906	G4	67	127	
287	34.482292	F4	65	50	299	33.143229	F4	65	127	
288	34.594792	E4	64	58	300	33.282552	E4	64	127	
289	34.701042	D4	62	68	301	33.421875	D4	62	127	
290	34.833333	C4	60	60	302	33.561198	C4	60	127	
291	34.973958	A4	69	61	303	33.700521	A4	69	127	
292	35.000000	F3	53	45	305	33.700521	F3	53	127	
293	35.003125	F4	65	47	306	33.769531	F4	65	127	
294	35.166667	G4	67	50	307	33.838542	G4	67	127	
295	35.239583	C3	48	46	310	33.976562	C3	48	127	
296	35.239583	F4	65	50	308	33.907552	F4	65	127	
297	35.307292	G4	67	63	309	33.976562	G4	67	127	
298	35.400000	F4	65	58	311	34.045573	F4	65	127	
299	35.489583	G4	67	56	312	34.114583	G4	67	127	
300	35.495833	F2	41	50	315	34.252604	F2	41	127	
301	35.568750	F4	65	58	313	34.183594	F4	65	127	
302	35.610417	G4	67	66	314	34.252604	G4	67	127	
303	35.704167	F4	65	60	316	34.321615	F4	65	127	
304	35.756250	G4	67	56	317	34.390625	G4	67	127	
305	35.812500	C2	36	41	319	34.528646	C2	36	127	
306	35.827083	F4	65	44	318	34.459635	F4	65	127	
307	36.083333	G4	67	65	320	34.805990	G4	67	127	
308	36.346875	C4	60	69	321	35.083333	C4	60	127	
309	36.640625	A4	69	68	322	35.360677	A4	69	127	
310	36.677083	F4	65	48	325	35.429688	F4	65	127	
311	36.680208	F3	53	45	324	35.360677	F3	53	127	
312	36.846875	G4	67	52	326	35.498698	G4	67	127	
313	36.912500	F4	65	52	327	35.567708	F4	65	127	
314	36.926042	C3	48	54	329	35.636719	C3	48	127	
315	36.980208	G4	67	64	328	35.636719	G4	67	127	
316	37.070833	F4	65	63	330	35.705729	F4	65	127	
317	37.141667	G4	67	62	331	35.774740	G4	67	127	
318	37.165625	F2	41	54	334	35.912760	F2	41	127	
319	37.214583	F4	65	58	332	35.843750	F4	65	127	
320	37.271875	G4	67	64	333	35.912760	G4	67	127	
321	37.348958	F4	65	49	335	35.981771	F4	65	127	
322	37.401042	G4	67	62	336	36.050781	G4	67	127	
323	37.492708	C2	36	46	338	36.188802	C2	36	127	
324	37.495833	F4	65	54	337	36.119792	F4	65	127	
325	37.766667	G4	67	64	339	36.466146	G4	67	127	
326	38.029167	C4	60	65	340	36.743490	C4	60	127	
327	38.337500	A4	69	49	341	37.020833	A4	69	127	
328	38.350000	F4	65	41	342	37.020833	F4	65	127	
329	38.365625	F3	53	43	343	37.020833	F3	53	127	
330	38.638542	G4	67	53	344	37.298177	G4	67	127	
331	38.901042	F4	65	55	346	37.575521	F4	65	127	
332	38.919792	Bb3	58	44	347	37.575521	Bb3	58	127	
333	38.928125	D4	62	44	345	37.575521	D4	62	127	
334	39.196875	A4	69	48	348	37.852865	A4	69	127	
335	39.209375	F4	65	38	349	37.852865	F4	65	127	
336	39.235417	C4	60	41	350	37.852865	C4	60	127	
337	39.497917	G4	67	47	351	38.130208	G4	67	127	
338	39.498958	Bb4	70	51	352	38.130208	Bb4	70	127	
339	39.758333	G4	67	51	354	38.407552	G4	67	127	
340	39.769792	E4	64	47	353	38.407552	E4	64	127	
341	39.782292	C3	48	37	355	38.407552	C3	48	127	
342	40.068750	F4	65	48	356	38.684896	F4	65	127	
343	40.112500	F3	53	36	357	38.684896	F2	41	127	
344	40.354167	G4	67	48	358	38.962240	G4	67	127	
345	40.414583	A4	69	51	359	39.031250	A4	69	127	
346	40.503125	Bb4	70	58	360	39.100260	Bb4	70	127	
347	40.579167	C5	72	69	361	39.169271	C5	72	127	
348	40.646875	D5	74	63	362	39.238281	D5	74	127	
349	40.727083	E5	76	62	363	39.307292	E5	76	127	
350	40.808333	F5	77	67	364	39.376302	F5	77	127	
351	40.867708	G5	79	70	365	39.445312	G5	79	127	
352	40.958333	A5	81	66	366	39.514323	A5	81	127	
353	40.990625	F2	41	35	368	39.514323	F2	41	127	
354	41.026042	F3	53	10	367	39.514323	F3	53	127	
355	41.269792	C6	84	58	369	39.791667	C6	84	127	
356	41.545833	C5	72	52	370	40.069010	C5	72	127	
357	41.827083	A5	81	53	371	40.346354	A5	81	127	
358	41.869792	F2	41	36	372	40.346354	F2	41	127	
359	41.891667	F3	53	21	373	40.346354	F3	53	127	
360	42.114583	C6	84	53	374	40.623698	C6	84	127	
361	42.401042	C5	72	49	375	40.901042	C5	72	127	
362	42.688542	A5	81	49	376	41.178385	A5	81	127	
363	42.727083	F2	41	35	377	41.178385	F2	41	127	
364	42.753125	F3	53	13	378	41.178385	F3	53	127	
365	42.990625	C6	84	52	379	41.455729	C6	84	127	
366	43.258333	C5	72	54	380	41.733073	C5	72	127	
367	43.678125	A5	81	49	381	42.010417	A5	81	127	
368	43.698958	F5	77	46	382	42.010417	G5	79	127	
369	43.709375	F2	41	36	384	42.010417	F2	41	127	
370	43.718750	F3	53	27	383	42.010417	F3	53	127	
371	43.945833	G5	79	52	*	-1	*	-1	-1	
372	44.032292	F5	77	36	385	42.079427	F5	77	127	
373	44.096875	G5	79	61	*	-1	*	-1	-1	
374	44.195833	F5	77	50	*	-1	*	-1	-1	
375	44.253125	G5	79	53	*	-1	*	-1	-1	
376	44.355208	F5	77	45	*	-1	*	-1	-1	
377	44.407292	G5	79	63	386	42.148438	G5	79	127	
378	44.514583	F5	77	50	387	42.217448	F5	77	127	
379	44.552083	G5	79	59	*	-1	*	-1	-1	
380	46.797917	C4	60	29	388	43.398438	C4	60	127	
381	47.296875	F4	65	36	389	43.675781	F4	65	127	
382	47.339583	C4	60	23	392	43.675781	C4	60	127	
383	47.363542	A3	57	29	391	43.675781	A3	57	127	
384	47.376042	F3	53	25	390	43.675781	F3	53	127	
385	47.683333	G4	67	40	393	43.953125	G4	67	127	
386	47.967708	A4	69	46	394	44.230469	A4	69	127	
387	48.275000	G4	67	44	395	44.507812	G4	67	127	
388	48.301042	C4	60	31	397	44.507812	C4	60	127	
389	48.307292	E3	52	35	396	44.507812	E3	52	127	
390	48.311458	G3	55	23	398	44.507812	G3	55	127	
391	48.563542	A4	69	50	399	44.785156	A4	69	127	
392	48.833333	Bb4	70	60	400	45.062500	Bb4	70	127	
393	49.157292	A4	69	54	401	45.339844	A4	69	127	
394	49.176042	C4	60	32	402	45.339844	C4	60	127	
395	49.183333	A3	57	38	403	45.339844	A3	57	127	
396	49.190625	F3	53	38	404	45.339844	F3	53	127	
397	49.447917	Bb4	70	58	405	45.617188	Bb4	70	127	
398	49.787500	C5	72	56	406	45.894531	C5	72	127	
399	50.126042	C4	60	28	408	46.171875	C4	60	127	
400	50.160417	G3	55	24	407	46.171875	G3	55	127	
401	50.161458	Eb3	51	27	409	46.171875	Eb3	51	127	
402	50.482292	D5	74	46	410	46.449219	D5	74	127	
403	50.764583	Eb5	75	56	411	46.726562	Eb5	75	127	
404	51.114583	G4	67	47	412	47.003906	G4	67	127	
405	51.150000	D4	62	30	413	47.003906	D4	62	127	
406	51.151042	A3	57	34	415	47.003906	A3	57	127	
407	51.156250	D3	50	26	414	47.003906	D3	50	127	
408	51.448958	F#4	66	52	417	47.281250	F#4	66	127	
409	51.727083	G4	67	59	418	47.558594	G4	67	127	
410	52.023958	A4	69	51	419	47.835938	A4	69	127	
411	52.034375	D4	62	37	420	47.835938	D4	62	127	
412	52.044792	A3	57	38	421	47.835938	A3	57	127	
413	52.065625	F#3	54	32	422	47.835938	F#3	54	127	
414	52.321875	Bb4	70	60	423	48.113281	Bb4	70	127	
415	52.591667	C5	72	67	424	48.390625	C5	72	127	
416	52.878125	Bb4	70	59	425	48.667969	Bb4	70	127	
417	52.890625	D4	62	38	426	48.667969	D4	62	127	
418	52.894792	Bb3	58	36	428	48.667969	Bb3	58	127	
419	52.925000	G3	55	39	427	48.667969	G3	55	127	
420	53.171875	C5	72	68	429	48.945312	C5	72	127	
421	53.490625	D5	74	66	430	49.222656	D5	74	127	
422	53.800000	D4	62	32	431	49.500000	D4	62	127	
423	53.803125	A3	57	32	433	49.500000	A3	57	127	
424	53.820833	F3	53	34	432	49.500000	F3	53	127	
425	54.115625	E5	76	52	434	49.777344	E5	76	127	
426	54.400000	F5	77	56	435	50.054688	F5	77	127	
427	54.727083	A4	69	47	436	50.332031	A4	69	127	
428	54.730208	E4	64	37	437	50.332031	E4	64	127	
429	54.748958	B3	59	36	438	50.332031	B3	59	127	
430	54.756250	E3	52	36	439	50.332031	E3	52	127	
431	55.065625	G#4	68	55	441	50.609375	G#4	68	127	
432	55.337500	A4	69	62	442	50.886719	A4	69	127	
433	55.629167	B4	71	65	443	51.164062	B4	71	127	
434	55.634375	E4	64	39	446	51.164062	E4	64	127	
435	55.648958	B3	59	41	445	51.164062	B3	59	127	
436	55.655208	G#3	56	39	444	51.164062	G#3	56	127	
437	55.907292	C#5	73	69	447	51.441406	C#5	73	127	
438	56.198958	D5	74	71	448	51.718750	D5	74	127	
439	56.495833	C#5	73	64	449	51.996094	C#5	73	127	
440	56.504167	E4	64	37	451	51.996094	E4	64	127	
441	56.510417	C#4	61	39	452	51.996094	C#4	61	127	
442	56.523958	A3	57	41	450	51.996094	A3	57	127	
443	56.780208	D5	74	68	453	52.273438	D5	74	127	
444	57.118750	E5	76	65	454	52.550781	E5	76	127	
445	57.438542	A3	57	29	455	52.828125	A3	57	127	
446	57.459375	C#3	49	29	456	52.828125	C#3	49	127	
447	57.459375	E3	52	28	457	52.828125	E3	52	127	
448	57.784375	F5	77	55	458	53.105469	F5	77	127	
449	58.081250	G5	79	66	459	53.382812	G5	79	127	
450	58.404167	F5	77	57	464	53.799479	F5	77	127	
451	58.411458	A3	57	35	462	53.660156	A3	57	127	
452	58.419792	F3	53	36	*	-1	*	-1	-1	
453	58.426042	D3	50	34	463	53.660156	D3	50	127	
454	58.687500	E5	76	61	465	53.938802	E5	76	127	
455	58.932292	D5	74	66	466	54.216146	D5	74	127	
456	59.258333	A5	81	58	467	54.493490	A5	81	127	
457	59.289583	F3	53	37	469	54.493490	F3	53	127	
458	59.553125	G5	79	65	470	54.770833	G5	79	127	
459	59.807292	F5	77	59	471	55.048177	F5	77	127	
460	59.833333	G3	55	37	472	55.048177	G3	55	127	
461	60.112500	E5	76	49	474	55.394531	E5	76	127	
462	60.150000	A3	57	35	473	55.325521	A3	57	127	
463	60.234375	F5	77	53	475	55.463542	F5	77	127	
464	60.339583	E5	76	61	476	55.532552	E5	76	127	
465	60.398958	E3	52	34	478	55.601562	E3	52	127	
466	60.441667	F5	77	48	477	55.601562	F5	77	127	
467	60.514583	E5	76	60	479	55.670573	E5	76	127	
468	60.565625	F5	77	68	480	55.739583	F5	77	127	
469	60.644792	C#3	49	46	483	55.877604	C#3	49	127	
470	60.656250	E5	76	60	481	55.808594	E5	76	127	
471	60.721875	F5	77	53	482	55.877604	F5	77	127	
472	60.797917	E5	76	44	484	55.946615	E5	76	127	
473	60.843750	F5	77	50	485	56.015625	F5	77	127	
474	60.945833	E5	76	40	486	56.084635	E5	76	127	
475	60.990625	A2	45	40	487	56.153646	A2	45	127	
476	61.261458	A5	81	51	488	56.430990	A5	81	127	
477	61.529167	A4	69	56	489	56.708333	A4	69	127	
478	61.745833	C5	72	59	490	56.985677	C5	72	127	
479	61.847917	Bb4	70	64	493	57.054688	Bb4	70	127	
480	61.863542	F4	65	39	492	56.985677	F4	65	127	
481	61.869792	D4	62	35	491	56.985677	D4	62	127	
482	61.962500	C5	72	59	494	57.123698	C5	72	127	
483	62.037500	Bb4	70	57	495	57.192708	Bb4	70	127	
484	62.089583	C5	72	56	496	57.261719	C5	72	127	
485	62.180208	Bb4	70	62	497	57.330729	Bb4	70	127	
486	62.251042	C5	72	56	498	57.399740	C5	72	127	
487	62.350000	Bb4	70	61	499	57.468750	Bb4	70	127	
488	62.453125	A4	69	43	500	57.537760	A4	69	127	
489	62.760417	A4	69	46	*	-1	*	-1	-1	
490	62.792708	E4	64	27	502	57.815104	E4	64	127	
491	62.807292	C#4	61	33	501	57.815104	C#4	61	127	
492	63.050000	A5	81	58	503	58.092448	A5	81	127	
493	63.331250	A4	69	53	504	58.369792	A4	69	127	
494	63.514583	C5	72	60	505	58.647135	C5	72	127	
495	63.631250	Bb4	70	62	508	58.716146	Bb4	70	127	
496	63.651042	D4	62	38	506	58.647135	D4	62	127	
497	63.652083	F4	65	35	507	58.647135	F4	65	127	
498	63.750000	C5	72	61	509	58.785156	C5	72	127	
499	63.836458	Bb4	70	63	510	58.854167	Bb4	70	127	
500	63.879167	C5	72	59	511	58.923177	C5	72	127	
501	63.959375	Bb4	70	67	512	58.992188	Bb4	70	127	
502	64.016667	C5	72	52	513	59.061198	C5	72	127	
503	64.119792	Bb4	70	59	514	59.130208	Bb4	70	127	
504	64.587500	A4	69	51	515	59.199219	A4	69	127	
505	64.605208	F#4	66	42	516	59.476562	F#4	66	127	
506	64.622917	D4	62	38	517	59.476562	D4	62	127	
507	64.969792	A5	81	64	518	59.753906	A5	81	127	
508	65.332292	F#5	78	72	519	60.031250	F#5	78	127	
509	65.683333	G5	79	72	520	60.308594	G5	79	127	
510	65.716667	G4	67	34	522	60.308594	G4	67	127	
511	65.739583	Eb4	63	37	521	60.308594	Eb4	63	127	
512	65.994792	A5	81	74	523	60.585938	A5	81	127	
513	66.269792	Bb5	82	76	524	60.863281	Bb5	82	127	
514	66.494792	C6	84	64	525	61.140625	C6	84	127	
515	66.536458	Bb5	82	68	529	61.279948	Bb5	82	127	
516	66.576042	A4	69	32	527	61.140625	A4	69	127	
517	66.577083	Eb4	63	30	528	61.140625	Eb4	63	127	
518	66.591667	C4	60	36	526	61.140625	C4	60	127	
519	66.817708	A5	81	72	530	61.419271	A5	81	127	
520	67.081250	G5	79	71	531	61.696615	G5	79	127	
521	67.406250	F#5	78	64	532	61.973958	F#5	78	127	
522	67.416667	A4	69	24	*	-1	*	-1	-1	
523	67.428125	F#4	66	34	534	61.973958	F#4	66	127	
524	67.436458	D4	62	39	533	61.973958	D4	62	127	
525	67.682292	G5	79	65	535	62.251302	G5	79	127	
526	67.961458	A5	81	64	536	62.528646	A5	81	127	
527	68.169792	F5	77	53	537	62.805990	F5	77	127	
528	68.247917	Eb5	75	59	541	62.945312	Eb5	75	127	
529	68.255208	D4	62	33	538	62.805990	D4	62	127	
530	68.269792	A3	57	35	539	62.805990	A3	57	127	
531	68.270833	F#3	54	30	540	62.805990	F#3	54	127	
532	68.530208	D5	74	62	542	63.084635	D5	74	127	
533	68.792708	C5	72	63	543	63.361979	C5	72	127	
534	69.114583	C5	72	49	544	63.639323	C5	72	127	
535	69.151042	G3	55	38	545	63.639323	G3	55	127	
536	69.394792	Bb4	70	53	546	63.916667	Bb4	70	127	
537	69.648958	G5	79	63	547	64.194010	G5	79	127	
538	69.657292	G4	67	43	548	64.194010	G4	67	127	
539	69.942708	Bb4	70	52	549	64.471354	Bb4	70	127	
540	69.980208	F3	53	40	550	64.471354	F3	53	127	
541	70.230208	A4	69	55	551	64.748698	A4	69	127	
542	70.495833	F5	77	58	552	65.026042	F5	77	127	
543	70.505208	F4	65	47	553	65.026042	F4	65	127	
544	70.807292	A4	69	46	554	65.303385	A4	69	127	
545	70.827083	E3	52	40	555	65.303385	E3	52	127	
546	71.081250	G4	67	51	556	65.580729	G4	67	127	
547	71.365625	E5	76	51	557	65.858073	E5	76	127	
548	71.372917	E4	64	44	558	65.858073	E4	64	127	
549	71.661458	G4	67	45	559	66.135417	G4	67	127	
550	71.676042	D3	50	35	560	66.135417	D3	50	127	
551	71.942708	F4	65	45	561	66.412760	F4	65	127	
552	72.206250	D5	74	53	562	66.690104	D5	74	127	
553	72.212500	D4	62	47	563	66.690104	D4	62	127	
554	72.511458	F4	65	42	564	66.967448	F4	65	127	
555	72.523958	C3	48	36	565	66.967448	C3	48	127	
556	72.786458	E4	64	48	566	67.244792	E4	64	127	
557	73.044792	C5	72	56	567	67.522135	C5	72	127	
558	73.051042	C4	60	41	568	67.522135	C4	60	127	
559	73.355208	E4	64	44	569	67.799479	E4	64	127	
560	73.363542	Bb2	46	40	570	67.799479	Bb2	46	127	
561	73.633333	D4	62	52	571	68.076823	D4	62	127	
562	73.895833	Bb4	70	49	572	68.354167	Bb4	70	127	
563	73.904167	Bb3	58	41	573	68.354167	Bb3	58	127	
564	74.191667	D4	62	43	574	68.631510	D4	62	127	
565	74.230208	A2	45	36	575	68.631510	A2	45	127	
566	74.475000	C4	60	44	576	68.908854	C4	60	127	
567	74.732292	A4	69	48	577	69.186198	A4	69	127	
568	74.748958	A3	57	38	578	69.186198	A3	57	127	
569	75.042708	C4	60	40	579	69.463542	C4	60	127	
570	75.044792	G2	43	32	580	69.463542	G2	43	127	
571	75.323958	Bb3	58	46	581	69.740885	Bb3	58	127	
572	75.588542	G4	67	40	582	70.018229	G4	67	127	
573	75.591667	G3	55	39	583	70.018229	G3	55	127	
574	75.889583	A3	57	47	584	70.295573	A3	57	127	
575	75.902083	F3	53	40	585	70.295573	F3	53	127	
576	76.188542	G3	55	52	587	70.572917	G3	55	127	
577	76.188542	B3	59	55	586	70.572917	B3	59	127	
578	76.310417	C#4	61	60	588	70.712240	C#4	61	127	
579	76.321875	A3	57	29	589	70.712240	A3	57	127	
580	76.404167	B3	59	59	591	70.851562	B3	59	127	
581	76.422917	D4	62	65	590	70.851562	D4	62	127	
582	76.525000	C#4	61	55	593	70.990885	C#4	61	127	
583	76.535417	E4	64	63	592	70.990885	E4	64	127	
584	76.672917	F4	65	58	594	71.130208	F4	65	127	
585	76.678125	D4	62	52	595	71.130208	D4	62	127	
586	76.941667	C4	60	52	597	71.407552	C#4	61	127	
587	76.941667	E4	64	52	596	71.407552	E4	64	127	
588	77.212500	D4	62	48	598	71.684896	D4	62	127	
589	77.233333	Bb3	58	34	599	71.684896	B3	59	127	
590	77.488542	C#4	61	59	600	71.962240	C#4	61	127	
591	77.494792	A3	57	57	601	71.962240	A3	57	127	
592	77.603125	D4	62	66	602	72.101562	D4	62	127	
593	77.628125	B3	59	51	603	72.101562	B3	59	127	
594	77.721875	E4	64	60	604	72.240885	E4	64	127	
595	77.732292	C#4	61	60	605	72.240885	C#4	61	127	
596	77.832292	F4	65	65	606	72.380208	F4	65	127	
597	77.839583	D4	62	63	607	72.380208	D4	62	127	
598	77.956250	G4	67	64	608	72.519531	G4	67	127	
599	77.975000	E4	64	62	609	72.519531	E4	64	127	
600	78.061458	A4	69	67	610	72.658854	A4	69	127	
601	78.083333	F4	65	56	611	72.658854	F4	65	127	
602	78.227083	Bb4	70	63	612	72.798177	Bb4	70	127	
603	78.254167	G4	67	50	613	72.798177	G4	67	127	
604	78.500000	A4	69	65	614	73.075521	A4	69	127	
605	78.509375	F4	65	59	615	73.075521	F4	65	127	
606	78.768750	G4	67	62	616	73.352865	G4	67	127	
607	78.770833	E4	64	60	617	73.352865	E4	64	127	
608	79.065625	A4	69	64	618	73.630208	A4	69	127	
609	79.082292	F4	65	56	619	73.630208	F4	65	127	
610	79.348958	B4	71	65	620	73.907552	B4	71	127	
611	79.355208	G4	67	55	621	73.907552	G4	67	127	
612	79.453125	C#5	73	68	622	74.046875	C#5	73	127	
613	79.467708	A4	69	61	623	74.046875	A4	69	127	
614	79.563542	D5	74	74	624	74.186198	D5	74	127	
615	79.578125	B4	71	68	625	74.186198	B4	71	127	
616	79.664583	E5	76	78	626	74.325521	E5	76	127	
617	79.676042	C#5	73	70	627	74.325521	C#5	73	127	
618	79.794792	F5	77	80	628	74.464844	F5	77	127	
619	79.812500	D5	74	65	629	74.464844	D5	74	127	
620	80.070833	E5	76	82	630	74.742188	E5	76	127	
621	80.094792	C5	72	62	631	74.742188	C5	72	127	
622	80.350000	D5	74	82	632	75.019531	D5	74	127	
623	80.359375	Bb4	70	64	633	75.019531	Bb4	70	127	
624	80.671875	A5	81	79	650	76.402344	A5	81	127	
625	80.701042	A4	69	49	651	76.679688	A4	69	127	
626	80.964583	E4	64	58	652	76.679688	E4	64	127	
627	81.237500	C#4	61	71	653	76.679688	C#4	61	127	
628	81.560417	A3	57	63	649	76.125000	A3	57	127	
629	81.837500	A5	81	63	650	76.402344	A5	81	127	
630	82.088542	E4	64	57	652	76.679688	E4	64	127	
631	82.112500	A4	69	59	651	76.679688	A4	69	127	
632	82.113542	C#4	61	50	653	76.679688	C#4	61	127	
633	82.311458	C5	72	62	654	76.957031	C5	72	127	
634	82.430208	Bb4	70	69	657	77.026042	Bb4	70	127	
635	82.452083	F4	65	49	655	76.957031	F4	65	127	
636	82.473958	D4	62	48	656	76.957031	D4	62	127	
637	82.531250	C5	72	65	658	77.095052	C5	72	127	
638	82.598958	Bb4	70	71	659	77.164062	Bb4	70	127	
639	82.665625	C5	72	66	660	77.233073	C5	72	127	
640	82.750000	Bb4	70	68	661	77.302083	Bb4	70	127	
641	82.807292	C5	72	59	662	77.371094	C5	72	127	
642	82.890625	Bb4	70	63	663	77.440104	Bb4	70	127	
643	82.988542	A4	69	65	664	77.509115	A4	69	127	
644	83.313542	A4	69	52	*	-1	*	-1	-1	
645	83.338542	E4	64	46	666	77.786458	E4	64	127	
646	83.342708	C#4	61	44	665	77.786458	C#4	61	127	
647	83.596875	A5	81	63	667	78.063802	A5	81	127	
648	83.859375	A3	57	50	669	78.341146	A3	57	127	
649	83.865625	A4	69	62	668	78.341146	A4	69	127	
650	84.005208	C5	72	64	670	78.618490	C5	72	127	
651	84.134375	Bb4	70	73	673	78.687500	Bb4	70	127	
652	84.176042	F4	65	42	671	78.618490	F4	65	127	
653	84.178125	D4	62	48	672	78.618490	D4	62	127	
654	84.230208	C5	72	70	674	78.756510	C5	72	127	
655	84.303125	Bb4	70	71	675	78.825521	Bb4	70	127	
656	84.352083	C5	72	59	676	78.894531	C5	72	127	
657	84.438542	Bb4	70	73	677	78.963542	Bb4	70	127	
658	84.492708	C5	72	64	678	79.032552	C5	72	127	
659	84.584375	Bb4	70	62	679	79.101562	Bb4	70	127	
660	84.656250	A4	69	67	680	79.170573	A4	69	127	
661	84.971875	A4	69	51	*	-1	*	-1	-1	
662	84.997917	E4	64	37	682	79.447917	E4	64	127	
663	85.006250	C#4	61	42	681	79.447917	C#4	61	127	
664	85.292708	A5	81	63	683	79.725260	A5	81	127	
665	85.568750	G5	79	71	684	80.002604	G5	79	127	
666	85.591667	A3	57	37	685	80.002604	A3	57	127	
667	85.869792	F5	77	63	686	80.279948	F5	77	127	
668	85.898958	F4	65	37	687	80.279948	F4	65	127	
669	85.904167	D4	62	42	688	80.279948	D4	62	127	
670	86.157292	E5	76	70	689	80.557292	E5	76	127	
671	86.427083	D5	74	71	690	80.834635	D5	74	127	
672	86.448958	G3	55	41	691	80.834635	G3	55	127	
673	86.711458	D5	74	63	*	-1	*	-1	-1	
674	86.748958	A3	57	50	692	81.111979	A3	57	127	
675	87.003125	E5	76	62	693	81.389323	E5	76	127	
676	87.280208	C#5	73	62	694	81.666667	C#5	73	127	
677	87.282292	E4	64	56	695	81.666667	E4	64	127	
678	87.584375	D5	74	74	698	82.013021	D5	74	127	
679	87.603125	D4	62	58	697	81.944010	D4	62	127	
680	87.794792	E5	76	67	699	82.082031	E5	76	127	
681	87.862500	A3	57	67	702	82.220052	A3	57	127	
682	87.896875	D5	74	72	700	82.151042	D5	74	127	
683	87.982292	E5	76	61	701	82.220052	E5	76	127	
684	88.051042	D5	74	72	703	82.289062	D5	74	127	
685	88.114583	E5	76	71	704	82.358073	E5	76	127	
686	88.123958	D3	50	54	707	82.496094	D3	50	127	
687	88.203125	D5	74	71	705	82.427083	D5	74	127	
688	88.263542	E5	76	63	706	82.496094	E5	76	127	
689	88.331250	D5	74	54	708	82.565104	D5	74	127	
690	88.373958	E5	76	80	709	82.634115	E5	76	127	
691	88.438542	A2	45	59	711	82.772135	A2	45	127	
692	88.453125	D5	74	74	710	82.703125	D5	74	127	
693	88.702083	E5	76	78	712	83.049479	E5	76	127	
694	88.977083	A4	69	78	713	83.326823	A4	69	127	
695	89.302083	F5	77	84	714	83.604167	F5	77	127	
696	89.332292	D4	62	53	716	83.604167	D4	62	127	
697	89.341667	D5	74	56	*	-1	*	-1	-1	
698	89.446875	D5	74	12	717	83.673177	D5	74	127	
699	89.520833	E5	76	66	718	83.742188	E5	76	127	
700	89.600000	A3	57	57	721	83.880208	A3	57	127	
701	89.610417	D5	74	65	719	83.811198	D5	74	127	
702	89.692708	E5	76	58	720	83.880208	E5	76	127	
703	89.763542	D5	74	70	722	83.949219	D5	74	127	
704	89.792708	F5	77	10	*	-1	*	-1	-1	
705	89.817708	E5	76	67	723	84.018229	E5	76	127	
706	89.841667	D3	50	53	726	84.156250	D3	50	127	
707	89.894792	D5	74	72	724	84.087240	D5	74	127	
708	89.956250	E5	76	69	725	84.156250	E5	76	127	
709	90.037500	D5	74	72	727	84.225260	D5	74	127	
710	90.060417	F5	77	12	*	-1	*	-1	-1	
711	90.093750	E5	76	73	728	84.294271	E5	76	127	
712	90.154167	A2	45	55	730	84.432292	A2	45	127	
713	90.180208	D5	74	70	729	84.363281	D5	74	127	
714	90.421875	E5	76	84	731	84.709635	E5	76	127	
715	90.688542	A4	69	81	732	84.986979	A4	69	127	
716	90.987500	F5	77	87	733	85.264323	F5	77	127	
717	91.014583	D4	62	54	735	85.264323	D4	62	127	
718	91.014583	D5	74	69	736	85.333333	D5	74	127	
719	91.208333	E5	76	67	737	85.402344	E5	76	127	
720	91.279167	D5	74	62	738	85.471354	D5	74	127	
721	91.291667	A3	57	59	740	85.540365	A3	57	127	
722	91.370833	E5	76	63	739	85.540365	E5	76	127	
723	91.441667	D5	74	75	741	85.609375	D5	74	127	
724	91.506250	E5	76	75	742	85.678385	E5	76	127	
725	91.515625	D3	50	57	745	85.816406	D3	50	127	
726	91.586458	D5	74	72	743	85.747396	D5	74	127	
727	91.648958	E5	76	73	744	85.816406	E5	76	127	
728	91.717708	D5	74	61	746	85.885417	D5	74	127	
729	91.776042	E5	76	70	747	85.954427	E5	76	127	
730	91.834375	A2	45	56	749	86.092448	A2	45	127	
731	91.854167	D5	74	70	748	86.023438	D5	74	127	
732	91.864583	F5	77	17	*	-1	*	-1	-1	
733	92.113542	E5	76	80	750	86.369792	E5	76	127	
734	92.380208	A4	69	75	751	86.647135	A4	69	127	
735	92.386458	C#4	61	58	752	86.647135	C#4	61	127	
736	92.682292	F5	77	74	754	86.924479	F5	77	127	
737	92.702083	A3	57	41	755	86.924479	A3	57	127	
738	92.703125	D5	74	69	753	86.924479	D5	74	127	
739	92.709375	D4	62	44	756	86.924479	D4	62	127	
740	92.722917	D3	50	43	757	86.924479	D3	50	127	
741	92.969792	G5	79	83	759	87.201823	G5	79	127	
742	92.980208	E5	76	65	758	87.201823	E5	76	127	
743	93.287500	A5	81	82	761	87.479167	A5	81	127	
744	93.316667	F5	77	63	760	87.479167	F5	77	127	
745	93.573958	D4	62	48	762	87.756510	D4	62	127	
746	93.604167	Bb3	58	46	764	87.756510	Bb3	58	127	
747	93.620833	G3	55	41	763	87.756510	G3	55	127	
748	93.862500	G5	79	70	765	88.033854	G5	79	127	
749	93.888542	E5	76	54	766	88.033854	E5	76	127	
750	94.159375	F5	77	67	768	88.311198	F5	77	127	
751	94.178125	D5	74	44	767	88.311198	D5	74	127	
752	94.464583	E5	76	58	769	88.588542	E5	76	127	
753	94.511458	A3	57	30	770	88.588542	A3	57	127	
754	94.516667	A2	45	29	771	88.588542	A2	45	127	
755	94.594792	D5	74	61	772	88.727865	D5	74	127	
756	94.735417	C#5	73	61	773	88.867188	C#5	73	127	
757	94.868750	B4	71	58	774	89.006510	B4	71	127	
758	94.998958	A4	69	53	775	89.145833	A4	69	127	
759	95.113542	G4	67	58	776	89.285156	G4	67	127	
760	95.242708	F4	65	63	777	89.424479	F4	65	127	
761	95.380208	E4	64	52	778	89.563802	E4	64	127	
762	95.485417	D4	62	56	779	89.703125	D4	62	127	
763	95.604167	C#4	61	65	780	89.842448	C#4	61	127	
764	95.738542	B3	59	55	781	89.981771	B3	59	127	
765	95.841667	A3	57	53	782	90.119792	A3	57	127	
766	95.982292	D3	50	46	785	90.259115	D3	50	127	
767	95.982292	F4	65	52	783	90.259115	F4	65	127	
768	96.018750	D4	62	40	786	90.328125	D4	62	127	
769	96.167708	E4	64	57	787	90.397135	E4	64	127	
770	96.261458	A2	45	59	790	90.535156	A2	45	127	
771	96.275000	D4	62	59	788	90.466146	D4	62	127	
772	96.328125	E4	64	56	789	90.535156	E4	64	127	
773	96.411458	D4	62	60	791	90.604167	D4	62	127	
774	96.487500	E4	64	59	792	90.673177	E4	64	127	
775	96.505208	D2	38	49	795	90.811198	D2	38	127	
776	96.568750	D4	62	62	793	90.742188	D4	62	127	
777	96.635417	E4	64	56	794	90.811198	E4	64	127	
778	96.708333	D4	62	58	796	90.880208	D4	62	127	
779	96.759375	E4	64	66	797	90.949219	E4	64	127	
780	96.842708	D4	62	56	798	91.018229	D4	62	127	
781	96.850000	A1	33	45	799	91.087240	A1	33	127	
782	97.126042	E4	64	60	800	91.364583	E4	64	127	
783	97.385417	A3	57	66	801	91.641927	A3	57	127	
784	97.681250	F4	65	62	802	91.919271	F4	65	127	
785	97.698958	D3	50	46	804	91.919271	D3	50	127	
786	97.712500	D4	62	53	805	91.988281	D4	62	127	
787	97.893750	E4	64	52	806	92.057292	E4	64	127	
788	97.957292	D4	62	48	807	92.126302	D4	62	127	
789	97.977083	A2	45	55	809	92.195312	A2	45	127	
790	98.030208	E4	64	63	808	92.195312	E4	64	127	
791	98.129167	D4	62	67	810	92.264323	D4	62	127	
792	98.196875	E4	64	53	811	92.333333	E4	64	127	
793	98.242708	D2	38	36	814	92.471354	D2	38	127	
794	98.270833	D4	62	60	812	92.402344	D4	62	127	
795	98.329167	E4	64	64	813	92.471354	E4	64	127	
796	98.410417	D4	62	56	815	92.540365	D4	62	127	
797	98.478125	E4	64	56	816	92.609375	E4	64	127	
798	98.558333	D4	62	59	817	92.678385	D4	62	127	
799	98.571875	A1	33	44	818	92.747396	A1	33	127	
800	98.858333	E4	64	65	819	93.024740	E4	64	127	
801	99.141667	A3	57	67	820	93.302083	A3	57	127	
802	99.463542	F4	65	54	822	93.579427	F4	65	127	
803	99.473958	D4	62	43	821	93.579427	D4	62	127	
804	99.497917	D3	50	49	823	93.579427	D3	50	127	
805	99.748958	E4	64	55	824	93.856771	E4	64	127	
806	100.036458	D4	62	59	825	94.134115	D4	62	127	
807	100.041667	G3	55	46	826	94.134115	G3	55	127	
808	100.346875	D4	62	50	*	-1	*	-1	-1	
809	100.375000	A3	57	45	827	94.411458	A3	57	127	
810	100.651042	E4	64	46	828	94.688802	E4	64	127	
811	100.936458	C#4	61	51	829	94.966146	C#4	61	127	
812	100.945833	A2	45	40	830	94.966146	A2	45	127	
813	101.285417	D4	62	46	831	95.243490	D4	62	127	
814	101.317708	D3	50	35	832	95.243490	D3	50	127	
815	101.428125	E4	64	48	833	95.520833	E4	64	127	
816	101.576042	F4	65	50	834	95.613281	F4	65	127	
817	101.730208	G4	67	50	835	95.705729	G4	67	127	
818	101.912500	A4	69	49	836	95.798177	A4	69	127	
819	102.156250	B4	71	39	837	95.890625	B4	71	127	
820	102.238542	C#5	73	46	838	95.983073	C#5	73	127	
821	102.339583	D5	74	56	839	96.075521	D5	74	127	
822	102.370833	D2	38	33	840	96.075521	D2	38	127	
823	102.370833	D3	50	6	841	96.075521	D3	50	127	
824	102.686458	A5	81	52	842	96.352865	A5	81	127	
825	102.972917	A4	69	48	843	96.630208	A4	69	127	
826	103.287500	D5	74	51	844	96.907552	D5	74	127	
827	103.322917	D3	50	21	846	96.907552	D3	50	127	
828	103.326042	D2	38	31	845	96.907552	D2	38	127	
829	103.612500	A5	81	46	847	97.184896	A5	81	127	
830	103.900000	A4	69	45	848	97.462240	A4	69	127	
831	104.244792	D5	74	52	849	97.739583	D5	74	127	
832	104.270833	D2	38	36	851	97.739583	D2	38	127	
833	104.276042	D3	50	21	850	97.739583	D3	50	127	
834	104.607292	A5	81	50	852	98.016927	A5	81	127	
835	104.966667	A4	69	41	853	98.294271	A4	69	127	
836	105.594792	D5	74	51	855	98.571615	D3	50	127	
837	105.640625	D2	38	25	856	98.571615	D2	38	127	
838	106.070833	E5	76	38	854	98.571615	E5	76	127	
839	106.276042	D5	74	45	857	98.640625	D5	74	127	
840	106.409375	E5	76	43	*	-1	*	-1	-1	
841	106.501042	D5	74	45	*	-1	*	-1	-1	
842	106.605208	E5	76	33	*	-1	*	-1	-1	
843	106.676042	D5	74	49	*	-1	*	-1	-1	
844	106.765625	E5	76	36	858	98.709635	E5	76	127	
845	106.827083	D5	74	50	*	-1	*	-1	-1	
846	106.896875	E5	76	45	*	-1	*	-1	-1	
847	106.969792	D5	74	52	*	-1	*	-1	-1	
848	107.047917	E5	76	42	*	-1	*	-1	-1	
849	107.108333	D5	74	32	859	98.778646	D5	74	127	
*	-1	*	-1	-1	24	2.770833	G5	79	127	
*	-1	*	-1	-1	158	18.736979	C4	60	127	
*	-1	*	-1	-1	164	19.151042	A5	81	127	
*	-1	*	-1	-1	228	25.936198	G5	79	127	
*	-1	*	-1	-1	237	27.044271	G5	79	127	
*	-1	*	-1	-1	256	28.704427	G5	79	127	
*	-1	*	-1	-1	304	33.700521	G4	67	127	
*	-1	*	-1	-1	323	35.360677	G4	67	127	
*	-1	*	-1	-1	416	47.003906	A4	69	127	
*	-1	*	-1	-1	440	50.332031	B4	71	127	
*	-1	*	-1	-1	461	53.660156	D4	62	127	
*	-1	*	-1	-1	468	54.493490	D4	62	127	
*	-1	*	-1	-1	634	75.296875	Bb5	82	127	
*	-1	*	-1	-1	635	75.296875	A4	69	127	
*	-1	*	-1	-1	636	75.365885	A5	81	127	
*	-1	*	-1	-1	637	75.434896	Bb5	82	127	
*	-1	*	-1	-1	638	75.503906	A5	81	127	
*	-1	*	-1	-1	639	75.572917	Bb5	82	127	
*	-1	*	-1	-1	640	75.572917	E4	64	127	
*	-1	*	-1	-1	641	75.641927	A5	81	127	
*	-1	*	-1	-1	642	75.710938	Bb5	82	127	
*	-1	*	-1	-1	643	75.779948	A5	81	127	
*	-1	*	-1	-1	644	75.848958	Bb5	82	127	
*	-1	*	-1	-1	645	75.848958	C#4	61	127	
*	-1	*	-1	-1	646	75.917969	A5	81	127	
*	-1	*	-1	-1	647	75.986979	Bb5	82	127	
*	-1	*	-1	-1	648	76.055990	A5	81	127	
*	-1	*	-1	-1	715	83.604167	E5	76	127	
*	-1	*	-1	-1	734	85.264323	E5	76	127	
*	-1	*	-1	-1	784	90.259115	E4	64	127	
*	-1	*	-1	-1	803	91.919271	E4	64	127	
*	-1	*	-1	-1	11	2.080729	G5	79	127	
*	-1	*	-1	-1	13	2.149740	F5	77	127	
*	-1	*	-1	-1	25	2.839844	F5	77	127	
*	-1	*	-1	-1	160	18.875000	A5	81	127	
*	-1	*	-1	-1	165	19.220052	G5	79	127	
*	-1	*	-1	-1	166	19.289062	A5	81	127	
*	-1	*	-1	-1	167	19.358073	G5	79	127	
*	-1	*	-1	-1	230	26.005208	F5	77	127	
*	-1	*	-1	-1	231	26.074219	G5	79	127	
*	-1	*	-1	-1	232	26.143229	F5	77	127	
*	-1	*	-1	-1	460	53.660156	G5	79	127	
*	-1	*	-1	-1	696	81.944010	E5	76	127	
