// alignID alignOntime alignSitch alignPitch alignOnvel refID refOntime refSitch refPitch refOnvel
0	0.950521	C6	84	84	1	0.187500	C6	84	127	
1	0.972656	C3	48	63	0	0.187500	C3	48	127	
2	1.544271	E3	52	57	2	0.656250	E3	52	127	
3	1.558594	G5	79	68	3	0.656250	G5	79	127	
4	1.626302	G3	55	61	4	0.750000	G3	55	127	
5	1.653646	E5	76	68	5	0.750000	E5	76	127	
6	1.709635	C5	72	69	7	0.843750	C5	72	127	
7	1.712240	C4	60	60	6	0.843750	C4	60	127	
8	1.816406	E4	64	64	8	0.937500	E4	64	127	
9	1.819010	G4	67	75	9	0.937500	G4	67	127	
10	2.610677	A4	69	71	11	1.687500	A4	69	127	
11	2.636719	E4	64	78	10	1.687500	E4	64	127	
12	2.694010	G4	67	58	12	1.781250	G4	67	127	
13	2.740885	A4	69	73	*	-1	*	-1	-1	
14	2.820312	G4	67	55	*	-1	*	-1	-1	
15	2.876302	A4	69	70	13	1.875000	A4	69	127	
16	2.944010	G4	67	63	14	1.968750	G4	67	127	
17	2.998698	A4	69	74	15	2.062500	A4	69	127	
18	3.065104	G4	67	57	16	2.156250	G4	67	127	
19	3.121094	A4	69	65	17	2.250000	A4	69	127	
20	3.194010	G4	67	74	18	2.343750	G4	67	127	
21	3.714844	C6	84	82	20	2.453125	C6	84	127	
22	3.722656	C3	48	64	19	2.453125	C3	48	127	
23	4.290365	F3	53	50	21	2.921875	F3	53	127	
24	4.292969	A5	81	76	22	2.921875	A5	81	127	
25	4.367188	A3	57	62	23	3.015625	A3	57	127	
26	4.376302	F5	77	72	24	3.015625	F5	77	127	
27	4.446615	C5	72	66	26	3.109375	C5	72	127	
28	4.460938	C4	60	54	25	3.109375	C4	60	127	
29	4.545573	F4	65	68	27	3.203125	F4	65	127	
30	4.552083	A4	69	76	28	3.203125	A4	69	127	
31	5.343750	F4	65	72	29	3.953125	F4	65	127	
32	5.345052	B4	71	63	30	3.953125	B4	71	127	
33	5.415365	A4	69	53	31	4.046875	A4	69	127	
34	5.467448	B4	71	71	32	4.140625	B4	71	127	
35	5.535156	A4	69	66	33	4.234375	A4	69	127	
36	5.585938	B4	71	76	*	-1	*	-1	-1	
37	5.667969	A4	69	64	*	-1	*	-1	-1	
38	5.718750	B4	71	67	34	4.328125	B4	71	127	
39	5.805990	A4	69	57	35	4.421875	A4	69	127	
40	5.852865	B4	71	69	36	4.515625	B4	71	127	
41	5.925781	A4	69	78	*	-1	*	-1	-1	
42	6.078125	A4	69	32	37	4.609375	A4	69	127	
43	6.354167	C6	84	85	39	4.718750	C6	84	127	
44	6.367188	C3	48	65	38	4.718750	C3	48	127	
45	6.975260	E3	52	55	40	5.187500	E3	52	127	
46	6.996094	G5	79	66	41	5.187500	G5	79	127	
47	7.046875	G3	55	63	42	5.281250	G3	55	127	
48	7.078125	E5	76	73	43	5.281250	E5	76	127	
49	7.144531	C4	60	56	44	5.375000	C4	60	127	
50	7.149740	C5	72	62	45	5.375000	C5	72	127	
51	7.242188	G4	67	76	47	5.468750	G4	67	127	
52	7.250000	E4	64	65	46	5.468750	E4	64	127	
53	8.075521	A4	69	76	49	6.218750	A4	69	127	
54	8.091146	E4	64	84	48	6.218750	E4	64	127	
55	8.162760	G4	67	72	50	6.312500	G4	67	127	
56	8.208333	A4	69	76	51	6.406250	A4	69	127	
57	8.281250	G4	67	66	52	6.500000	G4	67	127	
58	8.345052	A4	69	76	*	-1	*	-1	-1	
59	8.425781	G4	67	69	*	-1	*	-1	-1	
60	8.480469	A4	69	73	53	6.593750	A4	69	127	
61	8.555990	G4	67	75	54	6.687500	G4	67	127	
62	8.610677	A4	69	70	55	6.781250	A4	69	127	
63	8.684896	G4	67	76	56	6.875000	G4	67	127	
64	9.144531	F5	77	85	58	6.984375	F5	77	127	
65	9.157552	G2	43	64	57	6.984375	G2	43	127	
66	9.389323	D5	74	74	59	7.171875	D5	74	127	
67	9.605469	B4	71	76	60	7.359375	B4	71	127	
68	9.824219	G4	67	77	61	7.546875	G4	67	127	
69	10.076823	F5	77	82	64	7.734375	F5	77	127	
70	10.083333	D5	74	74	63	7.734375	D5	74	127	
71	10.108073	G2	43	64	62	7.734375	G2	43	127	
72	10.528646	E5	76	72	66	8.109375	E5	76	127	
73	10.535156	C5	72	68	65	8.109375	C5	72	127	
74	11.002604	G2	43	72	67	8.484375	G2	43	127	
75	11.449219	B4	71	66	68	8.859375	B4	71	127	
76	11.449219	D5	74	78	69	8.859375	D5	74	127	
77	11.838542	C2	36	63	70	9.234375	C2	36	127	
78	11.910156	C3	48	74	71	9.234375	C3	48	127	
79	11.912760	G5	79	83	72	9.234375	G5	79	127	
80	12.154948	E5	76	71	73	9.421875	E5	76	127	
81	12.363281	E5	76	75	74	9.609375	E5	76	127	
82	12.572917	C5	72	73	75	9.796875	C5	72	127	
83	12.812500	C5	72	76	76	9.984375	C5	72	127	
84	13.020833	G4	67	74	77	10.171875	G4	67	127	
85	13.243490	G4	67	64	78	10.359375	G4	67	127	
86	13.457031	C5	72	76	79	10.546875	C5	72	127	
87	13.789062	D5	74	81	80	10.734375	D5	74	127	
88	13.867188	C5	72	74	81	10.828125	C5	72	127	
89	13.932292	D5	74	73	82	10.921875	D5	74	127	
90	14.007812	C5	72	67	*	-1	*	-1	-1	
91	14.052083	D5	74	76	*	-1	*	-1	-1	
92	14.127604	C5	72	69	83	11.015625	C5	72	127	
93	14.184896	D5	74	71	84	11.109375	D5	74	127	
94	14.263021	C5	72	63	85	11.203125	C5	72	127	
95	14.329427	D5	74	69	86	11.296875	B4	71	127	
96	14.404948	C5	72	67	87	11.390625	C5	72	127	
97	15.201823	C6	84	59	89	11.562500	C6	84	127	
98	15.231771	C3	48	37	88	11.562500	C3	48	127	
99	15.786458	E3	52	44	90	12.031250	E3	52	127	
100	15.809896	G5	79	56	91	12.031250	G5	79	127	
101	15.903646	E5	76	57	93	12.125000	E5	76	127	
102	15.964844	C5	72	58	95	12.218750	C5	72	127	
103	15.992188	C4	60	45	94	12.218750	C4	60	127	
104	16.072917	G4	67	63	97	12.312500	G4	67	127	
105	16.082031	E4	64	55	96	12.312500	E4	64	127	
106	16.906250	A4	69	61	99	13.062500	A4	69	127	
107	16.921875	E4	64	61	98	13.062500	E4	64	127	
108	16.970052	G4	67	58	100	13.156250	G4	67	127	
109	17.015625	A4	69	70	*	-1	*	-1	-1	
110	17.089844	G4	67	65	*	-1	*	-1	-1	
111	17.164062	A4	69	61	101	13.250000	A4	69	127	
112	17.227865	G4	67	63	102	13.343750	G4	67	127	
113	17.276042	A4	69	69	103	13.437500	A4	69	127	
114	17.367188	G4	67	58	104	13.531250	G4	67	127	
115	17.408854	A4	69	56	105	13.625000	A4	69	127	
116	17.473958	G4	67	70	106	13.718750	G4	67	127	
117	17.920573	C6	84	77	108	13.843750	C6	84	127	
118	17.941406	C3	48	57	107	13.843750	C3	48	127	
119	18.513021	F3	53	46	109	14.312500	F3	53	127	
120	18.520833	A5	81	65	110	14.312500	A5	81	127	
121	18.600260	F5	77	69	112	14.406250	F5	77	127	
122	18.609375	A3	57	52	111	14.406250	A3	57	127	
123	18.679688	C5	72	62	114	14.500000	C5	72	127	
124	18.692708	C4	60	47	113	14.500000	C4	60	127	
125	18.785156	A4	69	70	116	14.593750	A4	69	127	
126	18.792969	F4	65	57	115	14.593750	F4	65	127	
127	19.613281	B4	71	52	118	15.343750	B4	71	127	
128	19.625000	F4	65	54	117	15.343750	F4	65	127	
129	19.691406	A4	69	42	119	15.437500	A4	69	127	
130	19.747396	B4	71	58	120	15.531250	B4	71	127	
131	19.820312	A4	69	50	121	15.625000	A4	69	127	
132	19.888021	B4	71	66	*	-1	*	-1	-1	
133	19.972656	A4	69	52	*	-1	*	-1	-1	
134	20.026042	B4	71	62	122	15.718750	B4	71	127	
135	20.098958	A4	69	57	123	15.812500	A4	69	127	
136	20.153646	B4	71	60	124	15.906250	B4	71	127	
137	20.221354	A4	69	61	125	16.000000	A4	69	127	
138	20.729167	C6	84	65	127	16.125000	C6	84	127	
139	20.755208	C3	48	44	126	16.125000	C3	48	127	
140	21.373698	G5	79	57	129	16.593750	G5	79	127	
141	21.375000	E3	52	44	128	16.593750	E3	52	127	
142	21.451823	E5	76	61	131	16.687500	E5	76	127	
143	21.471354	G3	55	26	130	16.687500	G3	55	127	
144	21.526042	C5	72	55	133	16.781250	C5	72	127	
145	21.566406	C4	60	38	132	16.781250	C4	60	127	
146	21.625000	G4	67	64	135	16.875000	G4	67	127	
147	21.675781	E4	64	30	134	16.875000	E4	64	127	
148	22.441406	A4	69	65	137	17.625000	A4	69	127	
149	22.454427	E4	64	59	136	17.625000	E4	64	127	
150	22.516927	G4	67	49	138	17.718750	G4	67	127	
151	22.579427	A4	69	63	139	17.812500	A4	69	127	
152	22.644531	G4	67	63	140	17.906250	G4	67	127	
153	22.700521	A4	69	74	141	18.000000	A4	69	127	
154	22.787760	G4	67	62	142	18.093750	G4	67	127	
155	22.839844	A4	69	66	143	18.187500	A4	69	127	
156	22.925781	G4	67	58	144	18.281250	G4	67	127	
157	23.401042	F5	77	81	146	18.390625	F5	77	127	
158	23.414062	G2	43	67	145	18.390625	G2	43	127	
159	23.621094	D5	74	74	147	18.578125	D5	74	127	
160	23.858073	B4	71	69	148	18.765625	B4	71	127	
161	24.075521	G4	67	74	149	18.953125	G4	67	127	
162	24.330729	F5	77	81	152	19.140625	F5	77	127	
163	24.345052	D5	74	69	151	19.140625	D5	74	127	
164	24.350260	G2	43	59	150	19.140625	G2	43	127	
165	24.799479	E5	76	77	154	19.515625	E5	76	127	
166	24.807292	C5	72	72	153	19.515625	C5	72	127	
167	25.240885	G2	43	73	155	19.890625	G2	43	127	
168	25.695312	D5	74	78	157	20.265625	D5	74	127	
169	25.707031	B4	71	57	156	20.265625	B4	71	127	
170	26.139323	G5	79	84	160	20.640625	G5	79	127	
171	26.140625	C3	48	68	159	20.640625	C3	48	127	
172	26.152344	C2	36	58	158	20.640625	C2	36	127	
173	26.389323	E5	76	78	161	20.828125	E5	76	127	
174	26.621094	E5	76	75	162	21.015625	E5	76	127	
175	26.825521	C5	72	72	163	21.203125	C5	72	127	
176	27.070312	C5	72	74	164	21.390625	C5	72	127	
177	27.274740	G4	67	60	165	21.578125	G4	67	127	
178	27.496094	G4	67	56	166	21.765625	G4	67	127	
179	27.709635	C5	72	66	167	21.953125	C5	72	127	
180	27.971354	D5	74	59	168	22.140625	D5	74	127	
181	28.061198	C5	72	59	*	-1	*	-1	-1	
182	28.127604	D5	74	60	*	-1	*	-1	-1	
183	28.187500	C5	72	54	169	22.234375	C5	72	127	
184	28.231771	D5	74	82	170	22.328125	D5	74	127	
185	28.317708	C5	72	66	171	22.421875	C5	72	127	
186	28.369792	D5	74	65	*	-1	*	-1	-1	
187	28.447917	C5	72	48	*	-1	*	-1	-1	
188	28.503906	D5	74	69	172	22.515625	D5	74	127	
189	28.593750	C5	72	56	*	-1	*	-1	-1	
190	28.656250	D5	74	63	*	-1	*	-1	-1	
191	28.721354	C5	72	47	173	22.609375	C5	72	127	
192	29.630208	C4	60	26	176	22.953125	C4	60	127	
193	29.734375	C5	72	49	175	22.796875	C5	72	127	
194	29.761719	A4	69	39	177	22.953125	A4	69	127	
195	30.204427	C6	84	67	178	23.140625	C6	84	127	
196	30.505208	D5	74	52	179	23.328125	D5	74	127	
197	30.735677	B5	83	66	180	23.515625	B5	83	127	
198	30.970052	E5	76	63	183	23.703125	E5	76	127	
199	30.984375	C4	60	45	181	23.703125	C4	60	127	
200	30.990885	A4	69	46	182	23.703125	A4	69	127	
201	31.203125	C6	84	75	184	23.890625	C6	84	127	
202	31.425781	A4	69	56	185	24.078125	A4	69	127	
203	31.623698	F#5	78	78	186	24.265625	F#5	78	127	
204	31.738281	C4	60	35	187	24.453125	C4	60	127	
205	31.856771	B4	71	64	189	24.453125	B4	71	127	
206	31.889323	A4	69	54	188	24.453125	A4	69	127	
207	32.075521	G5	79	80	190	24.640625	G5	79	127	
208	32.298177	C5	72	70	191	24.828125	C5	72	127	
209	32.497396	A5	81	70	192	25.015625	A5	81	127	
210	32.664062	B3	59	48	193	25.203125	B3	59	127	
211	32.804688	A4	69	56	194	25.203125	A4	69	127	
212	32.808594	E5	76	76	195	25.203125	E5	76	127	
213	32.979167	D5	74	59	196	25.296875	D5	74	127	
214	33.048177	E5	76	59	*	-1	*	-1	-1	
215	33.114583	D5	74	54	*	-1	*	-1	-1	
216	33.170573	E5	76	71	197	25.390625	E5	76	127	
217	33.235677	D5	74	62	198	25.484375	D5	74	127	
218	33.304688	E5	76	74	*	-1	*	-1	-1	
219	33.388021	D5	74	48	*	-1	*	-1	-1	
220	33.445312	E5	76	70	199	25.578125	E5	76	127	
221	33.496094	D5	74	77	200	25.671875	D5	74	127	
222	33.713542	C#5	73	72	201	25.765625	C#5	73	127	
223	33.917969	C#5	73	74	*	-1	*	-1	-1	
224	33.967448	A4	69	48	*	-1	*	-1	-1	
225	34.108073	G4	67	51	*	-1	*	-1	-1	
226	34.125000	D5	74	72	203	25.953125	D5	74	127	
227	34.178385	A4	69	55	202	25.953125	A4	69	127	
228	34.236979	G4	67	57	204	26.046875	G4	67	127	
229	34.300781	A4	69	64	205	26.140625	A4	69	127	
230	34.380208	G4	67	52	206	26.234375	G4	67	127	
231	34.477865	A4	69	42	207	26.328125	A4	69	127	
232	34.511719	G4	67	62	*	-1	*	-1	-1	
233	34.588542	A4	69	62	*	-1	*	-1	-1	
234	34.671875	G4	67	62	208	26.421875	G4	67	127	
235	34.957031	F#4	66	58	209	26.515625	F#4	66	127	
236	35.386719	F#4	66	54	210	26.703125	F#4	66	127	
237	35.648438	G4	67	40	211	27.078125	G4	67	127	
238	36.261719	B3	59	32	212	27.468750	B3	59	127	
239	36.394531	B4	71	54	214	27.468750	B4	71	127	
240	36.419271	G4	67	42	213	27.468750	G4	67	127	
241	36.626302	B5	83	70	215	27.671875	B5	83	127	
242	36.843750	C5	72	65	216	27.859375	C5	72	127	
243	37.059896	A5	81	75	217	28.046875	A5	81	127	
244	37.167969	B3	59	50	218	28.234375	B3	59	127	
245	37.295573	D5	74	70	220	28.234375	D5	74	127	
246	37.308594	G4	67	58	219	28.234375	G4	67	127	
247	37.506510	B5	83	72	221	28.421875	B5	83	127	
248	37.734375	G4	67	45	222	28.609375	G4	67	127	
249	37.933594	E5	76	73	223	28.796875	E5	76	127	
250	38.016927	B3	59	55	224	28.984375	B3	59	127	
251	38.162760	A4	69	69	226	28.984375	A4	69	127	
252	38.210938	G4	67	61	225	28.984375	G4	67	127	
253	38.365885	F#5	78	80	227	29.171875	F#5	78	127	
254	38.579427	B4	71	74	228	29.359375	B4	71	127	
255	38.795573	G5	79	79	229	29.546875	G5	79	127	
256	38.966146	A3	57	50	230	29.734375	A3	57	127	
257	39.145833	D5	74	73	232	29.734375	D5	74	127	
258	39.160156	G4	67	52	231	29.734375	G4	67	127	
259	39.359375	C5	72	36	233	29.828125	C5	72	127	
260	39.385417	D5	74	58	*	-1	*	-1	-1	
261	39.468750	C5	72	59	*	-1	*	-1	-1	
262	39.526042	D5	74	61	234	29.921875	D5	74	127	
263	39.583333	C5	72	70	235	30.015625	C5	72	127	
264	39.639323	D5	74	85	*	-1	*	-1	-1	
265	39.714844	C5	72	66	*	-1	*	-1	-1	
266	39.776042	D5	74	60	236	30.109375	D5	74	127	
267	39.842448	C5	72	71	237	30.203125	C5	72	127	
268	40.082031	B4	71	68	238	30.296875	B4	71	127	
269	40.273438	G4	67	55	*	-1	*	-1	-1	
270	40.316406	B4	71	68	*	-1	*	-1	-1	
271	40.472656	F#4	66	55	*	-1	*	-1	-1	
272	40.510417	C5	72	68	240	30.484375	C5	72	127	
273	40.555990	G4	67	62	239	30.484375	G4	67	127	
274	40.625000	F#4	66	64	241	30.578125	F#4	66	127	
275	40.718750	G4	67	62	242	30.671875	G4	67	127	
276	40.764323	F#4	66	62	243	30.765625	F#4	66	127	
277	40.851562	G4	67	64	244	30.859375	G4	67	127	
278	40.917969	F#4	66	64	245	30.953125	F#4	66	127	
279	41.225260	E4	64	53	246	31.046875	E4	64	127	
280	41.593750	E4	64	53	247	31.234375	E4	64	127	
281	41.813802	F#4	66	50	248	31.609375	F#4	66	127	
282	42.371094	A3	57	43	249	32.000000	A3	57	127	
283	42.509115	C4	60	42	250	32.000000	C4	60	127	
284	42.548177	A4	69	63	253	32.000000	A4	69	127	
285	42.570312	D4	62	41	251	32.000000	D4	62	127	
286	42.593750	F#4	66	50	252	32.000000	F#4	66	127	
287	42.791667	A5	81	72	254	32.187500	A5	81	127	
288	43.031250	B4	71	63	255	32.375000	B4	71	127	
289	43.223958	G5	79	67	256	32.562500	G5	79	127	
290	43.315104	A3	57	51	257	32.750000	A3	57	127	
291	43.434896	C4	60	62	258	32.750000	C4	60	127	
292	43.457031	C5	72	68	261	32.750000	C5	72	127	
293	43.669271	A5	81	79	262	32.937500	A5	81	127	
294	43.903646	F#4	66	72	263	33.125000	F#4	66	127	
295	44.110677	A4	69	69	264	33.312500	A4	69	127	
296	44.147135	D3	50	52	265	33.500000	D3	50	127	
297	44.325521	A3	57	60	266	33.500000	A3	57	127	
298	44.328125	G4	67	76	268	33.500000	G4	67	127	
299	44.416667	D4	62	54	267	33.500000	D4	62	127	
300	44.535156	B4	71	74	269	33.687500	B4	71	127	
301	44.747396	A4	69	75	270	33.875000	A4	69	127	
302	44.960938	C5	72	74	271	34.062500	C5	72	127	
303	45.264323	C5	72	73	273	34.250000	C5	72	127	
304	45.279948	G3	55	58	272	34.250000	G3	55	127	
305	45.981771	G2	43	60	274	35.000000	G2	43	127	
306	46.069010	B4	71	66	*	-1	*	-1	-1	
307	46.121094	C5	72	74	275	35.000000	C5	72	127	
308	46.197917	B4	71	63	276	35.093750	B4	71	127	
309	46.250000	C5	72	74	277	35.187500	C5	72	127	
310	46.348958	B4	71	46	278	35.281250	B4	71	127	
311	46.384115	C5	72	70	*	-1	*	-1	-1	
312	46.468750	B4	71	59	*	-1	*	-1	-1	
313	46.522135	C5	72	66	279	35.375000	C5	72	127	
314	46.591146	B4	71	64	280	35.468750	B4	71	127	
315	46.835938	A4	69	59	281	35.562500	A4	69	127	
316	47.151042	B4	71	49	282	35.750000	B4	71	127	
317	48.067708	D6	86	96	285	36.561458	D6	86	127	
318	48.075521	D5	74	78	284	36.561458	D5	74	127	
319	48.091146	G3	55	59	283	36.561458	G3	55	127	
320	48.321615	Bb3	58	63	286	36.748958	Bb3	58	127	
321	48.528646	A3	57	67	287	36.936458	A3	57	127	
322	48.755208	C4	60	76	288	37.123958	C4	60	127	
323	48.970052	D6	86	86	291	37.311458	D6	86	127	
324	48.973958	Bb3	58	79	289	37.311458	Bb3	58	127	
325	48.977865	D5	74	88	290	37.311458	D5	74	127	
326	49.200521	D4	62	72	292	37.498958	D4	62	127	
327	49.412760	C4	60	72	293	37.686458	C4	60	127	
328	49.631510	Eb4	63	74	294	37.873958	Eb4	63	127	
329	49.830729	D6	86	88	297	38.061458	D6	86	127	
330	49.834635	D5	74	78	296	38.061458	D5	74	127	
331	49.837240	D4	62	72	295	38.061458	D4	62	127	
332	50.078125	G4	67	77	298	38.248958	G4	67	127	
333	50.292969	F#4	66	82	299	38.436458	F#4	66	127	
334	50.500000	G4	67	74	300	38.623958	G4	67	127	
335	50.777344	D2	38	88	301	38.811458	D2	38	127	
336	50.997396	Bb5	82	77	302	38.998958	Bb5	82	127	
337	51.223958	A5	81	80	303	39.186458	A5	81	127	
338	51.445312	G5	79	77	304	39.373958	G5	79	127	
339	51.657552	D2	38	86	305	39.561458	D2	38	127	
340	51.664062	F#5	78	78	306	39.561458	F#5	78	127	
341	51.897135	Eb5	75	76	307	39.748958	Eb5	75	127	
342	52.119792	D5	74	69	308	39.936458	D5	74	127	
343	52.334635	C5	72	77	309	40.123958	C5	72	127	
344	52.553385	D2	38	87	310	40.311458	D2	38	127	
345	52.559896	Bb4	70	73	311	40.311458	Bb4	70	127	
346	52.779948	A4	69	69	312	40.498958	A4	69	127	
347	53.006510	G4	67	68	313	40.686458	G4	67	127	
348	53.226562	F#4	66	76	314	40.873958	F#4	66	127	
349	53.466146	G3	55	67	315	41.092708	G3	55	127	
350	53.468750	D6	86	87	317	41.092708	D6	86	127	
351	53.473958	D5	74	78	316	41.092708	D5	74	127	
352	53.696615	Bb3	58	62	318	41.280208	Bb3	58	127	
353	53.907552	A3	57	67	319	41.467708	A3	57	127	
354	54.132812	C4	60	75	320	41.655208	C4	60	127	
355	54.350260	Bb3	58	74	321	41.842708	Bb3	58	127	
356	54.363281	D6	86	90	323	41.842708	D6	86	127	
357	54.367188	D5	74	84	322	41.842708	D5	74	127	
358	54.569010	D4	62	74	324	42.030208	D4	62	127	
359	54.798177	C4	60	73	325	42.217708	C4	60	127	
360	55.013021	Eb4	63	82	326	42.405208	Eb4	63	127	
361	55.240885	D4	62	75	327	42.592708	D4	62	127	
362	55.240885	D6	86	89	329	42.592708	D6	86	127	
363	55.246094	D5	74	83	328	42.592708	D5	74	127	
364	55.467448	G4	67	81	330	42.780208	G4	67	127	
365	55.670573	F#4	66	81	331	42.967708	F#4	66	127	
366	55.897135	G4	67	75	332	43.155208	G4	67	127	
367	56.214844	D2	38	94	333	43.342708	D2	38	127	
368	56.529948	D6	86	83	335	43.530208	D6	86	127	
369	56.532552	Bb5	82	77	334	43.530208	Bb5	82	127	
370	56.766927	C6	84	81	337	43.717708	C6	84	127	
371	56.778646	A5	81	81	336	43.717708	A5	81	127	
372	56.983073	Bb5	82	79	339	43.905208	Bb5	82	127	
373	56.984375	G5	79	82	338	43.905208	G5	79	127	
374	57.203125	D2	38	80	340	44.092708	D2	38	127	
375	57.210938	A5	81	83	342	44.092708	A5	81	127	
376	57.218750	F#5	78	74	341	44.092708	F#5	78	127	
377	57.410156	G5	79	80	344	44.280208	G5	79	127	
378	57.436198	Eb5	75	68	343	44.280208	Eb5	75	127	
379	57.641927	D5	74	76	345	44.467708	D5	74	127	
380	57.661458	F#5	78	74	346	44.467708	F#5	78	127	
381	57.852865	Eb5	75	67	348	44.655208	Eb5	75	127	
382	57.864583	C5	72	70	347	44.655208	C5	72	127	
383	58.095052	D2	38	74	349	44.842708	D2	38	127	
384	58.097656	D5	74	71	351	44.842708	D5	74	127	
385	58.100260	Bb4	70	76	350	44.842708	Bb4	70	127	
386	58.302083	C5	72	71	353	45.030208	C5	72	127	
387	58.309896	A4	69	68	352	45.030208	A4	69	127	
388	58.520833	Bb4	70	75	355	45.217708	Bb4	70	127	
389	58.527344	G4	67	62	354	45.217708	G4	67	127	
390	58.733073	A4	69	66	357	45.405208	A4	69	127	
391	58.735677	F#4	66	71	356	45.405208	F#4	66	127	
392	59.050781	G5	79	88	360	45.623958	G5	79	127	
393	59.058594	G4	67	69	359	45.623958	G4	67	127	
394	59.091146	G3	55	59	358	45.623958	G3	55	127	
395	59.290365	B3	59	63	361	45.811458	B3	59	127	
396	59.520833	A3	57	66	362	45.998958	A3	57	127	
397	59.730469	C4	60	76	363	46.186458	C4	60	127	
398	59.959635	G5	79	91	366	46.373958	G5	79	127	
399	59.972656	B3	59	73	364	46.373958	B3	59	127	
400	59.977865	G4	67	79	365	46.373958	G4	67	127	
401	60.197917	D4	62	75	367	46.561458	D4	62	127	
402	60.417969	C4	60	65	368	46.748958	C4	60	127	
403	60.619792	Eb4	63	77	369	46.936458	Eb4	63	127	
404	60.847656	G5	79	90	372	47.123958	G5	79	127	
405	60.859375	G4	67	80	371	47.123958	G4	67	127	
406	60.867188	D4	62	76	370	47.123958	D4	62	127	
407	61.093750	G4	67	74	373	47.311458	G4	67	127	
408	61.300781	F#4	66	73	374	47.498958	F#4	66	127	
409	61.519531	G4	67	69	375	47.686458	G4	67	127	
410	61.770833	G2	43	89	376	47.873958	G2	43	127	
411	62.011719	Eb5	75	79	377	48.061458	Eb5	75	127	
412	62.235677	D5	74	77	378	48.248958	D5	74	127	
413	62.451823	C5	72	77	379	48.436458	C5	72	127	
414	62.652344	G2	43	84	380	48.623958	G2	43	127	
415	62.671875	B4	71	74	381	48.623958	B4	71	127	
416	62.902344	G#4	68	74	382	48.811458	G#4	68	127	
417	63.106771	G4	67	71	383	48.998958	G4	67	127	
418	63.345052	F4	65	69	384	49.186458	F4	65	127	
419	63.567708	G2	43	86	385	49.373958	G2	43	127	
420	63.569010	Eb4	63	75	386	49.373958	Eb4	63	127	
421	63.804688	D4	62	69	387	49.561458	D4	62	127	
422	64.036458	C4	60	69	388	49.748958	C4	60	127	
423	64.274740	B3	59	54	389	49.936458	B3	59	127	
424	64.477865	G3	55	73	390	50.155208	G3	55	127	
425	64.494792	G5	79	91	392	50.155208	G5	79	127	
426	64.498698	G4	67	77	391	50.155208	G4	67	127	
427	64.705729	B3	59	69	393	50.342708	B3	59	127	
428	64.940104	A3	57	70	394	50.530208	A3	57	127	
429	65.151042	C4	60	79	395	50.717708	C4	60	127	
430	65.367188	G5	79	92	398	50.905208	G5	79	127	
431	65.375000	B3	59	79	396	50.905208	B3	59	127	
432	65.380208	G4	67	77	397	50.905208	G4	67	127	
433	65.589844	D4	62	77	399	51.092708	D4	62	127	
434	65.811198	C4	60	69	400	51.280208	C4	60	127	
435	66.023438	Eb4	63	74	401	51.467708	Eb4	63	127	
436	66.264323	G5	79	93	404	51.655208	G5	79	127	
437	66.273438	D4	62	78	402	51.655208	D4	62	127	
438	66.277344	G4	67	77	403	51.655208	G4	67	127	
439	66.484375	G4	67	69	405	51.842708	G4	67	127	
440	66.700521	F#4	66	83	406	52.030208	F#4	66	127	
441	66.932292	G4	67	71	407	52.217708	G4	67	127	
442	67.165365	G2	43	83	408	52.405208	G2	43	127	
443	67.365885	G5	79	79	410	52.592708	G5	79	127	
444	67.388021	Eb5	75	76	409	52.592708	Eb5	75	127	
445	67.592448	F5	77	81	412	52.780208	F5	77	127	
446	67.610677	D5	74	73	411	52.780208	D5	74	127	
447	67.807292	C5	72	72	413	52.967708	C5	72	127	
448	67.812500	Eb5	75	80	414	52.967708	Eb5	75	127	
449	68.029948	D5	74	69	417	53.155208	D5	74	127	
450	68.032552	G2	43	84	415	53.155208	G2	43	127	
451	68.035156	B4	71	69	416	53.155208	B4	71	127	
452	68.270833	C5	72	68	419	53.342708	C5	72	127	
453	68.276042	G#4	68	70	418	53.342708	G#4	68	127	
454	68.481771	B4	71	67	421	53.530208	B4	71	127	
455	68.490885	G4	67	69	420	53.530208	G4	67	127	
456	68.707031	F4	65	73	422	53.717708	F4	65	127	
457	68.710938	G#4	68	71	423	53.717708	G#4	68	127	
458	68.938802	G2	43	78	424	53.905208	G2	43	127	
459	68.938802	G4	67	75	426	53.905208	G4	67	127	
460	68.941406	Eb4	63	72	425	53.905208	Eb4	63	127	
461	69.147135	F4	65	75	428	54.092708	F4	65	127	
462	69.162760	D4	62	65	427	54.092708	D4	62	127	
463	69.377604	Eb4	63	73	430	54.280208	Eb4	63	127	
464	69.393229	C4	60	60	429	54.280208	C4	60	127	
465	69.648438	D4	62	77	432	54.467708	D4	62	127	
466	69.657552	B3	59	64	431	54.467708	B3	59	127	
467	70.348958	C4	60	45	433	54.675000	C4	60	127	
468	70.351562	G4	67	47	435	54.675000	G4	67	127	
469	70.356771	Eb4	63	38	434	54.675000	Eb4	63	127	
470	71.498698	G5	79	63	436	55.248958	G5	79	127	
471	71.584635	Eb5	75	72	437	55.342708	Eb5	75	127	
472	71.682292	C#5	73	64	441	55.436458	C#5	73	127	
473	71.688802	G4	67	44	440	55.436458	G4	67	127	
474	71.694010	D4	62	47	439	55.436458	D4	62	127	
475	71.695312	Bb3	58	46	438	55.436458	Bb3	58	127	
476	72.559896	G5	79	63	442	55.998958	G5	79	127	
477	72.648438	D5	74	66	443	56.092708	D5	74	127	
478	72.736979	B4	71	62	448	56.186458	B4	71	127	
479	72.760417	D4	62	38	446	56.186458	D4	62	127	
480	72.766927	A3	57	44	444	56.186458	A3	57	127	
481	72.769531	F#4	66	41	447	56.186458	F#4	66	127	
482	72.772135	C4	60	41	445	56.186458	C4	60	127	
483	73.486979	G5	79	60	449	56.748958	G5	79	127	
484	73.614583	C5	72	58	450	56.842708	C5	72	127	
485	73.733073	Bb4	70	55	*	-1	*	-1	-1	
486	73.785156	C5	72	57	*	-1	*	-1	-1	
487	73.822917	G3	55	49	451	56.936458	G3	55	127	
488	73.846354	Bb4	70	75	452	56.936458	Bb4	70	127	
489	73.919271	C5	72	63	*	-1	*	-1	-1	
490	73.994792	Bb4	70	64	*	-1	*	-1	-1	
491	74.050781	C5	72	66	*	-1	*	-1	-1	
492	74.121094	Bb4	70	71	*	-1	*	-1	-1	
493	74.375000	A4	69	62	453	57.123958	A4	69	127	
494	74.627604	G4	67	52	454	57.311458	G4	67	127	
495	75.033854	Eb5	75	61	455	57.561458	Eb5	75	127	
496	75.132812	Bb3	58	42	458	57.686458	Bb3	58	127	
497	75.132812	G4	67	55	459	57.686458	G4	67	127	
498	75.143229	D3	50	34	456	57.686458	D3	50	127	
499	75.143229	G3	55	33	457	57.686458	G3	55	127	
500	75.600260	A4	69	57	460	57.811458	A4	69	127	
501	75.694010	G4	67	58	461	57.936458	G4	67	127	
502	75.824219	F#4	66	55	462	58.061458	F#4	66	127	
503	76.028646	G4	67	57	463	58.186458	G4	67	127	
504	76.057292	D3	50	44	465	58.436458	D3	50	127	
505	76.125000	A4	69	53	464	58.311458	A4	69	127	
506	76.140625	F#3	54	45	466	58.436458	F#3	54	127	
507	76.173177	A3	57	47	467	58.436458	A3	57	127	
508	76.184896	Bb4	70	68	468	58.436458	Bb4	70	127	
509	76.259115	A4	69	66	469	58.530208	A4	69	127	
510	76.326823	Bb4	70	70	*	-1	*	-1	-1	
511	76.369792	A4	69	63	*	-1	*	-1	-1	
512	76.436198	Bb4	70	70	470	58.623958	Bb4	70	127	
513	76.532552	A4	69	44	471	58.717708	A4	69	127	
514	76.593750	Bb4	70	52	472	58.811458	Bb4	70	127	
515	76.661458	A4	69	53	*	-1	*	-1	-1	
516	76.731771	Bb4	70	60	*	-1	*	-1	-1	
517	76.785156	A4	69	52	473	58.905208	A4	69	127	
518	76.881510	Bb4	70	55	474	58.998958	Bb4	70	127	
519	76.929688	A4	69	50	475	59.092708	A4	69	127	
520	77.721354	G4	67	46	478	59.233333	G4	67	127	
521	77.725260	Eb4	63	41	477	59.233333	Eb4	63	127	
522	77.736979	C4	60	39	476	59.233333	C4	60	127	
523	78.584635	G5	79	65	479	59.795833	G5	79	127	
524	78.662760	Eb5	75	71	480	59.889583	Eb5	75	127	
525	78.753906	C#5	73	70	484	59.983333	C#5	73	127	
526	78.787760	D4	62	40	482	59.983333	D4	62	127	
527	78.796875	Bb3	58	41	481	59.983333	Bb3	58	127	
528	78.805990	G4	67	42	483	59.983333	G4	67	127	
529	79.799479	G5	79	58	485	60.545833	G5	79	127	
530	79.908854	D5	74	55	486	60.639583	D5	74	127	
531	79.994792	B4	71	51	491	60.733333	B4	71	127	
532	80.001302	F#4	66	36	490	60.733333	F#4	66	127	
533	80.005208	C4	60	41	488	60.733333	C4	60	127	
534	80.013021	D4	62	34	489	60.733333	D4	62	127	
535	80.020833	A3	57	41	487	60.733333	A3	57	127	
536	80.809896	G5	79	59	492	61.295833	G5	79	127	
537	80.971354	C5	72	53	493	61.389583	C5	72	127	
538	81.104167	Bb4	70	40	*	-1	*	-1	-1	
539	81.139323	C5	72	74	*	-1	*	-1	-1	
540	81.165365	G3	55	56	494	61.483333	G3	55	127	
541	81.227865	Bb4	70	72	495	61.483333	Bb4	70	127	
542	81.260417	C5	72	79	*	-1	*	-1	-1	
543	81.347656	Bb4	70	70	*	-1	*	-1	-1	
544	81.416667	C5	72	53	*	-1	*	-1	-1	
545	81.446615	Bb4	70	62	*	-1	*	-1	-1	
546	81.503906	C5	72	58	*	-1	*	-1	-1	
547	81.561198	Bb4	70	44	*	-1	*	-1	-1	
548	81.795573	A4	69	53	496	61.670833	A4	69	127	
549	82.063802	G4	67	55	497	61.858333	G4	67	127	
550	82.417969	D3	50	46	499	62.233333	D3	50	127	
551	82.436198	Eb5	75	52	498	62.108333	Eb5	75	127	
552	82.522135	G3	55	24	500	62.233333	G3	55	127	
553	82.542969	G4	67	50	502	62.233333	G4	67	127	
554	82.554688	Bb3	58	47	501	62.233333	Bb3	58	127	
555	83.062500	A4	69	50	503	62.358333	A4	69	127	
556	83.161458	G4	67	54	504	62.483333	G4	67	127	
557	83.286458	F#4	66	46	505	62.608333	F#4	66	127	
558	83.496094	G4	67	51	506	62.733333	G4	67	127	
559	83.593750	A4	69	55	507	62.858333	A4	69	127	
560	83.601562	D3	50	27	508	62.983333	D3	50	127	
561	83.601562	F#3	54	31	509	62.983333	F#3	54	127	
562	83.649740	A3	57	41	510	62.983333	A3	57	127	
563	83.662760	Bb4	70	62	511	62.983333	Bb4	70	127	
564	83.729167	A4	69	55	*	-1	*	-1	-1	
565	83.802083	Bb4	70	68	*	-1	*	-1	-1	
566	83.881510	A4	69	60	512	63.077083	A4	69	127	
567	83.944010	Bb4	70	67	513	63.170833	Bb4	70	127	
568	84.098958	Bb4	70	44	*	-1	*	-1	-1	
569	84.157552	A4	69	54	514	63.260417	A4	69	127	
570	84.220052	Bb4	70	62	*	-1	*	-1	-1	
571	84.406250	Bb4	70	9	515	63.350000	Bb4	70	127	
572	84.449219	A4	69	48	*	-1	*	-1	-1	
573	84.513021	Bb4	70	36	*	-1	*	-1	-1	
574	84.610677	A4	69	30	*	-1	*	-1	-1	
575	84.657552	Bb4	70	47	*	-1	*	-1	-1	
576	84.747396	A4	69	36	*	-1	*	-1	-1	
577	84.813802	Bb4	70	46	*	-1	*	-1	-1	
578	84.901042	A4	69	38	516	63.440625	A4	69	127	
579	84.975260	Bb4	70	53	*	-1	*	-1	-1	
580	85.059896	A4	69	36	*	-1	*	-1	-1	
581	85.619792	G4	67	48	517	63.530208	G4	67	127	
582	85.973958	G2	43	59	518	63.733333	G2	43	127	
583	86.058594	G3	55	88	519	63.733333	G3	55	127	
584	86.070312	G4	67	87	*	-1	*	-1	-1	
585	86.106771	A4	69	70	520	63.733333	A4	69	127	
586	86.191406	G4	67	64	521	63.827083	G4	67	127	
587	86.265625	A4	69	51	*	-1	*	-1	-1	
588	86.302083	G4	67	75	*	-1	*	-1	-1	
589	86.377604	A4	69	78	522	63.920833	A4	69	127	
590	86.477865	G4	67	58	523	64.014583	G4	67	127	
591	86.523438	A4	69	72	*	-1	*	-1	-1	
592	86.596354	G4	67	76	*	-1	*	-1	-1	
593	86.643229	A4	69	74	*	-1	*	-1	-1	
594	86.731771	B4	71	82	*	-1	*	-1	-1	
595	86.776042	C5	72	82	524	64.108333	C5	72	127	
596	86.854167	B4	71	77	525	64.202083	B4	71	127	
597	86.925781	C5	72	70	526	64.295833	C5	72	127	
598	87.010417	B4	71	65	527	64.389583	B4	71	127	
599	87.074219	C5	72	65	*	-1	*	-1	-1	
600	87.110677	G2	43	69	528	64.483333	G2	43	127	
601	87.139323	B4	71	60	*	-1	*	-1	-1	
602	87.178385	C5	72	75	*	-1	*	-1	-1	
603	87.208333	G3	55	87	529	64.483333	G3	55	127	
604	87.285156	D5	74	71	*	-1	*	-1	-1	
605	87.332031	E5	76	79	530	64.483333	E5	76	127	
606	87.394531	D5	74	80	531	64.577083	D5	74	127	
607	87.467448	E5	76	78	532	64.670833	E5	76	127	
608	87.554688	D5	74	61	533	64.764583	D5	74	127	
609	87.601562	E5	76	74	*	-1	*	-1	-1	
610	87.766927	G5	79	68	*	-1	*	-1	-1	
611	87.795573	A5	81	96	534	64.858333	A5	81	127	
612	87.869792	G5	79	74	535	64.952083	G5	79	127	
613	87.933594	A5	81	83	536	65.045833	A5	81	127	
614	88.042969	G5	79	61	537	65.139583	G5	79	127	
615	88.054688	G2	43	76	*	-1	*	-1	-1	
616	88.080729	A5	81	92	*	-1	*	-1	-1	
617	88.192708	G3	55	98	539	65.233333	G3	55	127	
618	88.261719	B5	83	80	*	-1	*	-1	-1	
619	88.296875	C6	84	84	540	65.233333	C6	84	127	
620	88.382812	B5	83	81	541	65.327083	B5	83	127	
621	88.440104	C6	84	78	542	65.420833	C6	84	127	
622	88.520833	B5	83	74	*	-1	*	-1	-1	
623	88.567708	C6	84	86	*	-1	*	-1	-1	
624	88.645833	B5	83	90	543	65.510417	B5	83	127	
625	88.731771	C6	84	74	*	-1	*	-1	-1	
626	88.799479	B5	83	72	*	-1	*	-1	-1	
627	88.846354	C6	84	88	544	65.600000	C6	84	127	
628	88.927083	B5	83	76	545	65.690625	B5	83	127	
629	88.993490	C6	84	81	546	65.780208	A5	81	127	
630	89.074219	B5	83	70	*	-1	*	-1	-1	
631	89.125000	C6	84	76	*	-1	*	-1	-1	
632	89.192708	B5	83	70	547	65.869792	B5	83	127	
633	89.324219	C3	48	53	548	65.994792	C3	48	127	
634	89.552083	E5	76	67	550	65.994792	E5	76	127	
635	89.654948	C4	60	33	549	65.994792	C4	60	127	
636	89.842448	C5	72	62	551	66.182292	C5	72	127	
637	90.074219	B4	71	55	552	66.369792	B4	71	127	
638	90.279948	A4	69	56	553	66.557292	A4	69	127	
639	90.371094	D3	50	41	554	66.744792	D3	50	127	
640	90.458333	A4	69	50	*	-1	*	-1	-1	
641	90.523438	G3	55	25	555	66.744792	G3	55	127	
642	90.523438	G4	67	60	557	66.744792	G4	67	127	
643	90.542969	B3	59	40	556	66.744792	B3	59	127	
644	90.794271	F#4	66	53	558	66.932292	F#4	66	127	
645	91.032552	G4	67	55	559	67.119792	G4	67	127	
646	91.243490	A4	69	63	560	67.307292	A4	69	127	
647	91.382812	D3	50	48	561	67.494792	D3	50	127	
648	91.484375	B4	71	69	563	67.494792	B4	71	127	
649	91.498698	A3	57	57	562	67.494792	A3	57	127	
650	91.557292	A4	69	67	564	67.588542	A4	69	127	
651	91.628906	B4	71	59	*	-1	*	-1	-1	
652	91.683594	A4	69	58	*	-1	*	-1	-1	
653	91.734375	B4	71	73	565	67.682292	B4	71	127	
654	91.817708	A4	69	62	566	67.776042	A4	69	127	
655	91.897135	B4	71	54	*	-1	*	-1	-1	
656	91.958333	A4	69	62	*	-1	*	-1	-1	
657	92.029948	B4	71	65	*	-1	*	-1	-1	
658	92.085938	A4	69	60	*	-1	*	-1	-1	
659	92.151042	B4	71	60	567	67.869792	B4	71	127	
660	92.225260	A4	69	56	568	67.963542	A4	69	127	
661	92.473958	G4	67	66	569	68.057292	G4	67	127	
662	92.631510	G2	43	57	570	68.276042	G2	43	127	
663	92.723958	G3	55	88	571	68.276042	G3	55	127	
664	92.743490	G4	67	79	*	-1	*	-1	-1	
665	92.770833	A4	69	75	572	68.276042	A4	69	127	
666	92.850260	G4	67	74	573	68.369792	G4	67	127	
667	92.917969	A4	69	70	*	-1	*	-1	-1	
668	92.977865	G4	67	65	*	-1	*	-1	-1	
669	93.057292	A4	69	74	574	68.463542	A4	69	127	
670	93.145833	G4	67	64	575	68.557292	G4	67	127	
671	93.194010	A4	69	71	*	-1	*	-1	-1	
672	93.274740	G4	67	71	*	-1	*	-1	-1	
673	93.309896	A4	69	75	*	-1	*	-1	-1	
674	93.410156	B4	71	81	*	-1	*	-1	-1	
675	93.457031	C5	72	77	576	68.651042	C5	72	127	
676	93.523438	B4	71	74	577	68.744792	B4	71	127	
677	93.601562	C5	72	74	578	68.838542	C5	72	127	
678	93.688802	B4	71	61	579	68.932292	B4	71	127	
679	93.735677	C5	72	80	*	-1	*	-1	-1	
680	93.755208	G2	43	77	580	69.026042	G2	43	127	
681	93.855469	G3	55	92	581	69.026042	G3	55	127	
682	93.899740	D5	74	69	*	-1	*	-1	-1	
683	93.938802	E5	76	74	582	69.026042	E5	76	127	
684	94.011719	D5	74	77	583	69.119792	D5	74	127	
685	94.072917	E5	76	76	584	69.213542	E5	76	127	
686	94.174479	D5	74	63	585	69.307292	D5	74	127	
687	94.231771	E5	76	68	*	-1	*	-1	-1	
688	94.375000	G5	79	65	*	-1	*	-1	-1	
689	94.395833	A5	81	76	586	69.401042	A5	81	127	
690	94.471354	G5	79	72	587	69.494792	G5	79	127	
691	94.515625	A5	81	78	588	69.588542	A5	81	127	
692	94.606771	G5	79	80	589	69.682292	G5	79	127	
693	94.658854	A5	81	85	*	-1	*	-1	-1	
694	94.692708	G2	43	79	*	-1	*	-1	-1	
695	94.795573	G3	55	90	591	69.776042	G3	55	127	
696	94.869792	D6	86	97	592	69.776042	C6	84	127	
697	94.992188	E6	88	83	593	69.869792	B5	83	127	
698	95.100260	D6	86	76	*	-1	*	-1	-1	
699	95.144531	E6	88	80	*	-1	*	-1	-1	
700	95.230469	D6	86	70	*	-1	*	-1	-1	
701	95.263021	E6	88	89	*	-1	*	-1	-1	
702	95.343750	D6	86	86	594	69.963542	C6	84	127	
703	95.414062	E6	88	70	595	70.053125	B5	83	127	
704	95.492188	D6	86	72	*	-1	*	-1	-1	
705	95.536458	E6	88	75	*	-1	*	-1	-1	
706	95.609375	D6	86	77	596	70.143750	C6	84	127	
707	95.697917	E6	88	68	597	70.233333	B5	83	127	
708	95.757812	D6	86	72	598	70.322917	A5	81	127	
709	95.817708	E6	88	72	599	70.412500	B5	83	127	
710	95.920573	D6	86	47	*	-1	*	-1	-1	
711	95.947917	E6	88	68	602	70.534375	E5	76	127	
712	96.009115	D6	86	81	*	-1	*	-1	-1	
713	96.182292	C3	48	50	600	70.534375	C3	48	127	
714	96.388021	E5	76	65	602	70.534375	E5	76	127	
715	96.502604	C4	60	28	601	70.534375	C4	60	127	
716	97.128906	D5	74	61	603	70.909375	D5	74	127	
717	97.231771	C5	72	56	604	71.003125	C5	72	127	
718	97.326823	B4	71	52	605	71.096875	B4	71	127	
719	97.427083	A4	69	53	606	71.190625	A4	69	127	
720	97.546875	G4	67	60	610	71.284375	G4	67	127	
721	97.575521	D3	50	35	607	71.284375	D3	50	127	
722	97.584635	B3	59	29	609	71.284375	B3	59	127	
723	97.593750	G3	55	21	608	71.284375	G3	55	127	
724	98.088542	A4	69	52	611	71.409375	A4	69	127	
725	98.192708	G4	67	56	612	71.534375	G4	67	127	
726	98.328125	F#4	66	48	613	71.659375	F#4	66	127	
727	98.477865	G4	67	58	614	71.784375	G4	67	127	
728	98.503906	D3	50	47	616	72.034375	D3	50	127	
729	98.576823	A4	69	58	*	-1	*	-1	-1	
730	98.640625	B4	71	61	*	-1	*	-1	-1	
731	98.648438	A3	57	45	*	-1	*	-1	-1	
732	98.720052	A4	69	63	*	-1	*	-1	-1	
733	98.765625	B4	71	75	*	-1	*	-1	-1	
734	98.835938	A4	69	57	615	71.909375	A4	69	127	
735	98.914062	B4	71	68	618	72.034375	B4	71	127	
736	98.986979	A4	69	64	*	-1	*	-1	-1	
737	99.070312	B4	71	56	*	-1	*	-1	-1	
738	99.119792	A4	69	51	619	72.128125	A4	69	127	
739	99.209635	B4	71	56	620	72.221875	B4	71	127	
740	99.299479	A4	69	49	*	-1	*	-1	-1	
741	99.360677	B4	71	54	*	-1	*	-1	-1	
742	99.440104	A4	69	44	621	72.311458	A4	69	127	
743	99.528646	B4	71	42	*	-1	*	-1	-1	
744	99.618490	A4	69	35	*	-1	*	-1	-1	
745	99.664062	B4	71	54	622	72.401042	B4	71	127	
746	99.778646	A4	69	33	623	72.490625	A4	69	127	
747	100.356771	G4	67	33	624	72.581250	G4	67	127	
748	100.576823	G2	43	23	625	72.815625	G2	43	127	
749	100.662760	G5	79	62	627	72.815625	G5	79	127	
750	100.727865	G3	55	26	626	72.815625	G3	55	127	
751	100.937500	D5	74	43	628	73.003125	D5	74	127	
752	101.147135	B5	83	50	629	73.190625	B5	83	127	
753	101.367188	G5	79	57	630	73.378125	G5	79	127	
754	101.609375	B4	71	50	631	73.565625	B4	71	127	
755	101.614583	G5	79	57	632	73.565625	G5	79	127	
756	101.825521	D5	74	56	633	73.753125	D5	74	127	
757	102.063802	B5	83	57	634	73.940625	B5	83	127	
758	102.282552	G5	79	66	635	74.128125	G5	79	127	
759	102.523438	G5	79	67	637	74.315625	G5	79	127	
760	102.529948	C5	72	61	636	74.315625	C5	72	127	
761	102.759115	E5	76	54	638	74.503125	E5	76	127	
762	102.983073	B5	83	62	639	74.690625	B5	83	127	
763	103.196615	G5	79	73	640	74.878125	G5	79	127	
764	103.434896	G5	79	70	642	75.065625	G5	79	127	
765	103.445312	B4	71	54	641	75.065625	B4	71	127	
766	103.656250	D5	74	63	643	75.253125	D5	74	127	
767	103.848958	B5	83	65	644	75.440625	B5	83	127	
768	104.093750	G5	79	66	645	75.628125	G5	79	127	
769	104.328125	G5	79	71	647	75.815625	G5	79	127	
770	104.329427	C4	60	55	646	75.815625	C4	60	127	
771	104.563802	E5	76	64	648	76.003125	E5	76	127	
772	104.786458	E5	76	58	649	76.190625	E5	76	127	
773	104.998698	C5	72	57	650	76.378125	C5	72	127	
774	105.230469	D4	62	54	651	76.565625	D4	62	127	
775	105.238281	C5	72	58	652	76.565625	C5	72	127	
776	105.467448	A4	69	52	653	76.753125	A4	69	127	
777	105.671875	A4	69	58	654	76.940625	A4	69	127	
778	105.910156	F#4	66	59	655	77.128125	F#4	66	127	
779	106.127604	G3	55	49	656	77.315625	G3	55	127	
780	106.135417	G4	67	65	657	77.315625	G4	67	127	
781	106.355469	D4	62	46	658	77.503125	D4	62	127	
782	106.557292	B4	71	58	659	77.690625	B4	71	127	
783	106.757812	G4	67	72	660	77.878125	G4	67	127	
784	107.007812	B3	59	60	661	78.065625	B3	59	127	
785	107.013021	G4	67	72	662	78.065625	G4	67	127	
786	107.205729	D4	62	71	663	78.253125	D4	62	127	
787	107.438802	B4	71	59	664	78.440625	B4	71	127	
788	107.643229	G4	67	67	665	78.628125	G4	67	127	
789	107.901042	G4	67	51	667	78.815625	G4	67	127	
790	107.904948	C4	60	46	666	78.815625	C4	60	127	
791	108.101562	E4	64	59	668	79.003125	E4	64	127	
792	108.329427	B4	71	56	669	79.190625	B4	71	127	
793	108.540365	G4	67	65	670	79.378125	G4	67	127	
794	108.763021	G4	67	45	672	79.565625	G4	67	127	
795	108.803385	B3	59	42	671	79.565625	B3	59	127	
796	108.988281	D4	62	59	673	79.753125	D4	62	127	
797	109.208333	B4	71	50	674	79.940625	B4	71	127	
798	109.425781	G4	67	43	675	80.128125	G4	67	127	
799	109.645833	G4	67	52	677	80.315625	G4	67	127	
800	109.658854	C3	48	39	676	80.315625	C3	48	127	
801	109.893229	E4	64	48	678	80.503125	E4	64	127	
802	110.101562	E4	64	48	679	80.690625	E4	64	127	
803	110.315104	C4	60	50	680	80.878125	C4	60	127	
804	110.544271	C4	60	44	682	81.065625	C4	60	127	
805	110.558594	D3	50	38	681	81.065625	D3	50	127	
806	110.750000	A3	57	53	683	81.253125	A3	57	127	
807	110.989583	A3	57	46	684	81.440625	A3	57	127	
808	111.229167	F#3	54	52	685	81.628125	F#3	54	127	
809	111.552083	G2	43	50	686	81.827083	G2	43	127	
810	111.626302	F#3	54	63	*	-1	*	-1	-1	
811	111.841146	G3	55	54	687	81.827083	G3	55	127	
812	112.001302	A3	57	56	*	-1	*	-1	-1	
813	112.125000	G3	55	47	*	-1	*	-1	-1	
814	112.195312	A3	57	61	*	-1	*	-1	-1	
815	112.290365	G3	55	57	*	-1	*	-1	-1	
816	112.347656	A3	57	52	*	-1	*	-1	-1	
817	112.421875	G3	55	51	*	-1	*	-1	-1	
818	112.486979	A3	57	53	*	-1	*	-1	-1	
819	112.565104	G3	55	40	*	-1	*	-1	-1	
820	112.619792	A3	57	53	*	-1	*	-1	-1	
821	112.697917	G3	55	23	*	-1	*	-1	-1	
822	112.753906	A3	57	52	*	-1	*	-1	-1	
823	112.813802	G3	55	33	*	-1	*	-1	-1	
824	112.893229	A3	57	44	*	-1	*	-1	-1	
825	112.960938	G3	55	33	*	-1	*	-1	-1	
826	113.055990	A3	57	33	*	-1	*	-1	-1	
827	113.115885	G3	55	28	*	-1	*	-1	-1	
828	113.214844	A3	57	29	*	-1	*	-1	-1	
829	113.266927	G3	55	34	*	-1	*	-1	-1	
830	113.371094	A3	57	26	*	-1	*	-1	-1	
831	113.437500	G3	55	38	*	-1	*	-1	-1	
832	116.023438	G5	79	70	692	84.175000	G5	79	127	
833	116.096354	E4	64	38	688	84.175000	E4	64	127	
834	116.098958	Bb4	70	43	690	84.175000	Bb4	70	127	
835	116.098958	C5	72	41	691	84.175000	C5	72	127	
836	116.110677	G4	67	27	689	84.175000	G4	67	127	
837	116.992188	F4	65	44	693	84.956250	F4	65	127	
838	117.093750	Bb5	82	81	697	84.956250	Bb5	82	127	
839	117.108073	Bb4	70	59	694	84.956250	Bb4	70	127	
840	117.148438	C#5	73	63	696	84.956250	C#5	73	127	
841	117.158854	C5	72	53	695	84.956250	C5	72	127	
842	117.162760	G#5	80	84	698	85.050000	G#5	80	127	
843	117.234375	Bb5	82	77	699	85.143750	Bb5	82	127	
844	117.316406	G#5	80	73	700	85.237500	G#5	80	127	
845	117.352865	Bb5	82	78	701	85.331250	Bb5	82	127	
846	117.445312	G#5	80	65	702	85.425000	G#5	80	127	
847	117.496094	Bb5	82	71	703	85.518750	Bb5	82	127	
848	117.598958	G#5	80	49	704	85.612500	G#5	80	127	
849	117.651042	Bb5	82	65	709	85.706250	Bb5	82	127	
850	117.718750	G#5	80	65	710	85.800000	G#5	80	127	
851	117.772135	Bb5	82	64	*	-1	*	-1	-1	
852	117.927083	Bb5	82	66	711	85.893750	Bb5	82	127	
853	118.002604	G#5	80	58	712	85.987500	G#5	80	127	
854	118.078125	C#5	73	46	708	85.706250	C#5	73	127	
855	118.080729	C5	72	38	707	85.706250	C5	72	127	
856	118.089844	Bb4	70	42	706	85.706250	Bb4	70	127	
857	118.092448	F4	65	38	705	85.706250	F4	65	127	
858	118.516927	G5	79	64	715	86.268750	G5	79	127	
859	118.717448	F5	77	61	716	86.362500	F5	77	127	
860	118.832031	E4	64	40	717	86.456250	E4	64	127	
861	118.912760	G4	67	39	718	86.456250	G4	67	127	
862	118.924479	G5	79	73	721	86.456250	G5	79	127	
863	118.953125	Bb4	70	45	719	86.456250	Bb4	70	127	
864	118.954427	C5	72	61	720	86.456250	C5	72	127	
865	119.024740	F5	77	75	722	86.550000	F5	77	127	
866	119.122396	G5	79	69	723	86.643750	G5	79	127	
867	119.197917	G#5	80	74	724	86.737500	G#5	80	127	
868	119.290365	G5	79	72	725	86.831250	G5	79	127	
869	119.498698	G#5	80	68	726	87.018750	G#5	80	127	
870	119.588542	Bb5	82	64	727	87.112500	Bb5	82	127	
871	119.623698	F4	65	54	728	87.206250	F4	65	127	
872	119.705729	Bb5	82	77	*	-1	*	-1	-1	
873	119.729167	Bb4	70	53	729	87.206250	Bb4	70	127	
874	119.760417	C5	72	59	730	87.206250	C5	72	127	
875	119.764323	C#5	73	73	731	87.206250	C#5	73	127	
876	119.792969	G#5	80	79	732	87.206250	G#5	80	127	
877	119.842448	Bb5	82	76	*	-1	*	-1	-1	
878	119.938802	G#5	80	63	733	87.300000	G#5	80	127	
879	119.981771	Bb5	82	80	734	87.393750	Bb5	82	127	
880	120.050781	G#5	80	73	735	87.487500	G#5	80	127	
881	120.118490	Bb5	82	73	736	87.581250	Bb5	82	127	
882	120.195312	G#5	80	65	737	87.675000	G#5	80	127	
883	120.259115	Bb5	82	75	738	87.768750	Bb5	82	127	
884	120.321615	G#5	80	61	739	87.862500	G#5	80	127	
885	120.390625	Bb5	82	73	744	87.956250	Bb5	82	127	
886	120.470052	G#5	80	59	745	88.050000	G#5	80	127	
887	120.542969	Bb5	82	63	746	88.143750	Bb5	82	127	
888	120.608073	G#5	80	68	747	88.237500	G#5	80	127	
889	120.714844	F4	65	46	740	87.956250	F4	65	127	
890	120.714844	C#5	73	53	743	87.956250	C#5	73	127	
891	120.730469	C5	72	37	742	87.956250	C5	72	127	
892	120.733073	Bb4	70	46	748	88.331250	Bb5	82	127	
893	121.127604	G5	79	60	750	88.518750	G5	79	127	
894	121.317708	F5	77	53	751	88.612500	F5	77	127	
895	121.436198	E4	64	42	752	88.706250	E4	64	127	
896	121.470052	G4	67	50	753	88.706250	G4	67	127	
897	121.544271	G5	79	61	756	88.706250	G5	79	127	
898	121.565104	Bb4	70	45	754	88.706250	Bb4	70	127	
899	121.570312	C5	72	36	755	88.706250	C5	72	127	
900	121.631510	F5	77	65	757	88.800000	F5	77	127	
901	121.733073	G5	79	52	758	88.893750	G5	79	127	
902	121.781250	G#5	80	69	759	88.987500	G#5	80	127	
903	121.859375	G5	79	68	760	89.081250	G5	79	127	
904	122.083333	G#5	80	61	761	89.268750	G#5	80	127	
905	122.197917	Bb5	82	65	762	89.362500	Bb5	82	127	
906	122.337240	F4	65	56	763	89.456250	F4	65	127	
907	122.375000	Bb5	82	66	766	89.456250	Bb5	82	127	
908	122.391927	G#4	68	52	764	89.456250	G#4	68	127	
909	122.421875	C5	72	65	765	89.456250	C5	72	127	
910	122.440104	G#5	80	66	767	89.550000	G#5	80	127	
911	122.475260	Bb5	82	82	768	89.643750	Bb5	82	127	
912	122.552083	G#5	80	65	769	89.737500	G#5	80	127	
913	122.602865	Bb5	82	80	770	89.831250	Bb5	82	127	
914	122.680990	G#5	80	69	*	-1	*	-1	-1	
915	122.752604	Bb5	82	74	*	-1	*	-1	-1	
916	122.802083	G#5	80	60	771	89.925000	G#5	80	127	
917	122.897135	Bb5	82	67	772	90.018750	Bb5	82	127	
918	122.986979	G#5	80	53	773	90.112500	G#5	80	127	
919	123.057292	Bb5	82	60	777	90.206250	Bb5	82	127	
920	123.111979	G#5	80	67	778	90.300000	G#5	80	127	
921	123.178385	Bb5	82	64	779	90.393750	Bb5	82	127	
922	123.259115	G#5	80	63	780	90.487500	G#5	80	127	
923	123.430990	C#4	61	40	774	90.206250	C#4	61	127	
924	123.433594	Bb4	70	42	781	90.581250	Bb5	82	127	
925	123.438802	F4	65	43	775	90.206250	F4	65	127	
926	123.815104	G5	79	57	783	90.768750	G5	79	127	
927	124.010417	F5	77	54	784	90.862500	F5	77	127	
928	124.066406	C4	60	44	*	-1	*	-1	-1	
929	124.205729	G5	79	68	788	90.956250	G5	79	127	
930	124.218750	G#4	68	56	*	-1	*	-1	-1	
931	124.218750	C5	72	53	*	-1	*	-1	-1	
932	124.277344	F5	77	53	*	-1	*	-1	-1	
933	124.325521	G5	79	79	*	-1	*	-1	-1	
934	124.416667	F5	77	64	789	91.050000	F5	77	127	
935	124.460938	G5	79	76	*	-1	*	-1	-1	
936	124.532552	F5	77	69	*	-1	*	-1	-1	
937	124.589844	G5	79	79	790	91.143750	G5	79	127	
938	124.683594	F5	77	44	791	91.237500	F5	77	127	
939	124.718750	G5	79	74	792	91.331250	G5	79	127	
940	124.809896	F5	77	62	793	91.425000	F5	77	127	
941	125.057292	E5	76	60	794	91.518750	E5	76	127	
942	125.161458	F5	77	50	795	91.612500	F5	77	127	
943	125.247396	E5	76	52	797	91.706250	E5	76	127	
944	125.261719	G4	67	47	796	91.706250	G4	67	127	
945	125.832031	G5	79	62	799	92.487500	G5	79	127	
946	125.994792	D4	62	47	798	92.487500	D4	62	127	
947	126.114583	F#5	78	51	*	-1	*	-1	-1	
948	126.180990	G5	79	63	*	-1	*	-1	-1	
949	126.253906	F#5	78	58	800	92.581250	F#5	78	127	
950	126.304688	G5	79	67	801	92.675000	G5	79	127	
951	126.390625	F#5	78	63	*	-1	*	-1	-1	
952	126.447917	G5	79	75	*	-1	*	-1	-1	
953	126.520833	F#5	78	53	802	92.768750	F#5	78	127	
954	126.570312	G5	79	71	803	92.862500	G5	79	127	
955	126.661458	F#5	78	60	804	92.956250	F#5	78	127	
956	126.908854	E5	76	48	805	93.050000	E5	76	127	
957	127.000000	F#5	78	54	806	93.143750	F#5	78	127	
958	127.152344	Eb4	63	50	807	93.237500	Eb4	63	127	
959	127.227865	F#5	78	50	808	93.237500	F#5	78	127	
960	127.351562	G5	79	58	809	93.331250	G5	79	127	
961	127.433594	A5	81	60	810	93.425000	A5	81	127	
962	127.497396	G5	79	55	*	-1	*	-1	-1	
963	127.549479	A5	81	57	*	-1	*	-1	-1	
964	127.630208	G5	79	57	811	93.518750	G5	79	127	
965	127.686198	A5	81	75	*	-1	*	-1	-1	
966	127.756510	G5	79	60	*	-1	*	-1	-1	
967	127.817708	A5	81	72	813	93.612500	A5	81	127	
968	127.839844	C5	72	69	812	93.612500	C5	72	127	
969	127.904948	G5	79	61	814	93.706250	G5	79	127	
970	127.955729	A5	81	77	815	93.800000	A5	81	127	
971	128.042969	G5	79	56	816	93.893750	G5	79	127	
972	128.104167	A5	81	75	818	93.987500	A5	81	127	
973	128.180990	G5	79	67	819	94.081250	G5	79	127	
974	128.253906	A5	81	69	*	-1	*	-1	-1	
975	128.307292	Bb4	70	66	817	93.987500	Bb4	70	127	
976	128.317708	G5	79	57	*	-1	*	-1	-1	
977	128.373698	A5	81	71	820	94.175000	A5	81	127	
978	128.449219	G5	79	55	821	94.268750	G5	79	127	
979	128.529948	A5	81	66	823	94.362500	A5	81	127	
980	128.592448	G5	79	58	*	-1	*	-1	-1	
981	128.653646	A5	81	72	*	-1	*	-1	-1	
982	128.735677	G5	79	59	824	94.456250	G5	79	127	
983	128.744792	A4	69	70	822	94.362500	A4	69	127	
984	128.807292	A5	81	70	825	94.550000	A5	81	127	
985	128.914062	G5	79	47	826	94.643750	G5	79	127	
986	128.979167	A5	81	62	828	94.737500	A5	81	127	
987	129.033854	A4	69	68	*	-1	*	-1	-1	
988	129.046875	G5	79	69	*	-1	*	-1	-1	
989	129.100260	A5	81	76	*	-1	*	-1	-1	
990	129.131510	G4	67	68	827	94.737500	G4	67	127	
991	129.179688	G5	79	56	829	94.831250	G5	79	127	
992	129.261719	A5	81	57	831	94.925000	A5	81	127	
993	129.322917	G5	79	60	*	-1	*	-1	-1	
994	129.345052	F#4	66	71	830	94.925000	F#4	66	127	
995	129.389323	A5	81	75	*	-1	*	-1	-1	
996	129.492188	G5	79	45	832	95.018750	G5	79	127	
997	129.552083	G4	67	67	833	95.112500	G4	67	127	
998	129.557292	A5	81	63	834	95.112500	A5	81	127	
999	129.647135	G5	79	54	835	95.206250	G5	79	127	
1000	129.692708	A5	81	71	*	-1	*	-1	-1	
1001	129.763021	A4	69	63	836	95.300000	A4	69	127	
1002	129.774740	G5	79	57	*	-1	*	-1	-1	
1003	129.842448	A5	81	68	837	95.300000	A5	81	127	
1004	129.950521	G5	79	47	838	95.393750	G5	79	127	
1005	130.000000	A5	81	76	*	-1	*	-1	-1	
1006	130.011719	Bb4	70	72	840	95.487500	Bb4	70	127	
1007	130.022135	D4	62	58	839	95.487500	D4	62	127	
1008	130.071615	G5	79	63	*	-1	*	-1	-1	
1009	130.152344	A5	81	66	841	95.487500	A5	81	127	
1010	130.208333	G5	79	53	*	-1	*	-1	-1	
1011	130.270833	A5	81	76	*	-1	*	-1	-1	
1012	130.360677	G5	79	44	842	95.581250	G5	79	127	
1013	130.420573	A5	81	72	843	95.675000	A5	81	127	
1014	130.479167	G4	67	62	845	95.862500	G4	67	127	
1015	130.490885	G5	79	53	*	-1	*	-1	-1	
1016	130.546875	A5	81	75	*	-1	*	-1	-1	
1017	130.648438	G5	79	41	844	95.768750	G5	79	127	
1018	130.697917	A5	81	72	*	-1	*	-1	-1	
1019	130.734375	G5	79	39	*	-1	*	-1	-1	
1020	130.815104	A5	81	75	846	95.862500	A5	81	127	
1021	130.912760	G5	79	30	847	95.956250	G5	79	127	
1022	130.960938	A5	81	79	*	-1	*	-1	-1	
1023	130.990885	D4	62	59	850	96.237500	D4	62	127	
1024	130.990885	Bb4	70	65	851	96.237500	Bb4	70	127	
1025	131.024740	G5	79	55	*	-1	*	-1	-1	
1026	131.088542	A5	81	87	848	96.050000	A5	81	127	
1027	131.188802	G5	79	47	849	96.143750	G5	79	127	
1028	131.233073	A5	81	77	*	-1	*	-1	-1	
1029	131.311198	G5	79	50	*	-1	*	-1	-1	
1030	131.356771	A5	81	78	*	-1	*	-1	-1	
1031	131.440104	G5	79	63	*	-1	*	-1	-1	
1032	131.444010	G4	67	60	856	96.612500	G4	67	127	
1033	131.498698	A5	81	79	852	96.237500	A5	81	127	
1034	131.574219	G5	79	62	853	96.331250	G5	79	127	
1035	131.634115	A5	81	78	854	96.425000	A5	81	127	
1036	131.721354	G5	79	63	855	96.518750	G5	79	127	
1037	131.770833	A5	81	79	*	-1	*	-1	-1	
1038	131.845052	G5	79	61	*	-1	*	-1	-1	
1039	131.917969	A5	81	81	857	96.612500	A5	81	127	
1040	131.963542	Bb4	70	73	862	96.987500	Bb4	70	127	
1041	131.968750	D4	62	62	861	96.987500	D4	62	127	
1042	132.009115	G5	79	63	858	96.706250	G5	79	127	
1043	132.075521	A5	81	75	*	-1	*	-1	-1	
1044	132.135417	G5	79	63	*	-1	*	-1	-1	
1045	132.213542	A5	81	87	859	96.800000	A5	81	127	
1046	132.298177	G5	79	66	860	96.893750	G5	79	127	
1047	132.371094	A5	81	78	863	96.987500	A5	81	127	
1048	132.430990	G4	67	65	867	97.362500	G4	67	127	
1049	132.438802	G5	79	65	864	97.081250	G5	79	127	
1050	132.509115	A5	81	79	865	97.175000	A5	81	127	
1051	132.589844	G5	79	68	866	97.268750	G5	79	127	
1052	132.648438	A5	81	79	*	-1	*	-1	-1	
1053	132.720052	G5	79	66	*	-1	*	-1	-1	
1054	132.761719	C#4	61	69	872	97.768750	C4	60	127	
1055	132.809896	A5	81	79	868	97.362500	A5	81	127	
1056	132.811198	E4	64	63	873	97.768750	Eb4	63	127	
1057	132.856771	G4	67	69	874	97.768750	G4	67	127	
1058	132.882812	A4	69	69	875	97.768750	A4	69	127	
1059	132.889323	G5	79	66	869	97.456250	G5	79	127	
1060	132.950521	A5	81	82	*	-1	*	-1	-1	
1061	133.007812	G5	79	60	*	-1	*	-1	-1	
1062	133.093750	A5	81	86	870	97.550000	A5	81	127	
1063	133.184896	G5	79	79	871	97.643750	G5	79	127	
1064	133.351562	D6	86	86	876	98.143750	D6	86	127	
1065	133.444010	D6	86	51	*	-1	*	-1	-1	
1066	133.537760	D6	86	86	*	-1	*	-1	-1	
1067	133.579427	C#4	61	52	877	98.518750	C#4	61	127	
1068	133.636719	E4	64	60	878	98.518750	E4	64	127	
1069	133.648438	D6	86	68	*	-1	*	-1	-1	
1070	133.687500	G4	67	57	879	98.518750	G4	67	127	
1071	133.738281	A4	69	74	880	98.518750	A4	69	127	
1072	133.755208	C#6	85	78	881	98.518750	C#6	85	127	
1073	133.843750	C#6	85	79	*	-1	*	-1	-1	
1074	133.958333	C#6	85	79	*	-1	*	-1	-1	
1075	134.059896	C#6	85	79	*	-1	*	-1	-1	
1076	134.167969	Bb5	82	88	882	98.893750	Bb5	82	127	
1077	134.257812	Bb5	82	84	*	-1	*	-1	-1	
1078	134.391927	Bb5	82	59	*	-1	*	-1	-1	
1079	134.447917	C#4	61	45	883	99.268750	C#4	61	127	
1080	134.486979	E4	64	56	884	99.268750	E4	64	127	
1081	134.490885	Bb5	82	72	*	-1	*	-1	-1	
1082	134.563802	G4	67	56	885	99.268750	G4	67	127	
1083	134.582031	A4	69	72	886	99.268750	A4	69	127	
1084	134.597656	G5	79	81	*	-1	*	-1	-1	
1085	134.690104	G5	79	70	887	99.268750	G5	79	127	
1086	134.694010	F5	77	73	*	-1	*	-1	-1	
1087	134.794271	G5	79	82	*	-1	*	-1	-1	
1088	134.912760	G5	79	64	*	-1	*	-1	-1	
1089	135.015625	E5	76	80	888	99.643750	E5	76	127	
1090	135.104167	E5	76	79	*	-1	*	-1	-1	
1091	135.216146	E5	76	76	*	-1	*	-1	-1	
1092	135.307292	D4	62	58	889	100.018750	D4	62	127	
1093	135.312500	E5	76	59	*	-1	*	-1	-1	
1094	135.367188	F4	65	60	890	100.018750	F4	65	127	
1095	135.407552	A4	69	82	891	100.018750	A4	69	127	
1096	135.419271	G5	79	91	*	-1	*	-1	-1	
1097	135.513021	F5	77	81	*	-1	*	-1	-1	
1098	135.562500	G5	79	74	892	100.018750	G5	79	127	
1099	135.649740	F5	77	69	893	100.112500	F5	77	127	
1100	135.691406	G5	79	63	894	100.206250	G5	79	127	
1101	135.773438	F5	77	75	895	100.300000	F5	77	127	
1102	135.834635	G5	79	70	896	100.393750	G5	79	127	
1103	135.920573	F5	77	83	897	100.487500	F5	77	127	
1104	136.080729	E5	76	67	898	100.581250	E5	76	127	
1105	136.162760	F5	77	70	899	100.675000	F5	77	127	
1106	136.173177	E4	64	70	900	100.768750	E4	64	127	
1107	136.253906	G4	67	55	901	100.768750	G4	67	127	
1108	136.281250	A4	69	65	902	100.768750	A4	69	127	
1109	136.320312	C#5	73	88	903	100.768750	C#5	73	127	
1110	136.334635	A5	81	87	904	100.768750	A5	81	127	
1111	136.414062	G5	79	83	905	100.862500	G5	79	127	
1112	136.483073	A5	81	56	*	-1	*	-1	-1	
1113	136.527344	G5	79	64	*	-1	*	-1	-1	
1114	136.592448	A5	81	83	906	100.956250	A5	81	127	
1115	136.683594	G5	79	67	907	101.050000	G5	79	127	
1116	136.792969	G5	79	78	*	-1	*	-1	-1	
1117	136.824219	A5	81	64	908	101.143750	A5	81	127	
1118	136.925781	G5	79	62	909	101.237500	G5	79	127	
1119	137.063802	F5	77	76	910	101.331250	F5	77	127	
1120	137.136719	G5	79	74	*	-1	*	-1	-1	
1121	137.149740	F4	65	63	*	-1	*	-1	-1	
1122	137.236979	A4	69	67	913	101.518750	A4	69	127	
1123	137.283854	D5	74	84	914	101.518750	D5	74	127	
1124	137.328125	A5	81	87	911	101.425000	G5	79	127	
1125	137.401042	Bb5	82	77	915	101.518750	Bb5	82	127	
1126	137.470052	A5	81	69	916	101.612500	A5	81	127	
1127	137.531250	Bb5	82	84	917	101.706250	Bb5	82	127	
1128	137.621094	A5	81	68	*	-1	*	-1	-1	
1129	137.654948	Bb5	82	66	*	-1	*	-1	-1	
1130	137.717448	A5	81	80	918	101.800000	A5	81	127	
1131	137.783854	Bb5	82	70	*	-1	*	-1	-1	
1132	137.835938	A5	81	79	*	-1	*	-1	-1	
1133	137.930990	Bb5	82	71	919	101.893750	Bb5	82	127	
1134	137.983073	A5	81	84	920	101.987500	A5	81	127	
1135	138.274740	G5	79	85	921	102.081250	G5	79	127	
1136	138.457031	A5	81	85	922	102.175000	A5	81	127	
1137	138.800781	Bb5	82	80	924	102.268750	Bb5	82	127	
1138	138.863281	G4	67	41	923	102.268750	G4	67	127	
1139	139.921875	G3	55	41	925	103.018750	G3	55	127	
1140	140.177083	A5	81	61	926	103.206250	A5	81	127	
1141	140.423177	G5	79	58	927	103.393750	G5	79	127	
1142	140.627604	F5	77	57	928	103.581250	F5	77	127	
1143	140.856771	Bb3	58	44	929	103.768750	Bb3	58	127	
1144	140.881510	E5	76	52	930	103.768750	E5	76	127	
1145	141.100260	D5	74	55	931	103.956250	D5	74	127	
1146	141.313802	C#5	73	53	932	104.143750	C#5	73	127	
1147	141.533854	D5	74	59	933	104.331250	D5	74	127	
1148	141.661458	A3	57	45	935	104.518750	A3	57	127	
1149	141.792969	A4	69	52	937	104.612500	C#5	73	127	
1150	141.842448	D5	74	55	938	104.706250	D5	74	127	
1151	141.908854	C#5	73	69	939	104.800000	C#5	73	127	
1152	141.986979	D5	74	68	940	104.893750	D5	74	127	
1153	142.096354	C#5	73	45	941	104.987500	C#5	73	127	
1154	142.119792	D5	74	62	942	105.081250	D5	74	127	
1155	142.227865	C#5	73	46	943	105.175000	C#5	73	127	
1156	142.276042	D5	74	63	944	105.268750	D5	74	127	
1157	142.373698	C#5	73	32	945	105.362500	C#5	73	127	
1158	142.407552	D5	74	65	946	105.456250	D5	74	127	
1159	142.481771	C#5	73	47	947	105.550000	C#5	73	127	
1160	143.433594	B4	71	48	948	105.643750	B4	71	127	
1161	143.914062	A4	69	45	949	106.018750	A4	69	127	
1162	145.460938	A5	81	51	951	106.815625	A5	81	127	
1163	145.485677	A2	45	22	950	106.815625	A2	45	127	
1164	146.164062	C#3	49	45	952	107.284375	C#3	49	127	
1165	146.184896	E5	76	50	953	107.284375	E5	76	127	
1166	146.268229	C#5	73	57	955	107.378125	C#5	73	127	
1167	146.291667	E3	52	6	954	107.378125	E3	52	127	
1168	146.351562	A4	69	53	957	107.471875	A4	69	127	
1169	146.355469	A3	57	33	956	107.471875	A3	57	127	
1170	146.464844	E4	64	57	959	107.565625	E4	64	127	
1171	146.468750	C#4	61	54	958	107.565625	C#4	61	127	
1172	147.351562	F4	65	70	961	108.315625	F4	65	127	
1173	147.369792	C#4	61	74	960	108.315625	C#4	61	127	
1174	147.414062	E4	64	56	962	108.409375	E4	64	127	
1175	147.483073	F4	65	52	963	108.503125	F4	65	127	
1176	147.531250	E4	64	55	964	108.596875	E4	64	127	
1177	147.595052	F4	65	72	965	108.690625	F4	65	127	
1178	147.680990	E4	64	50	966	108.784375	E4	64	127	
1179	147.735677	F4	65	58	967	108.878125	F4	65	127	
1180	147.812500	E4	64	59	*	-1	*	-1	-1	
1181	147.897135	F4	65	49	*	-1	*	-1	-1	
1182	147.979167	E4	64	63	968	108.971875	E4	64	127	
1183	148.489583	G2	43	56	969	109.084375	G2	43	127	
1184	148.489583	Bb5	82	81	970	109.084375	Bb5	82	127	
1185	149.152344	C#3	49	50	971	109.553125	C#3	49	127	
1186	149.154948	G5	79	67	972	109.553125	G5	79	127	
1187	149.250000	E3	52	40	973	109.646875	E3	52	127	
1188	149.257812	E5	76	63	974	109.646875	E5	76	127	
1189	149.325521	C#5	73	59	976	109.740625	C#5	73	127	
1190	149.358073	G3	55	28	975	109.740625	G3	55	127	
1191	149.445312	E4	64	74	978	109.834375	E4	64	127	
1192	149.453125	C#4	61	62	977	109.834375	C#4	61	127	
1193	150.338542	F4	65	72	980	110.584375	F4	65	127	
1194	150.364583	C#4	61	70	979	110.584375	C#4	61	127	
1195	150.412760	E4	64	63	981	110.678125	E4	64	127	
1196	150.468750	F4	65	68	982	110.771875	F4	65	127	
1197	150.535156	E4	64	49	983	110.865625	E4	64	127	
1198	150.609375	F4	65	74	984	110.959375	F4	65	127	
1199	150.704427	E4	64	56	985	111.053125	E4	64	127	
1200	150.750000	F4	65	68	986	111.146875	F4	65	127	
1201	150.851562	E4	64	56	987	111.240625	E4	64	127	
1202	151.423177	A5	81	83	989	111.354167	A5	81	127	
1203	151.430990	F2	41	60	988	111.354167	F2	41	127	
1204	152.024740	A2	45	51	990	111.822917	A2	45	127	
1205	152.046875	F5	77	70	991	111.822917	F5	77	127	
1206	152.125000	D3	50	53	992	111.916667	D3	50	127	
1207	152.139323	D5	74	68	993	111.916667	D5	74	127	
1208	152.220052	A4	69	61	995	112.010417	A4	69	127	
1209	152.221354	F3	53	38	994	112.010417	F3	53	127	
1210	152.321615	F4	65	77	997	112.104167	F4	65	127	
1211	152.352865	D4	62	47	996	112.104167	D4	62	127	
1212	153.165365	G4	67	74	999	112.854167	G4	67	127	
1213	153.183594	D4	62	64	998	112.854167	D4	62	127	
1214	153.251302	F4	65	59	1000	112.947917	F4	65	127	
1215	153.286458	G4	67	76	1001	113.041667	G4	67	127	
1216	153.363281	F4	65	56	1002	113.135417	F4	65	127	
1217	153.427083	G4	67	79	1003	113.229167	G4	67	127	
1218	153.516927	F4	65	62	1004	113.322917	F4	65	127	
1219	153.567708	G4	67	63	1005	113.416667	G4	67	127	
1220	153.666667	F4	65	63	1006	113.510417	F4	65	127	
1221	154.319010	G5	79	55	1008	113.635417	G5	79	127	
1222	154.345052	E2	40	40	1007	113.635417	E2	40	127	
1223	154.921875	G2	43	43	1009	114.104167	G2	43	127	
1224	154.945312	E5	76	58	1010	114.104167	E5	76	127	
1225	155.020833	C#3	49	48	1011	114.197917	C#3	49	127	
1226	155.041667	C#5	73	57	1012	114.197917	C#5	73	127	
1227	155.096354	E3	52	32	1013	114.291667	E3	52	127	
1228	155.128906	G4	67	52	1014	114.291667	G4	67	127	
1229	155.260417	E4	64	54	1016	114.385417	E4	64	127	
1230	155.272135	C#4	61	51	1015	114.385417	C#4	61	127	
1231	156.125000	F4	65	70	1018	115.135417	F4	65	127	
1232	156.144531	C#4	61	66	1017	115.135417	C#4	61	127	
1233	156.190104	E4	64	68	1019	115.229167	E4	64	127	
1234	156.242188	F4	65	54	1020	115.322917	F4	65	127	
1235	156.298177	E4	64	56	1021	115.416667	E4	64	127	
1236	156.391927	F4	65	59	1022	115.510417	F4	65	127	
1237	156.463542	E4	64	54	1023	115.604167	E4	64	127	
1238	156.537760	F4	65	59	1024	115.697917	F4	65	127	
1239	156.610677	E4	64	56	1025	115.791667	E4	64	127	
1240	157.088542	D3	50	42	1026	115.885417	D3	50	127	
1241	157.162760	G4	67	74	1028	115.885417	G4	67	127	
1242	157.179688	D4	62	54	1027	115.885417	D4	62	127	
1243	157.251302	F4	65	70	1029	115.979167	F4	65	127	
1244	157.308594	G4	67	68	1030	116.072917	G4	67	127	
1245	157.386719	F4	65	59	1031	116.166667	F4	65	127	
1246	157.438802	G4	67	65	1032	116.260417	G4	67	127	
1247	157.533854	F4	65	58	1033	116.354167	F4	65	127	
1248	157.617188	G4	67	47	1034	116.447917	G4	67	127	
1249	157.678385	F4	65	55	1035	116.541667	F4	65	127	
1250	157.744792	G4	67	60	1038	116.635417	G4	67	127	
1251	157.813802	F4	65	55	1039	116.729167	F4	65	127	
1252	158.144531	D3	50	39	1036	116.635417	D3	50	127	
1253	158.157552	A3	57	38	1037	116.635417	A3	57	127	
1254	158.561198	E4	64	54	1042	117.010417	E4	64	127	
1255	158.764323	D4	62	58	1043	117.197917	D4	62	127	
1256	159.054688	D4	62	50	1046	117.404167	D4	62	127	
1257	159.083333	A3	57	22	1045	117.404167	A3	57	127	
1258	159.095052	D3	50	28	1044	117.404167	D3	50	127	
1259	159.716146	D3	50	37	*	-1	*	-1	-1	
1260	160.014323	G3	55	37	1048	118.244792	G3	55	127	
1261	160.109375	A3	57	45	1049	118.244792	A3	57	127	
1262	160.197917	C4	60	54	1050	118.244792	C4	60	127	
1263	160.454427	Eb4	63	63	1051	118.432292	Eb4	63	127	
1264	160.666667	F#4	66	59	1052	118.541667	F#4	66	127	
1265	160.766927	A4	69	50	1053	118.648958	A4	69	127	
1266	160.847656	C5	72	75	1054	118.760417	C5	72	127	
1267	160.985677	Eb5	75	72	1055	118.867708	Eb5	75	127	
1268	161.101562	D3	50	41	1056	119.023958	D3	50	127	
1269	161.177083	G3	55	37	1062	119.868750	G3	55	127	
1270	161.250000	A3	57	38	1063	119.868750	A3	57	127	
1271	161.300781	C4	60	44	1064	119.868750	C4	60	127	
1272	162.290365	D3	50	29	*	-1	*	-1	-1	
1273	162.492188	A3	57	37	*	-1	*	-1	-1	
1274	162.578125	C4	60	32	*	-1	*	-1	-1	
1275	162.967448	D5	74	50	1065	119.954167	D5	74	127	
1276	163.111979	C5	72	52	1066	120.071875	C5	72	127	
1277	163.248698	Bb4	70	58	1067	120.165625	Bb4	70	127	
1278	163.345052	A4	69	63	1068	120.310417	A4	69	127	
1279	163.442708	G4	67	48	1069	120.430208	G4	67	127	
1280	163.548177	F#4	66	59	1070	120.567708	F#4	66	127	
1281	163.597656	Bb3	58	41	1071	120.716667	Bb3	58	127	
1282	163.716146	F#4	66	46	1073	120.716667	F#4	66	127	
1283	163.778646	D4	62	42	1072	120.716667	D4	62	127	
1284	164.287760	G4	67	50	1074	121.103125	G4	67	127	
1285	164.721354	Bb3	58	33	1075	121.493750	Bb3	58	127	
1286	164.819010	D4	62	50	1076	121.493750	D4	62	127	
1287	165.264323	D5	74	73	1077	122.089583	D5	74	127	
1288	165.591146	Bb3	58	48	1078	122.287500	Bb3	58	127	
1289	165.726562	C5	72	69	1080	122.287500	C5	72	127	
1290	165.776042	D4	62	47	1079	122.287500	D4	62	127	
1291	166.070312	Bb4	70	74	1081	122.483333	Bb4	70	127	
1292	166.317708	A4	69	68	1082	122.678125	A4	69	127	
1293	166.520833	G4	67	73	1083	122.873958	G4	67	127	
1294	166.739583	G#3	56	59	1084	123.068750	G#3	56	127	
1295	166.773438	G4	67	77	1086	123.068750	G4	67	127	
1296	166.848958	C4	60	49	1085	123.068750	C4	60	127	
1297	167.063802	F4	65	74	1087	123.579167	F4	65	127	
1298	167.225260	G#4	68	72	1088	123.678125	G#4	68	127	
1299	167.333333	B4	71	71	1089	123.777083	B4	71	127	
1300	167.432292	B4	71	65	1092	123.884375	B4	71	127	
1301	167.526042	D5	74	77	1093	124.001042	D5	74	127	
1302	167.595052	F5	77	84	1094	124.118750	F5	77	127	
1303	167.678385	G#5	80	88	1095	124.237500	G#5	80	127	
1304	167.787760	G#3	56	55	1090	123.884375	G#3	56	127	
1305	167.911458	C4	60	59	1091	123.884375	C4	60	127	
1306	168.704427	G#3	56	53	1096	124.706250	G#3	56	127	
1307	168.824219	C4	60	61	1097	124.706250	C4	60	127	
1308	169.041667	G5	79	79	1098	124.813542	G5	79	127	
1309	169.242188	F5	77	76	1099	124.914583	F5	77	127	
1310	169.361979	Eb5	75	76	1100	125.014583	Eb5	75	127	
1311	169.455729	D5	74	72	1101	125.114583	D5	74	127	
1312	169.566406	C5	72	73	1102	125.214583	C5	72	127	
1313	169.657552	B4	71	69	1103	125.315625	B4	71	127	
1314	169.723958	C5	72	58	1104	125.415625	C5	72	127	
1315	169.815104	G3	55	74	1105	125.510417	G3	55	127	
1316	169.937500	D5	74	73	1106	125.510417	D5	74	127	
1317	170.087240	C5	72	51	1107	125.603125	C5	72	127	
1318	170.123698	D5	74	67	1108	125.693750	D5	74	127	
1319	170.200521	C5	72	72	1109	125.786458	C5	72	127	
1320	170.264323	D5	74	73	1110	125.879167	D5	74	127	
1321	170.332031	C5	72	50	1111	125.971875	C5	72	127	
1322	170.380208	D5	74	82	*	-1	*	-1	-1	
1323	170.455729	C5	72	77	*	-1	*	-1	-1	
1324	170.524740	D5	74	73	1112	126.060417	D5	74	127	
1325	170.588542	C5	72	67	1113	126.152083	C5	72	127	
1326	170.841146	B4	71	71	1114	126.244792	B4	71	127	
1327	170.977865	C5	72	78	1115	126.336458	C5	72	127	
1328	171.089844	G2	43	63	1116	126.428125	G2	43	127	
1329	171.231771	C5	72	69	*	-1	*	-1	-1	
1330	171.326823	B4	71	72	1117	126.428125	B4	71	127	
1331	172.790365	C6	84	88	1119	128.273958	C6	84	127	
1332	172.798177	C3	48	74	1118	128.273958	C3	48	127	
1333	173.402344	Eb3	51	62	1120	128.742708	Eb3	51	127	
1334	173.407552	G5	79	72	1121	128.742708	G5	79	127	
1335	173.480469	G3	55	58	1122	128.836458	G3	55	127	
1336	173.494792	Eb5	75	72	1123	128.836458	Eb5	75	127	
1337	173.567708	C4	60	50	1124	128.930208	C4	60	127	
1338	173.574219	C5	72	64	1125	128.930208	C5	72	127	
1339	173.657552	Eb4	63	64	1126	129.023958	Eb4	63	127	
1340	173.658854	G4	67	75	1127	129.023958	G4	67	127	
1341	174.449219	G#4	68	82	1129	129.773958	G#4	68	127	
1342	174.463542	Eb4	63	84	1128	129.773958	Eb4	63	127	
1343	174.541667	G4	67	62	1130	129.867708	G4	67	127	
1344	174.591146	G#4	68	66	1131	129.961458	G#4	68	127	
1345	174.661458	G4	67	46	1132	130.055208	G4	67	127	
1346	174.697917	G#4	68	82	1133	130.148958	G#4	68	127	
1347	174.800781	G4	67	74	1134	130.242708	G4	67	127	
1348	174.846354	G#4	68	74	1135	130.336458	G#4	68	127	
1349	174.940104	G4	67	80	*	-1	*	-1	-1	
1350	174.976562	G#4	68	54	*	-1	*	-1	-1	
1351	175.052083	G4	67	81	1136	130.430208	G4	67	127	
1352	175.346354	G#5	80	16	*	-1	*	-1	-1	
1353	175.483073	C6	84	87	1138	130.555208	C6	84	127	
1354	175.489583	C3	48	81	1137	130.555208	C3	48	127	
1355	176.096354	G#5	80	73	1140	131.023958	G#5	80	127	
1356	176.102865	F3	53	59	1139	131.023958	F3	53	127	
1357	176.186198	F5	77	72	1142	131.117708	F5	77	127	
1358	176.197917	G#3	56	53	1141	131.117708	G#3	56	127	
1359	176.246094	C5	72	77	1144	131.211458	C5	72	127	
1360	176.269531	C4	60	49	1143	131.211458	C4	60	127	
1361	176.345052	G#4	68	84	1146	131.305208	G#4	68	127	
1362	176.363281	F4	65	70	1145	131.305208	F4	65	127	
1363	177.109375	Bb4	70	76	1148	132.055208	Bb4	70	127	
1364	177.126302	F4	65	74	1147	132.055208	F4	65	127	
1365	177.186198	G#4	68	69	1149	132.148958	G#4	68	127	
1366	177.259115	Bb4	70	72	1150	132.242708	Bb4	70	127	
1367	177.292969	G#4	68	61	*	-1	*	-1	-1	
1368	177.369792	Bb4	70	71	*	-1	*	-1	-1	
1369	177.464844	G#4	68	67	1151	132.336458	G#4	68	127	
1370	177.511719	Bb4	70	77	1152	132.430208	Bb4	70	127	
1371	177.596354	G#4	68	72	1153	132.523958	G#4	68	127	
1372	177.649740	Bb4	70	67	1154	132.617708	Bb4	70	127	
1373	177.717448	G#4	68	80	1155	132.711458	G#4	68	127	
1374	178.122396	C6	84	87	1157	132.836458	C6	84	127	
1375	178.130208	C3	48	76	1156	132.836458	C3	48	127	
1376	178.751302	Eb3	51	62	1158	133.305208	Eb3	51	127	
1377	178.763021	G5	79	72	1159	133.305208	G5	79	127	
1378	178.817708	G3	55	63	1160	133.398958	G3	55	127	
1379	178.850260	Eb5	75	71	1161	133.398958	Eb5	75	127	
1380	178.949219	C5	72	63	1163	133.492708	C5	72	127	
1381	178.950521	C4	60	48	1162	133.492708	C4	60	127	
1382	179.024740	Eb4	63	61	1164	133.586458	Eb4	63	127	
1383	179.040365	G4	67	72	1165	133.586458	G4	67	127	
1384	179.752604	G#4	68	78	1167	134.336458	G#4	68	127	
1385	179.759115	Eb4	63	83	1166	134.336458	Eb4	63	127	
1386	179.835938	G4	67	66	1168	134.430208	G4	67	127	
1387	179.907552	G#4	68	64	1169	134.523958	G#4	68	127	
1388	180.031250	G#4	68	79	1171	134.711458	G#4	68	127	
1389	180.115885	G4	67	71	1172	134.805208	G4	67	127	
1390	180.166667	G#4	68	70	1173	134.898958	G#4	68	127	
1391	180.251302	G4	67	76	*	-1	*	-1	-1	
1392	180.352865	G4	67	75	1174	134.992708	G4	67	127	
1393	180.713542	F3	53	55	1175	135.086458	F3	53	127	
1394	180.816406	G#3	56	58	1176	135.086458	G#3	56	127	
1395	180.852865	G#4	68	77	1178	135.086458	G#4	68	127	
1396	180.884115	C4	60	54	1177	135.086458	C4	60	127	
1397	181.109375	G4	67	72	1179	135.273958	G4	67	127	
1398	181.337240	C5	72	77	1180	135.461458	C5	72	127	
1399	181.537760	B4	71	75	1181	135.648958	B4	71	127	
1400	181.656250	F3	53	58	1182	135.836458	F3	53	127	
1401	181.751302	G#3	56	46	1183	135.836458	G#3	56	127	
1402	181.766927	Eb5	75	77	1185	135.836458	Eb5	75	127	
1403	181.791667	C4	60	60	1184	135.836458	C4	60	127	
1404	182.013021	D5	74	79	1186	136.023958	D5	74	127	
1405	182.240885	F5	77	81	1187	136.211458	F5	77	127	
1406	182.454427	Eb5	75	79	1188	136.398958	Eb5	75	127	
1407	182.554688	F3	53	55	1189	136.586458	F3	53	127	
1408	182.614583	G#3	56	59	1190	136.586458	G#3	56	127	
1409	182.654948	C4	60	73	1191	136.586458	C4	60	127	
1410	182.656250	G5	79	81	1192	136.586458	G5	79	127	
1411	182.908854	F5	77	77	1193	136.773958	F5	77	127	
1412	183.123698	G#5	80	73	1194	136.961458	G#5	80	127	
1413	183.348958	G5	79	80	1195	137.148958	G5	79	127	
1414	183.412760	Eb3	51	56	1196	137.336458	Eb3	51	127	
1415	183.506510	G3	55	52	1197	137.336458	G3	55	127	
1416	183.549479	C4	60	84	1198	137.336458	C4	60	127	
1417	183.575521	G#4	68	73	1199	137.336458	G#4	68	127	
1418	183.804688	G4	67	61	1200	137.523958	G4	67	127	
1419	184.048177	C5	72	69	1201	137.711458	C5	72	127	
1420	184.269531	B4	71	68	1202	137.898958	B4	71	127	
1421	184.378906	Eb3	51	64	1203	138.086458	Eb3	51	127	
1422	184.433594	G3	55	66	1204	138.086458	G3	55	127	
1423	184.460938	C4	60	89	1205	138.086458	C4	60	127	
1424	184.473958	Eb5	75	74	1206	138.086458	Eb5	75	127	
1425	184.721354	D5	74	74	1207	138.273958	D5	74	127	
1426	184.938802	F5	77	75	1208	138.461458	F5	77	127	
1427	185.158854	Eb5	75	73	1209	138.648958	Eb5	75	127	
1428	185.282552	Eb3	51	61	1210	138.836458	Eb3	51	127	
1429	185.345052	G3	55	68	1211	138.836458	G3	55	127	
1430	185.367188	C4	60	89	1212	138.836458	C4	60	127	
1431	185.369792	G5	79	84	1213	138.836458	G5	79	127	
1432	185.617188	F5	77	79	1214	139.023958	F5	77	127	
1433	185.828125	G#5	80	79	1215	139.211458	G#5	80	127	
1434	186.062500	G5	79	78	1216	139.398958	G5	79	127	
1435	186.151042	D3	50	55	1217	139.586458	D3	50	127	
1436	186.188802	F3	53	51	1218	139.586458	F3	53	127	
1437	186.261719	G#3	56	67	1219	139.586458	G#3	56	127	
1438	186.285156	C4	60	86	1220	139.586458	C4	60	127	
1439	186.296875	G4	67	83	1221	139.586458	G4	67	127	
1440	186.527344	F4	65	79	1222	139.773958	F4	65	127	
1441	186.748698	G#4	68	81	1223	139.961458	G#4	68	127	
1442	186.992188	G4	67	79	1224	140.148958	G4	67	127	
1443	187.097656	D3	50	58	1225	140.336458	D3	50	127	
1444	187.148438	F3	53	60	1226	140.336458	F3	53	127	
1445	187.179688	G#3	56	80	1227	140.336458	G#3	56	127	
1446	187.196615	C5	72	77	1229	140.336458	C5	72	127	
1447	187.197917	C4	60	82	1228	140.336458	C4	60	127	
1448	187.436198	B4	71	75	1230	140.523958	B4	71	127	
1449	187.644531	Eb5	75	77	1231	140.711458	Eb5	75	127	
1450	187.852865	D5	74	87	1232	140.898958	D5	74	127	
1451	188.041667	G3	55	38	1233	141.086458	G3	55	127	
1452	188.062500	B3	59	71	1234	141.086458	B3	59	127	
1453	188.082031	A3	57	35	*	-1	*	-1	-1	
1454	188.092448	C4	60	75	1235	141.086458	C4	60	127	
1455	188.144531	F5	77	86	1237	141.086458	F5	77	127	
1456	188.149740	D4	62	91	1236	141.086458	D4	62	127	
1457	188.381510	Eb5	75	77	1238	141.273958	Eb5	75	127	
1458	188.587240	G5	79	83	1239	141.461458	G5	79	127	
1459	188.821615	F5	77	89	1240	141.648958	F5	77	127	
1460	189.095052	C4	60	83	1241	141.836458	C4	60	127	
1461	189.139323	F5	77	84	1242	141.836458	F5	77	127	
1462	189.218750	Eb5	75	74	1243	141.930208	Eb5	75	127	
1463	189.287760	F5	77	69	1244	142.023958	F5	77	127	
1464	189.352865	Eb5	75	81	1245	142.117708	Eb5	75	127	
1465	189.428385	F5	77	69	1246	142.211458	F5	77	127	
1466	189.486979	Eb5	75	72	1247	142.305208	Eb5	75	127	
1467	189.563802	F5	77	78	1248	142.398958	F5	77	127	
1468	189.638021	Eb5	75	68	1249	142.492708	Eb5	75	127	
1469	189.692708	F5	77	74	1251	142.586458	F5	77	127	
1470	189.774740	Eb5	75	79	1252	142.680208	Eb5	75	127	
1471	190.049479	C3	48	69	1250	142.586458	C3	48	127	
1472	190.481771	D5	74	74	1255	142.961458	D5	74	127	
1473	190.990885	C5	72	74	1256	143.336458	C5	72	127	
1474	192.688802	C5	72	39	1259	144.117708	C5	72	127	
1475	192.696615	F4	65	34	1257	144.117708	F4	65	127	
1476	192.697917	G#4	68	29	1258	144.117708	G#4	68	127	
1477	193.817708	C6	84	59	1260	144.680208	C6	84	127	
1478	193.903646	G#5	80	74	1261	144.773958	G#5	80	127	
1479	194.000000	Eb4	63	46	1262	144.867708	Eb4	63	127	
1480	194.000000	G4	67	35	1263	144.867708	G4	67	127	
1481	194.010417	F#5	78	65	1265	144.867708	F#5	78	127	
1482	194.011719	C5	72	47	1264	144.867708	C5	72	127	
1483	194.803385	C6	84	57	1266	145.430208	C6	84	127	
1484	194.902344	G5	79	66	1267	145.523958	G5	79	127	
1485	194.986979	F4	65	42	1269	145.617708	F4	65	127	
1486	194.996094	G4	67	41	1270	145.617708	G4	67	127	
1487	194.998698	E5	76	54	1272	145.617708	E5	76	127	
1488	195.002604	B4	71	44	1271	145.617708	B4	71	127	
1489	195.006510	D4	62	44	1268	145.617708	D4	62	127	
1490	195.726562	C6	84	61	1273	146.180208	C6	84	127	
1491	195.843750	F5	77	58	*	-1	*	-1	-1	
1492	195.957031	Eb5	75	54	*	-1	*	-1	-1	
1493	196.007812	F5	77	72	1274	146.273958	F5	77	127	
1494	196.078125	C4	60	58	1275	146.367708	C4	60	127	
1495	196.083333	Eb5	75	72	*	-1	*	-1	-1	
1496	196.135417	F5	77	77	*	-1	*	-1	-1	
1497	196.212240	Eb5	75	70	1276	146.367708	Eb5	75	127	
1498	196.265625	F5	77	78	*	-1	*	-1	-1	
1499	196.326823	E5	76	13	*	-1	*	-1	-1	
1500	196.355469	Eb5	75	68	*	-1	*	-1	-1	
1501	196.578125	D5	74	61	1277	146.555208	D5	74	127	
1502	196.828125	C5	72	59	1278	146.742708	C5	72	127	
1503	197.213542	G#5	80	58	1279	146.992708	G#5	80	127	
1504	197.319010	C5	72	60	1283	147.117708	C5	72	127	
1505	197.345052	Eb4	63	37	1282	147.117708	Eb4	63	127	
1506	197.346354	G3	55	33	1280	147.117708	G3	55	127	
1507	197.347656	C4	60	38	1281	147.117708	C4	60	127	
1508	197.753906	D5	74	57	1284	147.242708	D5	74	127	
1509	197.856771	C5	72	57	1285	147.367708	C5	72	127	
1510	197.979167	B4	71	52	1286	147.492708	B4	71	127	
1511	198.123698	C5	72	56	1287	147.617708	C5	72	127	
1512	198.135417	G3	55	38	1289	147.867708	G3	55	127	
1513	198.223958	D5	74	58	1288	147.742708	D5	74	127	
1514	198.273438	D4	62	40	*	-1	*	-1	-1	
1515	198.286458	Eb5	75	63	*	-1	*	-1	-1	
1516	198.373698	D5	74	52	*	-1	*	-1	-1	
1517	198.433594	Eb5	75	59	1291	147.867708	Eb5	75	127	
1518	198.506510	D5	74	60	1292	147.961458	D5	74	127	
1519	198.555990	Eb5	75	67	1293	148.055208	Eb5	75	127	
1520	198.630208	D5	74	63	*	-1	*	-1	-1	
1521	198.694010	Eb5	75	57	*	-1	*	-1	-1	
1522	198.748698	D5	74	55	1294	148.148958	D5	74	127	
1523	198.830729	Eb5	75	63	1295	148.242708	Eb5	75	127	
1524	198.923177	D5	74	40	1296	148.336458	D5	74	127	
1525	198.996094	Eb5	75	47	1297	148.430208	Eb5	75	127	
1526	199.050781	D5	74	54	1298	148.523958	D5	74	127	
1527	199.571615	F3	53	43	1299	148.680208	F3	53	127	
1528	199.575521	C4	60	44	1301	148.680208	C4	60	127	
1529	199.592448	G#3	56	45	1300	148.680208	G#3	56	127	
1530	200.442708	C5	72	59	1302	149.242708	C5	72	127	
1531	200.510417	G#4	68	72	1303	149.336458	G#4	68	127	
1532	200.605469	Eb3	51	53	1304	149.430208	Eb3	51	127	
1533	200.606771	F#4	66	73	1307	149.430208	F#4	66	127	
1534	200.623698	C4	60	51	1306	149.430208	C4	60	127	
1535	200.626302	G3	55	43	1305	149.430208	G3	55	127	
1536	201.497396	C5	72	48	1308	149.992708	C5	72	127	
1537	201.563802	G4	67	62	1309	150.086458	G4	67	127	
1538	201.666667	E4	64	55	1314	150.180208	E4	64	127	
1539	201.674479	G3	55	24	1311	150.180208	G3	55	127	
1540	201.682292	F3	53	33	*	-1	*	-1	-1	
1541	201.687500	D3	50	38	1310	150.180208	D3	50	127	
1542	201.696615	B3	59	36	1313	150.180208	B3	59	127	
1543	202.381510	C5	72	60	1315	150.742708	C5	72	127	
1544	202.493490	F4	65	51	1316	150.836458	F4	65	127	
1545	202.585938	Eb4	63	52	*	-1	*	-1	-1	
1546	202.593750	C3	48	55	1317	150.930208	C3	48	127	
1547	202.628906	F4	65	65	*	-1	*	-1	-1	
1548	202.660156	G3	55	41	1318	150.930208	G3	55	127	
1549	202.688802	C4	60	58	1319	150.930208	C4	60	127	
1550	202.700521	Eb4	63	74	1320	150.930208	Eb4	63	127	
1551	202.756510	F4	65	74	*	-1	*	-1	-1	
1552	202.838542	Eb4	63	68	*	-1	*	-1	-1	
1553	202.899740	F4	65	70	*	-1	*	-1	-1	
1554	202.986979	Eb4	63	57	*	-1	*	-1	-1	
1555	203.009115	F4	65	75	*	-1	*	-1	-1	
1556	203.347656	D4	62	56	1321	151.117708	D4	62	127	
1557	203.595052	C4	60	51	1322	151.305208	C4	60	127	
1558	203.983073	G2	43	40	1324	151.680208	G2	43	127	
1559	204.005208	G#4	68	50	1323	151.555208	G#4	68	127	
1560	204.079427	C3	48	37	1325	151.680208	C3	48	127	
1561	204.102865	C4	60	58	1327	151.680208	C4	60	127	
1562	204.130208	Eb3	51	46	1326	151.680208	Eb3	51	127	
1563	204.585938	D4	62	57	1328	151.805208	D4	62	127	
1564	204.709635	C4	60	50	1329	151.930208	C4	60	127	
1565	204.869792	B3	59	52	1330	152.055208	B3	59	127	
1566	205.045573	C4	60	45	1331	152.180208	C4	60	127	
1567	205.071615	G2	43	46	1333	152.430208	G2	43	127	
1568	205.180990	D4	62	62	1332	152.305208	D4	62	127	
1569	205.330729	Eb4	63	62	*	-1	*	-1	-1	
1570	205.359375	D3	50	49	*	-1	*	-1	-1	
1571	205.382812	G3	55	59	*	-1	*	-1	-1	
1572	205.434896	D4	62	44	*	-1	*	-1	-1	
1573	205.476562	Eb4	63	71	1336	152.430208	Eb4	63	127	
1574	205.561198	D4	62	64	*	-1	*	-1	-1	
1575	205.600260	Eb4	63	62	*	-1	*	-1	-1	
1576	205.682292	D4	62	56	*	-1	*	-1	-1	
1577	205.744792	Eb4	63	62	*	-1	*	-1	-1	
1578	205.824219	D4	62	47	1337	152.523958	D4	62	127	
1579	205.906250	Eb4	63	49	*	-1	*	-1	-1	
1580	206.055990	Eb4	63	54	*	-1	*	-1	-1	
1581	206.126302	D4	62	51	*	-1	*	-1	-1	
1582	206.187500	Eb4	63	58	1338	152.617708	Eb4	63	127	
1583	206.279948	D4	62	50	1339	152.711458	D4	62	127	
1584	206.352865	Eb4	63	48	*	-1	*	-1	-1	
1585	206.442708	D4	62	34	*	-1	*	-1	-1	
1586	206.511719	Eb4	63	42	1340	152.805208	Eb4	63	127	
1587	206.604167	D4	62	28	*	-1	*	-1	-1	
1588	206.665365	Eb4	63	55	*	-1	*	-1	-1	
1589	206.723958	D4	62	39	1341	152.898958	D4	62	127	
1590	207.265625	C4	60	42	1342	152.992708	C4	60	127	
1591	207.743490	C2	36	44	1343	153.218750	C2	36	127	
1592	207.812500	C4	60	84	*	-1	*	-1	-1	
1593	207.834635	C3	48	54	*	-1	*	-1	-1	
1594	207.843750	D4	62	77	1345	153.218750	D4	62	127	
1595	207.937500	C4	60	71	1346	153.320833	C4	60	127	
1596	208.005208	D4	62	62	*	-1	*	-1	-1	
1597	208.080729	C4	60	61	*	-1	*	-1	-1	
1598	208.134115	D4	62	69	1347	153.414583	D4	62	127	
1599	208.286458	D4	62	59	1348	153.508333	C4	60	127	
1600	208.458333	E4	64	75	*	-1	*	-1	-1	
1601	208.503906	F4	65	88	1349	153.602083	F4	65	127	
1602	208.583333	E4	64	77	1350	153.695833	E4	64	127	
1603	208.640625	F4	65	74	1351	153.789583	F4	65	127	
1604	208.721354	E4	64	64	1352	153.883333	E4	64	127	
1605	208.796875	F4	65	62	*	-1	*	-1	-1	
1606	208.851562	C2	36	69	1353	153.977083	C2	36	127	
1607	208.933594	C3	48	89	1354	153.977083	C3	48	127	
1608	208.945312	G4	67	69	*	-1	*	-1	-1	
1609	209.001302	A4	69	79	1355	153.977083	A4	69	127	
1610	209.066406	G4	67	72	1356	154.070833	G4	67	127	
1611	209.136719	A4	69	79	1357	154.164583	A4	69	127	
1612	209.226562	G4	67	64	*	-1	*	-1	-1	
1613	209.277344	A4	69	75	*	-1	*	-1	-1	
1614	209.354167	G4	67	75	1358	154.258333	G4	67	127	
1615	209.416667	A4	69	66	*	-1	*	-1	-1	
1616	209.514323	C5	72	77	*	-1	*	-1	-1	
1617	209.546875	D5	74	90	1359	154.352083	D5	74	127	
1618	209.630208	C5	72	77	1360	154.445833	C5	72	127	
1619	209.692708	D5	74	77	1361	154.539583	D5	74	127	
1620	209.781250	C5	72	61	1362	154.633333	C5	72	127	
1621	209.826823	D5	74	75	*	-1	*	-1	-1	
1622	209.863281	C2	36	72	*	-1	*	-1	-1	
1623	209.959635	C3	48	88	1364	154.727083	C3	48	127	
1624	209.994792	E5	76	71	*	-1	*	-1	-1	
1625	210.033854	F5	77	82	1365	154.727083	F5	77	127	
1626	210.115885	E5	76	66	1366	154.820833	E5	76	127	
1627	210.164062	F5	77	80	1367	154.914583	F5	77	127	
1628	210.265625	E5	76	50	*	-1	*	-1	-1	
1629	210.303385	F5	77	78	*	-1	*	-1	-1	
1630	210.358073	E5	76	54	1368	155.008333	E5	76	127	
1631	210.427083	F5	77	54	*	-1	*	-1	-1	
1632	210.497396	G5	79	91	*	-1	*	-1	-1	
1633	210.549479	A5	81	85	1369	155.102083	A5	81	127	
1634	210.623698	G5	79	71	*	-1	*	-1	-1	
1635	210.677083	A5	81	73	*	-1	*	-1	-1	
1636	210.747396	G5	79	79	1370	155.195833	G5	79	127	
1637	210.820312	A5	81	84	*	-1	*	-1	-1	
1638	210.890625	G5	79	68	*	-1	*	-1	-1	
1639	210.959635	A5	81	79	1371	155.289583	A5	81	127	
1640	211.045573	G5	79	40	*	-1	*	-1	-1	
1641	211.061198	A5	81	83	*	-1	*	-1	-1	
1642	211.143229	G5	79	70	1372	155.383333	G5	79	127	
1643	211.251302	F2	41	38	1373	155.492708	F2	41	127	
1644	211.442708	A5	81	72	1375	155.492708	A5	81	127	
1645	211.514323	F3	53	44	1374	155.492708	F3	53	127	
1646	211.718750	F5	77	63	1376	155.680208	F5	77	127	
1647	211.950521	E5	76	58	1377	155.867708	E5	76	127	
1648	212.164062	D5	74	56	1378	156.055208	D5	74	127	
1649	212.278646	G2	43	28	1379	156.242708	G2	43	127	
1650	212.326823	D5	74	57	*	-1	*	-1	-1	
1651	212.361979	C3	48	40	1380	156.242708	C3	48	127	
1652	212.398438	C5	72	67	1382	156.242708	C5	72	127	
1653	212.402344	E3	52	41	1381	156.242708	E3	52	127	
1654	212.661458	B4	71	53	1383	156.430208	B4	71	127	
1655	212.873698	C5	72	60	1384	156.617708	C5	72	127	
1656	213.084635	D5	74	58	1385	156.805208	D5	74	127	
1657	213.210938	G2	43	41	1386	156.992708	G2	43	127	
1658	213.376302	D3	50	45	1387	156.992708	D3	50	127	
1659	213.390625	E5	76	66	1389	156.992708	E5	76	127	
1660	213.424479	G3	55	51	1388	156.992708	G3	55	127	
1661	213.454427	D5	74	61	1390	157.086458	D5	74	127	
1662	213.510417	E5	76	79	1391	157.180208	E5	76	127	
1663	213.615885	D5	74	52	1392	157.273958	D5	74	127	
1664	213.645833	E5	76	75	*	-1	*	-1	-1	
1665	213.742188	D5	74	52	*	-1	*	-1	-1	
1666	213.773438	E5	76	77	1393	157.367708	E5	76	127	
1667	213.876302	D5	74	50	*	-1	*	-1	-1	
1668	213.930990	E5	76	60	*	-1	*	-1	-1	
1669	214.009115	D5	74	64	1394	157.461458	D5	74	127	
1670	214.070312	E5	76	60	*	-1	*	-1	-1	
1671	214.157552	D5	74	44	*	-1	*	-1	-1	
1672	214.226562	E5	76	55	*	-1	*	-1	-1	
1673	214.294271	D5	74	52	*	-1	*	-1	-1	
1674	214.764323	C2	36	63	*	-1	*	-1	-1	
1675	214.835938	C4	60	76	*	-1	*	-1	-1	
1676	214.837240	C3	48	75	1397	157.773958	C3	48	127	
1677	214.855469	D4	62	75	1398	157.773958	D4	62	127	
1678	214.930990	C4	60	65	1399	157.867708	C4	60	127	
1679	215.011719	D4	62	64	1400	157.961458	D4	62	127	
1680	215.078125	C4	60	61	*	-1	*	-1	-1	
1681	215.134115	D4	62	81	*	-1	*	-1	-1	
1682	215.225260	C4	60	58	1401	158.055208	C4	60	127	
1683	215.290365	D4	62	63	*	-1	*	-1	-1	
1684	215.365885	C4	60	35	*	-1	*	-1	-1	
1685	215.475260	E4	64	73	*	-1	*	-1	-1	
1686	215.524740	F4	65	77	1402	158.148958	F4	65	127	
1687	215.593750	E4	64	79	1403	158.242708	E4	64	127	
1688	215.662760	F4	65	72	1404	158.336458	F4	65	127	
1689	215.739583	E4	64	72	1405	158.430208	E4	64	127	
1690	215.802083	F4	65	64	*	-1	*	-1	-1	
1691	215.841146	C2	36	80	*	-1	*	-1	-1	
1692	215.890625	E4	64	19	*	-1	*	-1	-1	
1693	215.942708	C3	48	85	1406	158.523958	C3	48	127	
1694	215.986979	G4	67	79	*	-1	*	-1	-1	
1695	216.040365	A4	69	80	1407	158.523958	A4	69	127	
1696	216.122396	G4	67	72	1408	158.617708	G4	67	127	
1697	216.180990	A4	69	77	1409	158.711458	A4	69	127	
1698	216.260417	G4	67	74	1410	158.805208	G4	67	127	
1699	216.316406	A4	69	69	*	-1	*	-1	-1	
1700	216.393229	G4	67	74	*	-1	*	-1	-1	
1701	216.434896	A4	69	65	*	-1	*	-1	-1	
1702	216.528646	C5	72	90	*	-1	*	-1	-1	
1703	216.583333	D5	74	79	1411	158.898958	D5	74	127	
1704	216.657552	C5	72	79	1412	158.992708	C5	72	127	
1705	216.729167	D5	74	67	1413	159.086458	D5	74	127	
1706	216.821615	C5	72	61	1414	159.180208	C5	72	127	
1707	216.858073	C2	36	76	*	-1	*	-1	-1	
1708	216.878906	D5	74	80	*	-1	*	-1	-1	
1709	216.959635	C3	48	79	1415	159.273958	C3	48	127	
1710	216.983073	E5	76	81	*	-1	*	-1	-1	
1711	217.031250	F5	77	80	1416	159.273958	F5	77	127	
1712	217.108073	E5	76	81	1417	159.367708	E5	76	127	
1713	217.171875	F5	77	68	1418	159.461458	F5	77	127	
1714	217.259115	E5	76	59	1419	159.555208	E5	76	127	
1715	217.307292	F5	77	72	*	-1	*	-1	-1	
1716	217.444010	G5	79	70	*	-1	*	-1	-1	
1717	217.479167	A5	81	82	*	-1	*	-1	-1	
1718	217.535156	G5	79	81	*	-1	*	-1	-1	
1719	217.596354	A5	81	79	1420	159.648958	A5	81	127	
1720	217.691406	G5	79	68	*	-1	*	-1	-1	
1721	217.738281	A5	81	91	*	-1	*	-1	-1	
1722	217.811198	G5	79	81	1421	159.742708	G5	79	127	
1723	217.890625	A5	81	74	*	-1	*	-1	-1	
1724	217.950521	G5	79	73	*	-1	*	-1	-1	
1725	218.029948	A5	81	77	1422	159.836458	A5	81	127	
1726	218.091146	G5	79	63	1423	159.930208	G5	79	127	
1727	218.170573	A5	81	58	1426	160.055208	A5	81	127	
1728	218.242188	G5	79	65	*	-1	*	-1	-1	
1729	218.281250	F2	41	40	1424	160.055208	F2	41	127	
1730	218.575521	A5	81	71	1426	160.055208	A5	81	127	
1731	218.726562	F3	53	26	1425	160.055208	F3	53	127	
1732	219.199219	G5	79	67	1427	160.430208	G5	79	127	
1733	219.298177	F5	77	68	1428	160.523958	F5	77	127	
1734	219.411458	E5	76	52	1429	160.617708	E5	76	127	
1735	219.501302	D5	74	57	1430	160.711458	D5	74	127	
1736	219.643229	C5	72	56	1434	160.805208	C5	72	127	
1737	219.682292	G2	43	35	1431	160.805208	G2	43	127	
1738	219.688802	C3	48	38	1432	160.805208	C3	48	127	
1739	219.703125	E3	52	31	1433	160.805208	E3	52	127	
1740	220.385417	B4	71	45	1435	161.273958	B4	71	127	
1741	220.502604	A4	69	50	1436	161.367708	A4	69	127	
1742	220.608073	G2	43	35	*	-1	*	-1	-1	
1743	220.614583	G4	67	51	1437	161.461458	G4	67	127	
1744	220.791667	E5	76	63	1441	161.555208	E5	76	127	
1745	220.807292	D3	50	40	1439	161.555208	D3	50	127	
1746	220.884115	G3	55	44	1440	161.555208	G3	55	127	
1747	220.888021	D5	74	43	*	-1	*	-1	-1	
1748	220.924479	E5	76	77	*	-1	*	-1	-1	
1749	221.013021	D5	74	71	*	-1	*	-1	-1	
1750	221.065104	E5	76	71	*	-1	*	-1	-1	
1751	221.147135	D5	74	61	1442	161.648958	D5	74	127	
1752	221.222656	E5	76	56	*	-1	*	-1	-1	
1753	221.295573	D5	74	44	*	-1	*	-1	-1	
1754	221.361979	E5	76	61	*	-1	*	-1	-1	
1755	221.458333	D5	74	45	*	-1	*	-1	-1	
1756	221.535156	E5	76	49	1443	161.742708	E5	76	127	
1757	221.618490	D5	74	46	*	-1	*	-1	-1	
1758	221.677083	E5	76	59	*	-1	*	-1	-1	
1759	221.787760	D5	74	43	1444	161.836458	D5	74	127	
1760	221.868490	E5	76	40	*	-1	*	-1	-1	
1761	221.940104	D5	74	44	*	-1	*	-1	-1	
1762	222.029948	E5	76	44	1445	161.930208	E5	76	127	
1763	222.115885	D5	74	42	1446	162.023958	D5	74	127	
1764	222.203125	E5	76	42	1447	162.117708	C5	72	127	
1765	222.311198	D5	74	50	1448	162.211458	D5	74	127	
1766	223.479167	C5	72	49	1451	162.336458	C5	72	127	
1767	223.513021	C3	48	33	1450	162.336458	C3	48	127	
1768	223.516927	C2	36	38	1449	162.336458	C2	36	127	
1769	223.720052	G4	67	41	1452	162.523958	G4	67	127	
1770	223.955729	E5	76	47	1453	162.711458	E5	76	127	
1771	224.184896	C5	72	60	1454	162.898958	C5	72	127	
1772	224.420573	C5	72	55	1456	163.086458	C5	72	127	
1773	224.441406	E4	64	44	1455	163.086458	E4	64	127	
1774	224.640625	G4	67	40	1457	163.273958	G4	67	127	
1775	224.852865	E5	76	52	1458	163.461458	E5	76	127	
1776	225.085938	C5	72	60	1459	163.648958	C5	72	127	
1777	225.319010	F4	65	49	1460	163.836458	F4	65	127	
1778	225.324219	C5	72	56	1461	163.836458	C5	72	127	
1779	225.533854	A4	69	51	1462	164.023958	A4	69	127	
1780	225.759115	E5	76	55	1463	164.211458	E5	76	127	
1781	225.992188	C5	72	60	1464	164.398958	C5	72	127	
1782	226.218750	C5	72	54	1466	164.586458	C5	72	127	
1783	226.221354	E4	64	49	1465	164.586458	E4	64	127	
1784	226.429688	G4	67	52	1467	164.773958	G4	67	127	
1785	226.644531	G5	79	77	1469	164.961458	G5	79	127	
1786	226.665365	E5	76	55	1468	164.961458	E5	76	127	
1787	226.885417	C5	72	62	1470	165.148958	C5	72	127	
1788	227.132812	A5	81	83	1473	165.336458	A5	81	127	
1789	227.164062	F5	77	63	1472	165.336458	F5	77	127	
1790	227.180990	F4	65	43	1471	165.336458	F4	65	127	
1791	227.372396	D5	74	53	1474	165.523958	D5	74	127	
1792	227.585938	D5	74	45	1475	165.711458	D5	74	127	
1793	227.790365	F5	77	64	1476	165.898958	F5	77	127	
1794	228.069010	F5	77	62	1479	166.086458	G5	79	127	
1795	228.096354	G4	67	27	1477	166.086458	G4	67	127	
1796	228.097656	D5	74	32	1478	166.086458	D5	74	127	
1797	228.316406	B4	71	33	1480	166.273958	B4	71	127	
1798	228.532552	B4	71	36	1481	166.461458	B4	71	127	
1799	228.753906	D5	74	58	1482	166.648958	D5	74	127	
1800	229.005208	C3	48	67	1483	166.867708	C3	48	127	
1801	229.018229	C4	60	62	1484	166.867708	C4	60	127	
1802	229.227865	G3	55	56	1485	167.055208	G3	55	127	
1803	229.449219	E4	64	53	1486	167.242708	E4	64	127	
1804	229.674479	C4	60	60	1487	167.430208	C4	60	127	
1805	229.925781	E3	52	75	1488	167.617708	E3	52	127	
1806	229.930990	C4	60	48	1489	167.617708	C4	60	127	
1807	230.157552	G3	55	47	1490	167.805208	G3	55	127	
1808	230.359375	E4	64	53	1491	167.992708	E4	64	127	
1809	230.598958	C4	60	58	1492	168.180208	C4	60	127	
1810	230.848958	F3	53	65	1493	168.367708	F3	53	127	
1811	230.856771	C4	60	36	1494	168.367708	C4	60	127	
1812	231.067708	A3	57	49	1495	168.555208	A3	57	127	
1813	231.285156	E4	64	61	1496	168.742708	E4	64	127	
1814	231.535156	C4	60	45	1497	168.930208	C4	60	127	
1815	231.740885	E3	52	54	1498	169.117708	E3	52	127	
1816	231.740885	C4	60	41	1499	169.117708	C4	60	127	
1817	231.962240	G3	55	56	1500	169.305208	G3	55	127	
1818	232.180990	G4	67	68	1502	169.492708	G4	67	127	
1819	232.204427	E4	64	51	1501	169.492708	E4	64	127	
1820	232.393229	C4	60	49	1503	169.680208	C4	60	127	
1821	232.649740	A4	69	60	1506	169.867708	A4	69	127	
1822	232.658854	F4	65	54	1505	169.867708	F4	65	127	
1823	232.712240	F3	53	33	1504	169.867708	F3	53	127	
1824	232.725260	E3	52	26	*	-1	*	-1	-1	
1825	232.901042	D4	62	53	1507	170.055208	D4	62	127	
1826	233.151042	D4	62	13	1508	170.242708	D4	62	127	
1827	233.372396	F4	65	52	1509	170.430208	F4	65	127	
1828	233.641927	F4	65	58	1512	170.617708	F4	65	127	
1829	233.644531	D4	62	45	1511	170.617708	D4	62	127	
1830	233.657552	G3	55	46	1510	170.617708	G3	55	127	
1831	233.891927	B3	59	56	1513	170.805208	B3	59	127	
1832	234.186198	B3	59	54	1514	170.992708	B3	59	127	
1833	234.535156	D4	62	49	1515	171.180208	D4	62	127	
1834	235.003906	C2	36	42	1516	171.367708	C2	36	127	
1835	235.054688	G2	43	63	*	-1	*	-1	-1	
1836	235.082031	D4	62	76	1518	171.367708	D4	62	127	
1837	235.084635	C3	48	67	1517	171.367708	C3	48	127	
1838	235.326823	C4	60	52	*	-1	*	-1	-1	
1839	235.473958	D4	62	52	*	-1	*	-1	-1	
1840	235.580729	C4	60	54	*	-1	*	-1	-1	
1841	235.651042	D4	62	65	*	-1	*	-1	-1	
1842	235.743490	C4	60	49	*	-1	*	-1	-1	
1843	235.779948	D4	62	80	*	-1	*	-1	-1	
1844	235.846354	C4	60	58	*	-1	*	-1	-1	
1845	235.907552	D4	62	78	*	-1	*	-1	-1	
1846	235.979167	C4	60	68	*	-1	*	-1	-1	
1847	236.036458	D4	62	66	*	-1	*	-1	-1	
1848	236.095052	C4	60	55	*	-1	*	-1	-1	
1849	236.158854	D4	62	69	*	-1	*	-1	-1	
1850	236.240885	C4	60	50	*	-1	*	-1	-1	
1851	236.316406	D4	62	58	*	-1	*	-1	-1	
1852	236.382812	C4	60	41	1519	171.994792	C4	60	127	
1853	236.442708	D4	62	64	*	-1	*	-1	-1	
1854	236.613281	D4	62	39	*	-1	*	-1	-1	
1855	236.669271	C4	60	50	*	-1	*	-1	-1	
1856	236.757812	D4	62	53	*	-1	*	-1	-1	
1857	236.848958	C4	60	36	*	-1	*	-1	-1	
1858	236.904948	D4	62	58	*	-1	*	-1	-1	
1859	237.005208	C4	60	42	*	-1	*	-1	-1	
1860	237.079427	D4	62	33	*	-1	*	-1	-1	
1861	237.170573	C4	60	33	*	-1	*	-1	-1	
1862	237.261719	D4	62	38	*	-1	*	-1	-1	
1863	237.496094	C4	60	45	*	-1	*	-1	-1	
*	-1	*	-1	-1	92	12.125000	G3	55	127	
*	-1	*	-1	-1	259	32.750000	D4	62	127	
*	-1	*	-1	-1	260	32.750000	F#4	66	127	
*	-1	*	-1	-1	741	87.956250	Bb4	70	127	
*	-1	*	-1	-1	776	90.206250	Bb4	70	127	
*	-1	*	-1	-1	934	104.518750	A2	45	127	
*	-1	*	-1	-1	936	104.518750	D5	74	127	
*	-1	*	-1	-1	1047	118.244792	D3	50	127	
*	-1	*	-1	-1	1057	119.023958	G3	55	127	
*	-1	*	-1	-1	1058	119.023958	A3	57	127	
*	-1	*	-1	-1	1059	119.023958	C4	60	127	
*	-1	*	-1	-1	1060	119.023958	Eb5	75	127	
*	-1	*	-1	-1	1061	119.868750	D3	50	127	
*	-1	*	-1	-1	1170	134.617708	G4	67	127	
*	-1	*	-1	-1	1253	142.773958	F5	77	127	
*	-1	*	-1	-1	1312	150.180208	G#3	56	127	
*	-1	*	-1	-1	1438	161.555208	G2	43	127	
*	-1	*	-1	-1	174	22.703125	B4	71	127	
*	-1	*	-1	-1	538	65.233333	G2	43	127	
*	-1	*	-1	-1	590	69.776042	G2	43	127	
*	-1	*	-1	-1	617	72.034375	A3	57	127	
*	-1	*	-1	-1	713	86.081250	Bb5	82	127	
*	-1	*	-1	-1	714	86.175000	G#5	80	127	
*	-1	*	-1	-1	749	88.425000	G#5	80	127	
*	-1	*	-1	-1	782	90.675000	G#5	80	127	
*	-1	*	-1	-1	785	90.956250	C4	60	127	
*	-1	*	-1	-1	786	90.956250	G#4	68	127	
*	-1	*	-1	-1	787	90.956250	C5	72	127	
*	-1	*	-1	-1	912	101.518750	F4	65	127	
*	-1	*	-1	-1	1040	116.822917	G4	67	127	
*	-1	*	-1	-1	1041	116.916667	F4	65	127	
*	-1	*	-1	-1	1254	142.867708	Eb5	75	127	
*	-1	*	-1	-1	1290	147.867708	D4	62	127	
*	-1	*	-1	-1	1334	152.430208	D3	50	127	
*	-1	*	-1	-1	1335	152.430208	G3	55	127	
*	-1	*	-1	-1	1344	153.218750	C3	48	127	
*	-1	*	-1	-1	1363	154.727083	C2	36	127	
*	-1	*	-1	-1	1395	157.555208	C5	72	127	
*	-1	*	-1	-1	1396	157.648958	D5	74	127	
