// alignID alignOntime alignSitch alignPitch alignOnvel refID refOntime refSitch refPitch refOnvel
0	1.043750	F#4	66	38	0	0.000000	F#4	66	64	
1	1.282292	Bb4	70	48	1	0.170455	Bb4	70	64	
2	1.485417	C#5	73	59	2	0.340909	C#5	73	64	
3	1.683333	Bb4	70	57	3	0.511364	Bb4	70	64	
4	1.879167	F#4	66	60	4	0.681818	F#4	66	64	
5	2.087500	C#5	73	63	5	0.852272	C#5	73	64	
6	2.278125	F#3	54	38	7	1.022727	F#3	54	64	
7	2.302083	Eb5	75	59	6	1.022727	Eb5	75	73	
8	2.422917	C#5	73	66	8	1.085227	C#5	73	50	
9	2.481250	Eb5	75	61	9	1.147727	Eb5	75	54	
10	2.526042	Bb3	58	40	10	1.193182	Bb3	58	64	
11	2.551042	C#5	73	71	11	1.210227	C#5	73	59	
12	2.586458	Eb5	75	58	12	1.272727	Eb5	75	63	
13	2.684375	C#5	73	73	13	1.335227	C#5	73	64	
14	2.750000	C#4	61	40	14	1.363636	C#4	61	64	
15	2.942708	Bb3	58	51	15	1.534091	Bb3	58	64	
16	3.138542	F#3	54	59	16	1.704545	F#3	54	64	
17	3.352083	Eb4	63	61	17	1.875000	Eb4	63	64	
18	3.567708	Eb4	63	58	18	2.045454	Eb4	63	64	
19	3.780208	Bb4	70	65	19	2.215909	Bb4	70	64	
20	3.997917	B4	71	71	20	2.386363	B4	71	64	
21	4.207292	C#4	61	56	21	2.556818	C#4	61	64	
22	4.408333	C#5	73	72	22	2.727272	C#5	73	64	
23	4.629167	Bb4	70	64	23	2.897727	Bb4	70	64	
24	4.851042	B3	59	51	24	3.068181	B3	59	64	
25	5.033333	Eb5	75	60	25	3.238636	Eb5	75	64	
26	5.259375	G#4	68	62	26	3.409090	G#4	68	64	
27	5.476042	Bb3	58	45	27	3.579545	Bb3	58	64	
28	5.668750	Bb4	70	58	28	3.749999	Bb4	70	64	
29	5.896875	F#4	66	59	29	3.920454	F#4	66	64	
30	6.125000	G#3	56	41	30	4.090908	G#3	56	64	
31	6.334375	B4	71	56	31	4.261363	B4	71	64	
32	6.563542	F4	65	49	32	4.431817	F4	65	64	
33	6.778125	F#3	54	46	33	4.602272	F#3	54	64	
34	6.985417	B4	71	50	34	4.772726	B4	71	64	
35	7.219792	Eb4	63	46	35	4.943181	Eb4	63	64	
36	7.430208	F3	53	40	36	5.113635	F3	53	64	
37	7.635417	B4	71	51	37	5.284090	B4	71	64	
38	7.846875	C#4	61	45	38	5.454544	C#4	61	64	
39	8.064583	F4	65	51	39	5.624999	F4	65	64	
40	8.068750	C#3	49	38	40	5.624999	C#3	49	64	
41	8.279167	G#4	68	62	41	5.795453	G#4	68	64	
42	8.481250	B4	71	56	42	5.965908	B4	71	64	
43	8.706250	Bb4	70	57	43	6.136362	Bb4	70	64	
44	8.710417	F#3	54	36	44	6.136362	F#3	54	64	
45	8.906250	F#4	66	59	45	6.306817	F#4	66	64	
46	9.123958	C5	72	68	46	6.477271	C5	72	64	
47	9.343750	G#3	56	52	47	6.647725	G#3	56	64	
48	9.548958	F#4	66	61	48	6.818180	F#4	66	64	
49	9.772917	C#5	73	70	49	6.988635	C#5	73	64	
50	9.991667	Bb3	58	59	50	7.159089	Bb3	58	64	
51	10.183333	F#4	66	66	51	7.329544	F#4	66	64	
52	10.230208	F4	65	47	*	-1	*	-1	-1	
53	10.428125	Eb5	75	71	52	7.499998	Eb5	75	64	
54	10.645833	C4	60	65	53	7.670453	C4	60	64	
55	10.859375	G#4	68	77	54	7.840907	G#4	68	64	
56	11.084375	F5	77	77	55	8.011361	F5	77	64	
57	11.300000	C#4	61	57	56	8.181816	C#4	61	64	
58	11.513542	G#5	80	66	57	8.352271	G#5	80	64	
59	11.761458	C#5	73	64	58	8.522725	C#5	73	64	
60	11.965625	G#3	56	49	59	8.693180	G#3	56	64	
61	12.193750	Eb5	75	60	60	8.863634	Eb5	75	64	
62	12.402083	C5	72	59	61	9.034089	C5	72	64	
63	12.596875	Bb3	58	40	63	9.204543	Bb3	58	64	
64	12.630208	C#5	73	52	62	9.204543	C#5	73	64	
65	12.839583	F5	77	64	64	9.374998	F5	77	64	
66	13.054167	C#5	73	61	65	9.545452	C#5	73	64	
67	13.258333	F3	53	36	67	9.715907	F3	53	64	
68	13.262500	C#5	73	55	66	9.715907	C#5	73	64	
69	13.508333	F5	77	54	68	9.886361	F5	77	64	
70	13.587500	Eb5	75	57	69	9.971588	Eb5	75	64	
71	13.728125	C#5	73	54	70	10.056816	C#5	73	64	
72	13.937500	F#3	54	38	71	10.227270	F#3	54	64	
73	14.159375	Bb5	82	52	72	10.397725	Bb5	82	64	
74	14.382292	C#5	73	56	73	10.568179	C#5	73	64	
75	14.591667	G#3	56	41	74	10.738634	G#3	56	64	
76	14.802083	Eb5	75	49	75	10.909088	Eb5	75	64	
77	15.021875	C5	72	54	76	11.079543	C5	72	64	
78	15.208333	C#3	49	39	78	11.249997	C#3	49	64	
79	15.256250	C#5	73	48	77	11.249997	C#5	73	64	
80	15.460417	F5	77	52	79	11.420452	F5	77	64	
81	15.654167	G#5	80	59	80	11.590906	G#5	80	64	
82	15.865625	F5	77	58	81	11.761361	F5	77	64	
83	16.062500	C#5	73	66	82	11.931815	C#5	73	64	
84	16.260417	G#5	80	61	83	12.102270	G#5	80	64	
85	16.468750	C#3	49	38	85	12.272724	C#3	49	64	
86	16.486458	Bb5	82	54	84	12.272724	F#5	78	72	
87	16.589583	G#5	80	62	86	12.335224	G#5	80	51	
88	16.654167	Bb5	82	60	87	12.397724	Bb5	82	53	
89	16.730208	F3	53	43	88	12.443179	F3	53	64	
90	16.730208	G#5	80	66	89	12.460224	G#5	80	56	
91	16.764583	Bb5	82	61	90	12.522724	Bb5	82	58	
92	16.851042	G#5	80	73	91	12.585224	G#5	80	61	
93	16.913542	G#3	56	47	92	12.613633	G#3	56	64	
94	17.106250	F3	53	48	95	12.784088	F3	53	64	
95	17.301042	C#3	49	46	96	12.954542	C#3	49	64	
96	17.507292	Bb3	58	58	97	13.124996	Bb3	58	64	
97	17.726042	Bb3	58	55	98	13.295451	Bb3	58	64	
98	17.931250	F5	77	68	99	13.465905	F5	77	64	
99	18.146875	F#5	78	63	100	13.636360	F#5	78	64	
100	18.353125	G#3	56	55	101	13.806815	G#3	56	64	
101	18.577083	G#5	80	64	102	13.977269	G#5	80	64	
102	18.787500	F5	77	68	103	14.147724	F5	77	64	
103	18.982292	F#3	54	59	104	14.318178	F#3	54	64	
104	19.191667	Bb5	82	62	105	14.488633	Bb5	82	64	
105	19.418750	Eb5	75	62	106	14.659087	Eb5	75	64	
106	19.627083	F3	53	58	107	14.829542	F3	53	64	
107	19.826042	F5	77	70	108	14.999996	F5	77	64	
108	20.055208	D5	74	63	109	15.170451	D5	74	64	
109	20.265625	Eb3	51	57	111	15.340905	Eb3	51	64	
110	20.269792	F#5	78	61	110	15.340905	F#5	78	64	
111	20.480208	Bb4	70	60	112	15.511360	Bb4	70	64	
112	20.696875	B4	71	68	113	15.681814	B4	71	64	
113	20.928125	C#3	49	56	114	15.852269	C#3	49	64	
114	21.108333	C#5	73	71	115	16.022723	C#5	73	64	
115	21.345833	Bb4	70	69	116	16.193178	Bb4	70	64	
116	21.571875	B2	47	63	117	16.363632	B2	47	64	
117	21.761458	Eb5	75	67	118	16.534087	Eb5	75	64	
118	21.990625	G#4	68	71	119	16.704541	G#4	68	64	
119	22.226042	Bb2	46	63	120	16.874996	Bb2	46	64	
120	22.422917	Bb4	70	71	121	17.045450	Bb4	70	64	
121	22.650000	F#4	66	67	122	17.215905	F#4	66	64	
122	22.881250	G#2	44	69	123	17.386359	G#2	44	64	
123	23.086458	B4	71	74	124	17.556814	B4	71	64	
124	23.340625	E4	64	69	125	17.727268	E4	64	64	
125	23.555208	F#2	42	73	126	17.897723	F#2	42	64	
126	23.740625	F#4	66	71	127	18.068177	F#4	66	64	
127	23.975000	Eb4	63	75	128	18.238632	Eb4	63	64	
128	24.242708	G#4	68	73	129	18.409086	G#4	68	64	
129	24.246875	F2	41	64	130	18.409086	F2	41	64	
130	24.481250	D4	62	75	131	18.579541	D4	62	64	
131	24.706250	Eb4	63	74	132	18.749995	Eb4	63	64	
132	24.946875	Eb3	51	77	133	18.920450	Eb3	51	64	
133	25.139583	D4	62	70	134	19.090904	D4	62	64	
134	25.372917	G#4	68	76	135	19.261359	G#4	68	64	
135	25.584375	D3	50	64	136	19.431813	D3	50	64	
136	25.818750	F4	65	69	137	19.602267	F4	65	64	
137	26.047917	B4	71	71	138	19.772722	B4	71	64	
138	26.254167	Bb2	46	57	139	19.943176	Bb2	46	64	
139	26.465625	G#4	68	65	140	20.113631	G#4	68	64	
140	26.703125	F5	77	67	141	20.284085	F5	77	64	
141	26.916667	Eb3	51	53	142	20.454540	Eb3	51	64	
142	27.156250	F4	65	51	143	20.624994	F4	65	64	
143	27.372917	F#4	66	59	144	20.795449	F#4	66	64	
144	27.573958	F#3	54	46	145	20.965903	F#3	54	64	
145	27.813542	Bb4	70	51	146	21.136358	Bb4	70	64	
146	28.041667	Eb5	75	52	147	21.306812	Eb5	75	64	
147	28.255208	G#3	56	45	148	21.477267	G#3	56	64	
148	28.465625	F4	65	50	149	21.647721	F4	65	64	
149	28.704167	G#4	68	53	150	21.818176	G#4	68	64	
150	28.922917	Bb3	58	40	151	21.988631	Bb3	58	64	
151	29.108333	Bb4	70	55	152	22.159085	Bb4	70	64	
152	29.333333	D5	74	56	153	22.329540	D5	74	64	
153	29.512500	Eb3	51	44	155	22.499994	Eb3	51	64	
154	29.573958	Eb5	75	53	156	22.562494	Eb5	75	50	
155	29.686458	F5	77	63	157	22.624994	F5	77	51	
156	29.770833	Eb5	75	58	159	22.687494	Eb5	75	52	
157	29.776042	F#3	54	40	158	22.670449	F#3	54	64	
158	29.828125	F5	77	60	160	22.749994	F5	77	52	
159	29.904167	Eb5	75	65	*	-1	*	-1	-1	
160	29.957292	F5	77	66	*	-1	*	-1	-1	
161	30.001042	Bb3	58	44	162	22.840903	Bb3	58	64	
162	30.039583	Eb5	75	60	*	-1	*	-1	-1	
163	30.197917	F#3	54	50	166	23.011358	F#3	54	64	
164	30.409375	Eb3	51	63	169	23.181812	Eb3	51	64	
165	30.622917	C4	60	61	173	23.352267	C4	60	80	
166	30.830208	C#4	61	59	180	23.647721	C#4	61	51	
167	30.895833	C4	60	57	182	23.710221	C4	60	52	
168	30.979167	C#4	61	74	183	23.772721	C#4	61	52	
169	31.035417	C4	60	61	184	23.835221	C4	60	53	
170	31.081250	F#5	78	64	181	23.693176	F#5	78	64	
171	31.117708	C#4	61	60	188	24.022721	C#4	61	56	
172	31.173958	C4	60	55	190	24.085221	C4	60	57	
173	31.280208	Bb5	82	68	185	23.863630	Bb5	82	64	
174	31.506250	F#5	78	70	194	24.272721	C#4	61	60	
175	31.715625	Eb5	75	75	192	24.204539	Eb5	75	64	
176	31.922917	A5	81	75	198	24.460221	C4	60	62	
177	32.132292	Bb5	82	72	200	24.545448	Bb5	82	72	
178	32.221875	A5	81	64	202	24.607948	A5	81	50	
179	32.279167	Bb5	82	75	203	24.670448	Bb5	82	51	
180	32.354167	A5	81	66	205	24.732948	A5	81	52	
181	32.382292	Eb4	63	63	204	24.715903	Eb4	63	64	
182	32.386458	Bb5	82	65	206	24.795448	Bb5	82	52	
183	32.454167	A5	81	66	207	24.857948	A5	81	53	
184	32.585417	F#4	66	62	208	24.886357	F#4	66	64	
185	32.784375	Eb4	63	59	212	25.056812	Eb4	63	64	
186	32.998958	C4	60	65	215	25.227266	C4	60	64	
187	33.226042	F#4	66	68	219	25.397721	F#4	66	64	
188	33.434375	F#4	66	65	223	25.568175	F#4	66	64	
189	33.656250	Bb5	82	74	*	-1	*	-1	-1	
190	33.659375	F4	65	55	226	25.738630	F4	65	64	
191	33.869792	C6	84	74	227	25.909084	C6	84	64	
192	33.885417	Eb4	63	61	228	25.909084	Eb4	63	64	
193	34.082292	F5	77	74	229	26.079539	F5	77	64	
194	34.090625	C#4	61	56	230	26.079539	C#4	61	64	
195	34.306250	Eb4	63	52	232	26.249993	Eb4	63	64	
196	34.306250	F#5	78	70	231	26.249993	F#5	78	64	
197	34.520833	Eb5	75	63	233	26.420448	Eb5	75	64	
198	34.545833	F4	65	42	234	26.420448	F4	65	64	
199	34.775000	Bb3	58	45	236	26.590902	Bb3	58	64	
200	34.775000	C#5	73	60	235	26.590902	C#5	73	64	
201	35.005208	F5	77	57	237	26.761357	F5	77	64	
202	35.218750	Bb4	70	56	238	26.931811	Bb4	70	64	
203	35.430208	F3	53	47	239	27.102266	F3	53	64	
204	35.636458	C5	72	64	240	27.272720	C5	72	64	
205	35.842708	A4	69	60	241	27.443175	A4	69	64	
206	36.035417	F#3	54	44	243	27.613629	F#3	54	64	
207	36.063542	Bb4	70	60	242	27.613629	Bb4	70	64	
208	36.275000	C#5	73	63	244	27.784084	C#5	73	64	
209	36.491667	Bb4	70	61	245	27.954538	Bb4	70	64	
210	36.705208	C#3	49	41	247	28.124993	C#3	49	64	
211	36.717708	Bb4	70	56	246	28.124993	Bb4	70	64	
212	36.940625	C#5	73	55	248	28.295447	C#5	73	64	
213	37.026042	C5	72	57	249	28.380674	C5	72	64	
214	37.153125	Bb4	70	52	250	28.465902	Bb4	70	64	
215	37.376042	Eb3	51	39	251	28.636356	Eb3	51	64	
216	37.591667	F#5	78	55	252	28.806811	F#5	78	64	
217	37.803125	Bb4	70	52	253	28.977265	Bb4	70	64	
218	38.011458	F3	53	42	254	29.147720	F3	53	64	
219	38.207292	C5	72	55	255	29.318174	C5	72	64	
220	38.442708	A4	69	44	256	29.488629	A4	69	64	
221	38.656250	Bb2	46	37	258	29.659083	Bb2	46	64	
222	38.671875	Bb4	70	51	257	29.659083	Bb4	70	64	
223	38.893750	C#5	73	59	259	29.829538	C#5	73	64	
224	39.089583	F5	77	54	260	29.999992	F5	77	64	
225	39.297917	C#5	73	56	261	30.170447	C#5	73	64	
226	39.507292	Bb4	70	63	262	30.340901	Bb4	70	64	
227	39.700000	G5	79	63	263	30.511356	G5	79	64	
228	39.882292	Eb3	51	44	265	30.681810	Eb3	51	64	
229	39.920833	G#5	80	63	264	30.681810	G#5	80	72	
230	40.021875	G5	79	62	266	30.744310	G5	79	50	
231	40.105208	G#5	80	70	267	30.806810	G#5	80	51	
232	40.123958	G3	55	39	268	30.852265	G3	55	64	
233	40.165625	G5	79	69	269	30.869310	G5	79	52	
234	40.218750	G#5	80	67	270	30.931810	G#5	80	52	
235	40.288542	G5	79	72	271	30.994310	G5	79	53	
236	40.304167	Bb3	58	53	272	31.022719	Bb3	58	64	
237	40.509375	G3	55	48	276	31.193174	G3	55	64	
238	40.713542	Eb3	51	57	279	31.363628	Eb3	51	64	
239	40.927083	C#4	61	62	283	31.534083	C#4	61	64	
240	41.139583	C#4	61	60	287	31.704537	C#4	61	64	
241	41.343750	Bb5	82	64	*	-1	*	-1	-1	
242	41.562500	Eb5	75	69	290	32.045446	Eb5	75	64	
243	41.795833	C#5	73	71	291	32.215901	C#5	73	64	
244	41.801042	G3	55	45	292	32.215901	G3	55	64	
245	42.015625	B4	71	64	293	32.386355	B4	71	64	
246	42.232292	Bb4	70	57	294	32.556809	Bb4	70	64	
247	42.423958	B4	71	53	295	32.727264	B4	71	64	
248	42.440625	G#3	56	43	296	32.727264	G#3	56	64	
249	42.645833	Eb5	75	55	297	32.897719	Eb5	75	64	
250	42.865625	G#4	68	60	298	33.068173	G#4	68	64	
251	43.093750	Eb3	51	46	299	33.238627	Eb3	51	64	
252	43.296875	Bb4	70	56	300	33.409082	Bb4	70	64	
253	43.507292	G4	67	53	301	33.579537	G4	67	64	
254	43.722917	E3	52	41	303	33.749991	E3	52	64	
255	43.733333	G#4	68	62	302	33.749991	G#4	68	64	
256	43.955208	B4	71	58	304	33.920445	B4	71	64	
257	44.163542	G#4	68	61	305	34.090900	G#4	68	64	
258	44.401042	B2	47	41	307	34.261355	B2	47	64	
259	44.406250	G#4	68	54	306	34.261355	G#4	68	64	
260	44.627083	B4	71	56	308	34.431809	B4	71	64	
261	44.718750	Bb4	70	59	309	34.517036	Bb4	70	64	
262	44.846875	G#4	68	56	310	34.602263	G#4	68	64	
263	45.073958	C#3	49	41	311	34.772718	C#3	49	64	
264	45.312500	E5	76	56	312	34.943173	E5	76	64	
265	45.536458	G#4	68	53	313	35.113627	G#4	68	64	
266	45.753125	Eb3	51	46	314	35.284081	Eb3	51	64	
267	45.961458	Bb4	70	52	315	35.454536	Bb4	70	64	
268	46.194792	G4	67	48	316	35.624991	G4	67	64	
269	46.398958	G#2	44	40	318	35.795445	G#2	44	64	
270	46.408333	G#4	68	46	317	35.795445	G#4	68	64	
271	46.606250	B4	71	49	319	35.965899	B4	71	64	
272	46.830208	Eb5	75	55	320	36.136354	Eb5	75	64	
273	47.044792	B4	71	59	321	36.306809	B4	71	64	
274	47.259375	G#4	68	65	322	36.477263	G#4	68	64	
275	47.468750	F5	77	69	323	36.647717	F5	77	64	
276	47.680208	C#3	49	37	325	36.818172	C#3	49	64	
277	47.689583	F#5	78	61	324	36.818172	F#5	78	72	
278	47.781250	F5	77	62	326	36.880672	F5	77	50	
279	47.863542	F#5	78	73	327	36.943172	F#5	78	51	
280	47.900000	F3	53	44	328	36.988627	F3	53	64	
281	47.929167	F5	77	69	329	37.005672	F5	77	52	
282	47.973958	F#5	78	66	330	37.068172	F#5	78	52	
283	48.053125	F5	77	74	331	37.130672	F5	77	53	
284	48.091667	G#3	56	55	332	37.159081	G#3	56	64	
285	48.293750	F3	53	54	336	37.329535	F3	53	64	
286	48.502083	C#3	49	60	339	37.499990	C#3	49	64	
287	48.733333	B3	59	60	343	37.670445	B3	59	64	
288	48.936458	B3	59	60	347	37.840899	B3	59	64	
289	49.137500	C#5	73	72	*	-1	*	-1	-1	
290	49.343750	F5	77	77	350	38.181808	F5	77	64	
291	49.567708	G#5	80	81	351	38.352263	G#5	80	64	
292	49.782292	G#3	56	55	353	38.522717	G#3	56	64	
293	49.782292	F5	77	85	352	38.522717	F5	77	64	
294	50.006250	B3	59	59	355	38.693172	B3	59	64	
295	50.006250	G#5	80	80	354	38.693172	G#5	80	64	
296	50.268750	B5	83	81	356	38.863626	B5	83	64	
297	50.305208	F4	65	53	357	38.863626	F4	65	64	
298	50.514583	G#4	68	59	358	39.034081	G#4	68	64	
299	50.721875	F4	65	55	359	39.204535	F4	65	64	
300	50.937500	C#4	61	56	360	39.374990	C#4	61	64	
301	51.134375	F4	65	62	361	39.545444	F4	65	64	
302	51.362500	C#4	61	55	362	39.715899	C#4	61	64	
303	51.584375	F#3	54	55	363	39.886353	F#3	54	64	
304	51.793750	G#5	80	70	364	40.056808	G#5	80	64	
305	52.033333	Bb5	82	67	365	40.227262	Bb5	82	64	
306	52.256250	B3	59	65	366	40.397717	B3	59	64	
307	52.459375	B5	83	75	367	40.568171	B5	83	64	
308	52.687500	G#5	80	77	368	40.738626	G#5	80	64	
309	52.915625	C4	60	65	369	40.909080	C4	60	64	
310	53.113542	F5	77	76	370	41.079535	F5	77	64	
311	53.358333	F#5	78	73	371	41.249989	F#5	78	64	
312	53.589583	C#4	61	55	372	41.420444	C#4	61	64	
313	53.793750	G#5	80	71	373	41.590898	G#5	80	64	
314	53.994792	F5	77	74	374	41.761353	F5	77	64	
315	54.228125	Eb3	51	54	376	41.931807	Eb3	51	64	
316	54.239583	F#5	78	64	375	41.931807	F#5	78	64	
317	54.486458	Bb4	70	72	377	42.102262	Bb4	70	64	
318	54.706250	B4	71	72	378	42.272716	B4	71	64	
319	54.953125	C#3	49	57	379	42.443171	C#3	49	64	
320	55.166667	C#5	73	74	380	42.613625	C#5	73	64	
321	55.388542	Bb4	70	72	381	42.784080	Bb4	70	64	
322	55.603125	B2	47	60	382	42.954534	B2	47	64	
323	55.830208	Eb5	75	66	383	43.124989	Eb5	75	64	
324	56.053125	G#4	68	65	384	43.295443	G#4	68	64	
325	56.258333	Bb2	46	50	385	43.465898	Bb2	46	64	
326	56.489583	Bb4	70	62	386	43.636352	Bb4	70	64	
327	56.712500	F#4	66	59	387	43.806807	F#4	66	64	
328	56.934375	G#2	44	57	388	43.977261	G#2	44	64	
329	57.148958	F4	65	58	389	44.147716	F4	65	64	
330	57.395833	B4	71	68	390	44.318170	B4	71	64	
331	57.622917	F#3	54	65	391	44.488625	F#3	54	64	
332	57.829167	G#4	68	75	392	44.659079	G#4	68	64	
333	58.045833	Eb5	75	72	393	44.829534	Eb5	75	64	
334	58.285417	F3	53	73	394	44.999988	F3	53	64	
335	58.500000	B4	71	80	395	45.170443	B4	71	64	
336	58.739583	G#5	80	79	396	45.340897	G#5	80	64	
337	58.979167	C#3	49	61	397	45.511352	C#3	49	64	
338	59.197917	F5	77	75	398	45.681806	F5	77	64	
339	59.436458	B4	71	72	399	45.852260	B4	71	64	
340	59.661458	F#3	54	54	400	46.022715	F#3	54	64	
341	59.859375	G#4	68	69	401	46.193170	G#4	68	64	
342	60.104167	C#5	73	69	402	46.363624	C#5	73	64	
343	60.329167	Bb2	46	38	403	46.534078	Bb2	46	64	
344	60.542708	Bb4	70	54	404	46.704533	Bb4	70	64	
345	60.773958	F#4	66	53	405	46.874988	F#4	66	64	
346	60.978125	B2	47	42	406	47.045442	B2	47	64	
347	61.211458	Eb4	63	52	407	47.215896	Eb4	63	64	
348	61.442708	B4	71	53	408	47.386351	B4	71	64	
349	61.662500	C#3	49	38	409	47.556806	C#3	49	64	
350	61.855208	G#4	68	53	410	47.727260	G#4	68	64	
351	62.096875	F4	65	37	411	47.897714	F4	65	64	
352	62.302083	F#2	42	33	413	48.068169	F#2	42	64	
353	62.319792	F#4	66	38	412	48.068169	F#4	66	64	
354	62.527083	Bb2	46	38	414	48.238624	Bb2	46	64	
355	62.751042	C#3	49	45	415	48.409078	C#3	49	64	
356	62.958333	Bb2	46	44	416	48.579532	Bb2	46	64	
357	63.160417	F#2	42	48	417	48.749987	F#2	42	64	
358	63.396875	Eb3	51	59	418	48.920442	Eb3	51	64	
359	63.631250	Eb3	51	55	419	49.090896	Eb3	51	64	
360	63.838542	Bb3	58	55	420	49.261351	Bb3	58	64	
361	64.056250	B3	59	62	421	49.431805	B3	59	64	
362	64.281250	C#3	49	53	422	49.602260	C#3	49	64	
363	64.469792	C#4	61	58	423	49.772714	C#4	61	64	
364	64.702083	Bb3	58	58	424	49.943169	Bb3	58	64	
365	64.948958	B2	47	46	425	50.113623	B2	47	64	
366	65.154167	Eb4	63	54	426	50.284078	Eb4	63	64	
367	65.391667	G#3	56	50	427	50.454532	G#3	56	64	
368	65.593750	Bb2	46	41	428	50.624987	Bb2	46	64	
369	65.823958	Bb3	58	47	429	50.795441	Bb3	58	64	
370	66.050000	F#3	54	50	430	50.965896	F#3	54	64	
371	66.267708	G#2	44	46	432	51.136350	G#2	44	64	
372	66.279167	B3	59	55	431	51.136350	B3	59	64	
373	66.494792	B2	47	50	433	51.306805	B2	47	64	
374	66.717708	Eb3	51	53	434	51.477259	Eb3	51	64	
375	66.912500	B2	47	51	435	51.647714	B2	47	64	
376	67.140625	G#2	44	60	436	51.818168	G#2	44	64	
377	67.360417	F3	53	68	437	51.988623	F3	53	64	
378	67.651042	C#2	37	60	438	52.159077	C#2	37	64	
379	67.919792	F4	65	54	439	52.329532	F4	65	64	
380	68.151042	G#4	68	57	440	52.499986	G#4	68	64	
381	68.376042	F4	65	52	441	52.670441	F4	65	64	
382	68.620833	B3	59	60	442	52.840895	B3	59	64	
383	68.855208	G#4	68	57	443	53.011350	G#4	68	64	
384	69.082292	A3	57	62	444	53.181804	A3	57	64	
385	69.304167	C#4	61	55	445	53.352259	C#4	61	64	
386	69.535417	F#4	66	58	446	53.522713	F#4	66	64	
387	69.742708	C#3	49	58	448	53.693168	C#3	49	64	
388	69.742708	B3	59	72	447	53.693168	B3	59	64	
389	69.969792	F4	65	58	449	53.863622	F4	65	64	
390	70.167708	G#4	68	63	450	54.034077	G#4	68	64	
391	70.388542	C#2	37	64	452	54.204531	C#2	37	64	
392	70.397917	C#4	61	68	451	54.204531	C#4	61	64	
393	70.614583	F#4	66	66	453	54.374986	F#4	66	64	
394	70.829167	A4	69	64	454	54.545440	A4	69	64	
395	71.066667	C#3	49	68	456	54.715895	C#3	49	64	
396	71.070833	D4	62	74	455	54.715895	D4	62	64	
397	71.295833	G#4	68	69	457	54.886349	G#4	68	64	
398	71.488542	B4	71	72	458	55.056804	B4	71	64	
399	71.750000	C#2	37	65	460	55.227258	C#2	37	64	
400	71.750000	F4	65	73	459	55.227258	F4	65	64	
401	71.987500	B4	71	71	461	55.397713	B4	71	64	
402	72.200000	D5	74	69	462	55.568167	D5	74	64	
403	72.429167	F3	53	76	463	55.738622	F3	53	64	
404	72.644792	B4	71	80	464	55.909076	B4	71	64	
405	72.886458	F5	77	84	465	56.079531	F5	77	64	
406	73.105208	G#3	56	73	466	56.249985	G#3	56	64	
407	73.311458	D5	74	82	467	56.420440	D5	74	64	
408	73.547917	G#5	80	80	468	56.590894	G#5	80	64	
409	73.775000	C#4	61	62	469	56.761349	C#4	61	64	
410	73.995833	F5	77	75	470	56.931803	F5	77	64	
411	74.267708	B5	83	57	471	57.102258	B5	83	64	
412	74.575000	F#3	54	32	473	57.272712	F#3	54	64	
413	74.582292	Bb5	82	42	472	57.272712	Bb5	82	64	
414	74.796875	C#5	73	57	474	57.443167	C#5	73	64	
415	75.023958	F#5	78	55	475	57.613621	F#5	78	64	
416	75.264583	C#3	49	38	476	57.784076	C#3	49	64	
417	75.455208	G#5	80	55	477	57.954530	G#5	80	64	
418	75.666667	F5	77	56	478	58.124985	F5	77	64	
419	75.881250	Eb3	51	39	480	58.295439	Eb3	51	64	
420	75.885417	F#5	78	58	479	58.295439	F#5	78	64	
421	76.103125	Bb4	70	56	481	58.465893	Bb4	70	64	
422	76.307292	F#5	78	58	482	58.636348	F#5	78	64	
423	76.545833	Bb2	46	38	484	58.806803	Bb2	46	64	
424	76.553125	F#5	78	49	483	58.806803	F#5	78	64	
425	76.778125	Bb5	82	48	485	58.977257	Bb5	82	64	
426	76.879167	G#5	80	54	486	59.062484	G#5	80	64	
427	76.985417	F#5	78	49	487	59.147711	F#5	78	64	
428	77.226042	B2	47	43	488	59.318166	B2	47	64	
429	77.468750	G#4	68	54	489	59.488621	G#4	68	64	
430	77.728125	F#5	78	58	490	59.663039	F#5	78	64	
431	77.959375	C#3	49	28	491	59.845966	C#3	49	64	
432	78.175000	G#5	80	51	492	60.033466	G#5	80	64	
433	78.407292	F5	77	47	493	60.233466	F5	77	64	
434	78.667708	F#2	42	41	495	60.444733	F#2	42	64	
435	78.675000	F#5	78	28	494	60.444733	F#5	78	64	
436	78.932292	C#5	73	47	496	60.668614	C#5	73	64	
437	79.256250	Bb4	70	45	497	60.918614	Bb4	70	64	
438	79.757292	F#4	66	42	498	61.218614	F#4	66	64	
*	-1	*	-1	-1	93	12.647724	Bb5	82	63	
*	-1	*	-1	-1	94	12.710224	G#5	80	89	
*	-1	*	-1	-1	154	22.499994	F5	77	72	
*	-1	*	-1	-1	165	22.999994	F5	77	56	
*	-1	*	-1	-1	167	23.062494	Eb5	75	57	
*	-1	*	-1	-1	168	23.124994	F5	77	58	
*	-1	*	-1	-1	170	23.187494	Eb5	75	59	
*	-1	*	-1	-1	171	23.249994	F5	77	60	
*	-1	*	-1	-1	172	23.312494	Eb5	75	61	
*	-1	*	-1	-1	174	23.374994	F5	77	61	
*	-1	*	-1	-1	175	23.437494	Eb5	75	62	
*	-1	*	-1	-1	176	23.499994	F5	77	63	
*	-1	*	-1	-1	177	23.522721	C#4	61	72	
*	-1	*	-1	-1	178	23.562494	Eb5	75	64	
*	-1	*	-1	-1	179	23.585221	C4	60	50	
*	-1	*	-1	-1	186	23.897721	C#4	61	54	
*	-1	*	-1	-1	187	23.960221	C4	60	55	
*	-1	*	-1	-1	189	24.034085	F#5	78	64	
*	-1	*	-1	-1	196	24.374994	A5	81	64	
*	-1	*	-1	-1	220	25.420448	Bb5	82	61	
*	-1	*	-1	-1	222	25.545448	Bb5	82	63	
*	-1	*	-1	-1	224	25.607948	A5	81	64	
*	-1	*	-1	-1	274	31.119310	G5	79	55	
*	-1	*	-1	-1	275	31.181810	G#5	80	56	
*	-1	*	-1	-1	284	31.556810	G#5	80	61	
*	-1	*	-1	-1	285	31.619310	G5	79	62	
*	-1	*	-1	-1	286	31.681810	G#5	80	63	
*	-1	*	-1	-1	288	31.744310	G5	79	64	
*	-1	*	-1	-1	333	37.193172	F#5	78	54	
*	-1	*	-1	-1	334	37.255672	F5	77	55	
*	-1	*	-1	-1	342	37.630672	F5	77	61	
*	-1	*	-1	-1	344	37.693172	F#5	78	61	
*	-1	*	-1	-1	345	37.755672	F5	77	62	
*	-1	*	-1	-1	346	37.818172	F#5	78	63	
*	-1	*	-1	-1	348	37.880672	F5	77	64	
*	-1	*	-1	-1	161	22.812494	Eb5	75	53	
*	-1	*	-1	-1	163	22.874994	F5	77	54	
*	-1	*	-1	-1	164	22.937494	Eb5	75	55	
*	-1	*	-1	-1	191	24.147721	C#4	61	58	
*	-1	*	-1	-1	193	24.210221	C4	60	59	
*	-1	*	-1	-1	195	24.335221	C4	60	61	
*	-1	*	-1	-1	197	24.397721	C#4	61	61	
*	-1	*	-1	-1	199	24.522721	C#4	61	63	
*	-1	*	-1	-1	201	24.585221	C4	60	64	
*	-1	*	-1	-1	209	24.920448	Bb5	82	54	
*	-1	*	-1	-1	210	24.982948	A5	81	55	
*	-1	*	-1	-1	211	25.045448	Bb5	82	56	
*	-1	*	-1	-1	213	25.107948	A5	81	57	
*	-1	*	-1	-1	214	25.170448	Bb5	82	58	
*	-1	*	-1	-1	216	25.232948	A5	81	59	
*	-1	*	-1	-1	217	25.295448	Bb5	82	60	
*	-1	*	-1	-1	218	25.357948	A5	81	61	
*	-1	*	-1	-1	221	25.482948	A5	81	62	
*	-1	*	-1	-1	225	25.738630	Bb5	82	64	
*	-1	*	-1	-1	273	31.056810	G#5	80	54	
*	-1	*	-1	-1	277	31.244310	G5	79	57	
*	-1	*	-1	-1	278	31.306810	G#5	80	58	
*	-1	*	-1	-1	280	31.369310	G5	79	59	
*	-1	*	-1	-1	281	31.431810	G#5	80	60	
*	-1	*	-1	-1	282	31.494310	G5	79	61	
*	-1	*	-1	-1	289	31.874992	Bb5	82	64	
*	-1	*	-1	-1	335	37.318172	F#5	78	56	
*	-1	*	-1	-1	337	37.380672	F5	77	57	
*	-1	*	-1	-1	338	37.443172	F#5	78	58	
*	-1	*	-1	-1	340	37.505672	F5	77	59	
*	-1	*	-1	-1	341	37.568172	F#5	78	60	
*	-1	*	-1	-1	349	38.011353	C#5	73	64	
