// alignID alignOntime alignSitch alignPitch alignOnvel refID refOntime refSitch refPitch refOnvel
0	0.902083	F3	53	31	0	0.294271	F3	53	127	
1	1.541667	G#5	80	59	1	0.588542	G#5	80	127	
2	1.975000	C6	84	45	2	0.882812	C6	84	127	
3	2.352083	G#5	80	65	3	1.177083	G#5	80	127	
4	2.701042	F5	77	71	5	1.471354	F5	77	127	
5	2.738542	F3	53	29	4	1.471354	F3	53	127	
6	3.036458	C5	72	70	6	1.765625	C5	72	127	
7	3.358333	C#5	73	73	7	2.059896	C#5	73	127	
8	3.696875	G#4	68	76	8	2.354167	G#4	68	127	
9	4.068750	Bb4	70	60	12	2.648438	Bb4	70	127	
10	4.103125	F4	65	42	11	2.648438	F4	65	127	
11	4.105208	Bb3	58	41	10	2.648438	Bb3	58	127	
12	4.114583	G3	55	37	9	2.648438	G3	55	127	
13	4.545833	G5	79	66	13	2.942708	G5	79	127	
14	4.919792	Bb5	82	56	14	3.236979	Bb5	82	127	
15	5.260417	G5	79	69	15	3.531250	G5	79	127	
16	5.600000	E5	76	68	19	3.825521	E5	76	127	
17	5.622917	Bb3	58	36	17	3.825521	Bb3	58	127	
18	5.623958	G3	55	38	18	3.825521	G3	55	127	
19	5.625000	E4	64	37	16	3.825521	E4	64	127	
20	5.940625	C5	72	57	20	4.119792	C5	72	127	
21	6.255208	C#5	73	69	21	4.414062	C#5	73	127	
22	6.576042	Bb4	70	72	22	4.708333	Bb4	70	127	
23	6.920833	C5	72	71	26	5.002604	C5	72	127	
24	6.930208	F4	65	42	24	5.002604	F4	65	127	
25	6.931250	G#3	56	43	23	5.002604	G#3	56	127	
26	6.932292	C4	60	39	25	5.002604	C4	60	127	
27	7.264583	F5	77	79	27	5.296875	F5	77	127	
28	7.594792	G#5	80	85	28	5.591146	G#5	80	127	
29	7.914583	F5	77	78	29	5.885417	F5	77	127	
30	8.245833	C5	72	68	32	6.179688	C5	72	127	
31	8.254167	C4	60	47	30	6.179688	C4	60	127	
32	8.258333	G#3	56	49	31	6.179688	G#3	56	127	
33	8.565625	G#4	68	70	33	6.473958	G#4	68	127	
34	8.890625	F4	65	60	34	6.768229	F4	65	127	
35	9.195833	C4	60	57	35	7.062500	C4	60	127	
36	9.565625	C#5	73	71	38	7.356771	C#5	73	127	
37	9.582292	C#4	61	50	36	7.356771	C#4	61	127	
38	9.602083	Bb3	58	43	37	7.356771	Bb3	58	127	
39	9.927083	E4	64	56	39	7.651042	E4	64	127	
40	10.242708	F4	65	55	42	7.945312	F4	65	127	
41	10.269792	C4	60	39	41	7.945312	C4	60	127	
42	10.275000	G#3	56	44	40	7.945312	G#3	56	127	
43	10.587500	C5	72	70	43	8.239583	C5	72	127	
44	10.911458	G3	55	48	44	8.533854	G3	55	127	
45	10.925000	G4	67	55	46	8.533854	G4	67	127	
46	11.276042	Bb4	70	69	47	8.828125	Bb4	70	127	
47	11.612500	G#4	68	66	51	9.122396	G#4	68	127	
48	11.633333	C3	48	37	49	9.122396	C3	48	127	
49	11.634375	F4	65	49	50	9.122396	F4	65	127	
50	11.636458	C4	60	41	48	9.122396	C4	60	127	
51	11.977083	G4	67	61	52	9.416667	G4	67	127	
52	12.005208	E4	64	49	53	9.416667	E4	64	127	
53	12.373958	G#4	68	56	56	9.710938	G#4	68	127	
54	12.381250	F3	53	39	54	9.710938	F3	53	127	
55	12.385417	F4	65	34	55	9.710938	F4	65	127	
56	12.723958	F4	65	56	57	10.005208	F4	65	127	
57	12.728125	F2	41	30	*	-1	*	-1	-1	
58	13.070833	G#4	68	70	58	10.299479	G#4	68	127	
59	13.357292	F4	65	65	59	10.593750	F4	65	127	
60	13.677083	C#4	61	74	60	10.888021	C#4	61	127	
61	13.987500	Bb3	58	71	61	11.182292	Bb3	58	127	
62	14.321875	G3	55	54	62	11.476562	G3	55	127	
63	14.321875	E5	76	74	63	11.476562	E5	76	127	
64	14.555208	F5	77	76	64	11.671875	F5	77	127	
65	14.661458	E4	64	60	65	11.769531	E4	64	127	
66	14.765625	G5	79	74	66	11.867188	G5	79	127	
67	14.993750	G5	79	69	68	12.062500	G5	79	127	
68	15.061458	G#3	56	48	67	12.062500	G#3	56	127	
69	15.062500	F5	77	66	69	12.062500	F5	77	127	
70	15.360417	E5	76	65	70	12.257812	E5	76	127	
71	15.464583	F4	65	44	71	12.355469	F4	65	127	
72	15.586458	F5	77	66	72	12.453125	F5	77	127	
73	15.785417	G#4	68	60	73	12.648438	G#4	68	127	
74	16.081250	F4	65	60	74	12.941406	F4	65	127	
75	16.096875	F2	41	31	*	-1	*	-1	-1	
76	16.389583	C#4	61	71	75	13.235677	C#4	61	127	
77	16.677083	Bb3	58	71	76	13.529948	Bb3	58	127	
78	16.982292	E5	76	83	78	13.824219	E5	76	127	
79	16.983333	G3	55	60	77	13.824219	G3	55	127	
80	17.192708	F5	77	82	79	14.019531	F5	77	127	
81	17.285417	E4	64	58	80	14.117188	E4	64	127	
82	17.393750	G5	79	77	81	14.214844	G5	79	127	
83	17.594792	G5	79	74	83	14.410156	G5	79	127	
84	17.638542	G#3	56	50	82	14.410156	G#3	56	127	
85	17.646875	F5	77	71	84	14.410156	F5	77	127	
86	17.938542	E5	76	69	85	14.605469	E5	76	127	
87	18.039583	F4	65	49	86	14.703125	F4	65	127	
88	18.157292	F5	77	71	87	14.800781	F5	77	127	
89	18.375000	G#4	68	59	88	14.996094	G#4	68	127	
90	18.384375	C4	60	22	*	-1	*	-1	-1	
91	18.650000	F4	65	45	89	15.289062	F4	65	127	
92	18.998958	D4	62	48	90	15.583333	D4	62	127	
93	19.302083	F4	65	46	91	15.877604	F4	65	127	
94	19.630208	D5	74	54	93	16.171875	D5	74	127	
95	19.639583	G3	55	50	92	16.171875	G3	55	127	
96	19.880208	Eb5	75	57	94	16.367188	Eb5	75	127	
97	19.972917	B3	59	53	95	16.464844	B3	59	127	
98	20.086458	F5	77	71	96	16.562500	F5	77	127	
99	20.282292	F5	77	63	98	16.757812	F5	77	127	
100	20.344792	C3	48	43	97	16.757812	C3	48	127	
101	20.346875	Eb5	75	63	99	16.757812	Eb5	75	127	
102	20.607292	D5	74	53	100	16.953125	D5	74	127	
103	20.696875	C4	60	48	101	17.050781	C4	60	127	
104	20.822917	C5	72	63	102	17.148438	C5	72	127	
105	21.042708	Eb4	63	55	103	17.345052	Eb4	63	127	
106	21.331250	C4	60	59	104	17.638021	C4	60	127	
107	21.650000	G#3	56	63	105	17.932292	G#3	56	127	
108	21.938542	C4	60	59	106	18.226562	C4	60	127	
109	22.266667	D3	50	46	107	18.520833	D3	50	127	
110	22.273958	B4	71	60	108	18.520833	B4	71	127	
111	22.487500	C5	72	68	109	18.716146	C5	72	127	
112	22.587500	B3	59	56	110	18.813802	B3	59	127	
113	22.667708	D5	74	71	111	18.911458	D5	74	127	
114	22.837500	D5	74	70	113	19.106771	D5	74	127	
115	22.906250	C5	72	72	114	19.106771	C5	72	127	
116	22.907292	Eb3	51	46	112	19.106771	Eb3	51	127	
117	23.145833	B4	71	66	115	19.302083	B4	71	127	
118	23.234375	C4	60	56	116	19.399740	C4	60	127	
119	23.358333	C5	72	73	117	19.497396	C5	72	127	
120	23.551042	Eb4	63	67	118	19.692708	Eb4	63	127	
121	23.872917	C4	60	61	119	19.985677	C4	60	127	
122	24.197917	G#3	56	58	120	20.279948	G#3	56	127	
123	24.504167	C4	60	59	121	20.574219	C4	60	127	
124	24.833333	B4	71	69	123	20.868490	B4	71	127	
125	24.850000	D3	50	45	122	20.868490	D3	50	127	
126	25.041667	C5	72	79	124	21.063802	C5	72	127	
127	25.133333	B3	59	56	125	21.161458	B3	59	127	
128	25.225000	D5	74	74	126	21.259115	D5	74	127	
129	25.490625	G5	79	74	128	21.454427	G5	79	127	
130	25.500000	Eb3	51	44	127	21.454427	Eb3	51	127	
131	25.816667	F5	77	78	129	21.748698	F5	77	127	
132	26.238542	C4	60	47	130	22.042969	C4	60	127	
133	26.242708	G5	79	65	131	22.042969	G5	79	127	
134	26.405208	F5	77	73	132	22.042969	F5	77	127	
135	26.565625	Eb5	75	66	133	22.337240	Eb5	75	127	
136	26.916667	F3	53	43	134	22.631510	F3	53	127	
137	26.935417	F5	77	72	135	22.631510	F5	77	127	
138	27.082292	Eb5	75	66	136	22.631510	Eb5	75	127	
139	27.247917	D5	74	65	137	22.925781	D5	74	127	
140	27.609375	G#3	56	48	138	23.220052	G#3	56	127	
141	27.614583	C4	60	42	139	23.220052	C4	60	127	
142	27.615625	Eb5	75	56	141	23.220052	Eb5	75	127	
143	27.764583	D5	74	60	140	23.220052	D5	74	127	
144	27.933333	C5	72	59	142	23.514323	C5	72	127	
145	28.268750	G3	55	55	143	23.808594	G3	55	127	
146	28.273958	B4	71	59	144	23.808594	B4	71	127	
147	28.594792	F4	65	67	145	24.102865	F4	65	127	
148	28.956250	G#4	68	76	146	24.397135	G#4	68	127	
149	29.322917	F4	65	57	147	24.691406	F4	65	127	
150	29.594792	D4	62	67	148	24.985677	D4	62	127	
151	29.869792	F4	65	71	149	25.279948	F4	65	127	
152	30.055208	D5	74	74	*	-1	*	-1	-1	
153	30.145833	C5	72	80	152	25.574219	C5	72	127	
154	30.196875	G#3	56	59	150	25.574219	G#3	56	127	
155	30.223958	D5	74	71	151	25.574219	D5	74	127	
156	30.321875	C5	72	75	*	-1	*	-1	-1	
157	30.379167	D5	74	73	*	-1	*	-1	-1	
158	30.473958	C5	72	79	*	-1	*	-1	-1	
159	30.484375	F4	65	49	*	-1	*	-1	-1	
160	30.584375	B4	71	75	153	25.769531	B4	71	127	
161	30.701042	C5	72	85	154	25.867188	F4	65	127	
162	30.748958	G3	55	56	156	26.160156	G3	55	127	
163	30.837500	C5	72	75	155	25.964844	C5	72	127	
164	31.009375	D5	74	83	157	26.160156	C5	72	127	
165	31.134375	F4	65	51	158	26.454427	F4	65	127	
166	31.404167	G#4	68	68	159	26.748698	G#4	68	127	
167	31.709375	F4	65	62	161	27.042969	F4	65	127	
168	31.990625	D4	62	75	162	27.337240	D4	62	127	
169	32.280208	F4	65	74	163	27.631510	F4	65	127	
170	32.433333	D5	74	75	*	-1	*	-1	-1	
171	32.546875	C5	72	81	*	-1	*	-1	-1	
172	32.613542	G#3	56	59	164	27.925781	G#3	56	127	
173	32.640625	D5	74	69	166	27.925781	D5	74	127	
174	32.739583	C5	72	75	165	27.925781	C5	72	127	
175	32.807292	D5	74	68	*	-1	*	-1	-1	
176	32.896875	C5	72	72	*	-1	*	-1	-1	
177	32.904167	F4	65	58	*	-1	*	-1	-1	
178	33.005208	B4	71	75	167	28.121094	B4	71	127	
179	33.107292	C5	72	90	168	28.218750	F4	65	127	
180	33.175000	G3	55	60	170	28.511719	G3	55	127	
181	33.244792	C5	72	75	169	28.316406	C5	72	127	
182	33.410417	D5	74	74	171	28.511719	C5	72	127	
183	33.565625	F4	65	59	172	28.805990	F4	65	127	
184	33.876042	G#4	68	71	173	29.100260	G#4	68	127	
185	34.186458	F4	65	61	175	29.394531	F4	65	127	
186	34.467708	D4	62	68	176	29.688802	D4	62	127	
187	34.766667	F4	65	69	177	29.983073	F4	65	127	
188	35.089583	G3	55	58	178	30.277344	G#3	56	127	
189	35.094792	D5	74	76	179	30.277344	D5	74	127	
190	35.331250	Eb5	75	77	180	30.472656	Eb5	75	127	
191	35.435417	B3	59	60	181	30.570312	B3	59	127	
192	35.551042	F5	77	82	182	30.667969	F5	77	127	
193	35.727083	F5	77	79	184	30.863281	F5	77	127	
194	35.823958	Eb5	75	77	185	30.863281	Eb5	75	127	
195	35.834375	C3	48	44	183	30.863281	C3	48	127	
196	36.063542	D5	74	71	186	31.058594	D5	74	127	
197	36.169792	C4	60	56	187	31.156250	C4	60	127	
198	36.277083	C5	72	80	188	31.253906	C5	72	127	
199	36.467708	Eb4	63	67	189	31.450521	Eb4	63	127	
200	36.750000	C4	60	64	190	31.743490	C4	60	127	
201	37.040625	G#3	56	65	191	32.037760	G#3	56	127	
202	37.333333	C4	60	62	192	32.332031	C4	60	127	
203	37.635417	D5	74	62	194	32.626302	D5	74	127	
204	37.646875	F3	53	48	193	32.626302	F3	53	127	
205	37.853125	Eb5	75	66	195	32.821615	Eb5	75	127	
206	37.937500	G#3	56	55	196	32.919271	G#3	56	127	
207	38.056250	F5	77	72	197	33.016927	F5	77	127	
208	38.328125	G4	67	68	199	33.213542	G4	67	127	
209	38.333333	G1	31	42	198	33.213542	G1	31	127	
210	38.683333	F5	77	80	200	33.507812	F5	77	127	
211	39.003125	Eb5	75	79	201	33.802083	Eb5	75	127	
212	39.333333	C5	72	76	202	34.096354	C5	72	127	
213	39.703125	F5	77	73	204	34.390625	F5	77	127	
214	39.712500	G1	31	43	203	34.390625	G1	31	127	
215	40.128125	D5	74	59	205	34.684896	D5	74	127	
216	40.482292	C5	72	61	206	34.979167	C5	72	127	
217	40.863542	B4	71	54	207	35.273438	B4	71	127	
218	41.294792	C3	48	59	208	35.567708	C3	48	127	
219	41.296875	C5	72	58	209	35.567708	B4	71	127	
220	41.797917	Eb3	51	45	210	35.861979	Eb3	51	127	
221	42.128125	F3	53	42	211	36.156250	F3	53	127	
222	42.463542	G3	55	52	213	36.450521	G3	55	127	
223	42.765625	G#3	56	67	214	36.744792	G#3	56	127	
224	43.082292	B3	59	66	215	37.039062	B3	59	127	
225	43.380208	B3	59	67	216	37.333333	B3	59	127	
226	43.381250	D5	74	69	217	37.333333	D5	74	127	
227	43.704167	Eb5	75	74	219	37.627604	Eb5	75	127	
228	43.706250	C4	60	61	218	37.627604	C4	60	127	
229	44.073958	D3	50	72	220	37.921875	D3	50	127	
230	44.177083	F5	77	79	221	37.921875	F5	77	127	
231	44.451042	Eb5	75	73	222	38.117188	Eb5	75	127	
232	44.551042	F3	53	60	223	38.214844	F3	53	127	
233	44.685417	D5	74	72	224	38.312500	D5	74	127	
234	44.870833	G3	55	65	225	38.507812	G3	55	127	
235	45.176042	G#3	56	76	226	38.800781	G#3	56	127	
236	45.485417	B3	59	70	227	39.095052	B3	59	127	
237	45.805208	C4	60	65	228	39.389323	C4	60	127	
238	46.122917	C4	60	64	229	39.683594	C4	60	127	
239	46.123958	Eb5	75	73	230	39.683594	Eb5	75	127	
240	46.432292	F5	77	85	232	39.977865	F5	77	127	
241	46.452083	D4	62	68	231	39.977865	D4	62	127	
242	46.761458	Eb3	51	76	233	40.272135	Eb3	51	127	
243	46.867708	G5	79	83	234	40.272135	G5	79	127	
244	47.118750	F5	77	87	235	40.467448	F5	77	127	
245	47.177083	G3	55	72	236	40.565104	G3	55	127	
246	47.317708	Eb5	75	80	237	40.662760	Eb5	75	127	
247	47.469792	G#3	56	78	238	40.858073	G#3	56	127	
248	47.777083	B3	59	77	239	41.151042	B3	59	127	
249	48.058333	C4	60	76	240	41.445312	B3	59	127	
250	48.359375	D4	62	77	241	41.739583	C4	60	127	
251	48.666667	D4	62	79	242	42.033854	D4	62	127	
252	48.666667	F5	77	88	243	42.033854	F5	77	127	
253	48.962500	Eb4	63	82	244	42.328125	Eb4	63	127	
254	48.963542	G5	79	84	245	42.328125	G5	79	127	
255	49.284375	F3	53	80	246	42.622396	F3	53	127	
256	49.385417	G#5	80	86	247	42.622396	G#5	80	127	
257	49.567708	G5	79	85	248	42.725260	G5	79	127	
258	49.676042	G#3	56	78	250	42.916667	G#3	56	127	
259	49.732292	F5	77	86	249	42.828125	F5	77	127	
260	49.973958	B3	59	82	251	43.210938	B3	59	127	
261	50.290625	C4	60	79	252	43.505208	C4	60	127	
262	50.589583	D4	62	81	253	43.799479	D4	62	127	
263	50.895833	Eb5	75	79	255	44.093750	Eb5	75	127	
264	50.902083	Eb4	63	82	254	44.093750	Eb4	63	127	
265	51.212500	D5	74	83	257	44.388021	D5	74	127	
266	51.216667	Eb4	63	79	256	44.388021	Eb4	63	127	
267	51.535417	C5	72	90	259	44.682292	C5	72	127	
268	51.537500	F4	65	80	258	44.682292	F4	65	127	
269	51.925000	B4	71	81	262	44.976562	B4	71	127	
270	51.933333	G4	67	87	261	44.976562	G4	67	127	
271	51.961458	G3	55	73	260	44.976562	G3	55	127	
272	52.316667	F5	77	93	263	45.270833	F5	77	127	
273	52.630208	D5	74	90	264	45.565104	D5	74	127	
274	52.938542	B4	71	85	265	45.859375	B4	71	127	
275	53.275000	F5	77	90	268	46.153646	F5	77	127	
276	53.276042	G#4	68	88	267	46.153646	G#4	68	127	
277	53.281250	G3	55	70	266	46.153646	G3	55	127	
278	53.620833	Eb5	75	79	269	46.447917	Eb5	75	127	
279	53.629167	G4	67	51	*	-1	*	-1	-1	
280	53.953125	D5	74	75	270	46.742188	D5	74	127	
281	54.291667	C5	72	76	271	47.036458	C5	72	127	
282	54.654167	B4	71	61	274	47.330729	B4	71	127	
283	54.655208	G3	55	48	273	47.330729	G3	55	127	
284	54.662500	G4	67	53	272	47.330729	G4	67	127	
285	55.029167	F5	77	70	275	47.625000	F5	77	127	
286	55.376042	D5	74	49	276	47.919271	D5	74	127	
287	55.764583	B4	71	50	277	48.213542	B4	71	127	
288	55.771875	G4	67	30	*	-1	*	-1	-1	
289	56.221875	F#5	78	61	280	48.507812	F#5	78	127	
290	56.237500	G3	55	33	279	48.507812	G3	55	127	
291	56.245833	A4	69	33	278	48.507812	A4	69	127	
292	56.734375	Eb5	75	53	281	48.802083	Eb5	75	127	
293	57.129167	D5	74	53	282	49.096354	D5	74	127	
294	57.504167	C5	72	51	283	49.390625	C5	72	127	
295	57.833333	G3	55	39	284	49.684896	G3	55	127	
296	58.000000	C5	72	51	285	49.684896	C5	72	127	
297	58.254167	D5	74	50	288	50.273438	D5	74	127	
298	58.407292	F4	65	48	289	50.567708	F4	65	127	
299	58.878125	G#4	68	46	*	-1	*	-1	-1	
300	59.255208	F4	65	40	*	-1	*	-1	-1	
301	59.587500	D4	62	40	290	50.861979	D4	62	127	
302	59.885417	F4	65	43	291	51.156250	F4	65	127	
303	60.197917	D5	74	61	293	51.450521	D5	74	127	
304	60.233333	G3	55	45	292	51.450521	G#3	56	127	
305	60.415625	Eb5	75	68	294	51.645833	Eb5	75	127	
306	60.509375	B3	59	48	295	51.743490	B3	59	127	
307	60.610417	F5	77	76	296	51.841146	F5	77	127	
308	60.813542	F5	77	64	298	52.036458	F5	77	127	
309	60.875000	Eb5	75	65	299	52.036458	Eb5	75	127	
310	60.889583	C3	48	41	297	52.036458	C3	48	127	
311	61.145833	D5	74	57	300	52.231771	D5	74	127	
312	61.251042	C4	60	42	301	52.329427	C4	60	127	
313	61.376042	C5	72	61	302	52.427083	C5	72	127	
314	61.578125	Eb4	63	49	303	52.623698	Eb4	63	127	
315	61.895833	C4	60	46	304	52.916667	C4	60	127	
316	62.212500	G#3	56	53	305	53.210938	G#3	56	127	
317	62.488542	C4	60	51	306	53.505208	C4	60	127	
318	62.813542	D5	74	59	308	53.799479	D5	74	127	
319	62.820833	F3	53	40	307	53.799479	F3	53	127	
320	63.035417	Eb5	75	64	309	53.994792	Eb5	75	127	
321	63.117708	G#3	56	54	310	54.092448	G#3	56	127	
322	63.217708	F5	77	69	311	54.190104	F5	77	127	
323	63.463542	G4	67	70	313	54.386719	G4	67	127	
324	63.471875	G1	31	44	312	54.386719	G1	31	127	
325	63.812500	F5	77	78	*	-1	*	-1	-1	
326	63.826042	G2	43	39	*	-1	*	-1	-1	
327	63.836458	G1	31	38	*	-1	*	-1	-1	
328	64.123958	Eb5	75	72	315	54.975260	Eb5	75	127	
329	64.428125	C5	72	73	316	55.269531	C5	72	127	
330	64.765625	F5	77	74	318	55.563802	F5	77	127	
331	64.789583	G1	31	44	317	55.563802	G1	31	127	
332	65.123958	D5	74	57	319	55.858073	D5	74	127	
333	65.459375	C5	72	63	320	56.152344	C5	72	127	
334	65.779167	B4	71	54	321	56.446615	B4	71	127	
335	66.117708	C5	72	56	323	56.740885	C5	72	127	
336	66.136458	C3	48	44	322	56.740885	C3	48	127	
337	66.140625	C4	60	42	*	-1	*	-1	-1	
338	66.463542	E3	52	59	324	57.035156	E3	52	127	
339	66.805208	G3	55	65	325	57.329427	G3	55	127	
340	67.125000	Bb3	58	63	326	57.623698	Bb3	58	127	
341	67.425000	C#4	61	56	327	57.917969	C#4	61	127	
342	67.725000	F4	65	54	328	58.212240	F4	65	127	
343	68.067708	G5	79	66	330	58.506510	G5	79	127	
344	68.107292	E4	64	47	329	58.506510	E4	64	127	
345	68.313542	G#5	80	68	331	58.701823	G#5	80	127	
346	68.425000	C4	60	40	332	58.799479	C4	60	127	
347	68.515625	Bb5	82	66	333	58.897135	Bb5	82	127	
348	68.737500	Bb5	82	57	336	59.092448	Bb5	82	127	
349	68.810417	G#5	80	69	335	59.092448	G#5	80	127	
350	68.813542	F3	53	36	334	59.092448	F3	53	127	
351	69.084375	G5	79	62	337	59.287760	G5	79	127	
352	69.193750	G#3	56	47	338	59.385417	G#3	56	127	
353	69.312500	F5	77	62	339	59.483073	F5	77	127	
354	69.541667	C4	60	43	340	59.678385	C4	60	127	
355	69.842708	F4	65	45	341	59.971354	F4	65	127	
356	70.141667	G#4	68	56	342	60.265625	G#4	68	127	
357	70.441667	C5	72	53	343	60.559896	C5	72	127	
358	70.764583	D5	74	55	345	60.854167	D5	74	127	
359	70.773958	B4	71	52	344	60.854167	B4	71	127	
360	70.978125	Eb5	75	66	346	61.049479	Eb5	75	127	
361	71.104167	G4	67	54	347	61.147135	G4	67	127	
362	71.167708	F5	77	68	348	61.244792	F5	77	127	
363	71.327083	F5	77	66	350	61.440104	F5	77	127	
364	71.395833	Eb5	75	71	351	61.440104	Eb5	75	127	
365	71.400000	C5	72	60	*	-1	*	-1	-1	
366	71.587500	D5	74	65	352	61.635417	D5	74	127	
367	71.771875	Eb5	75	69	353	61.830729	Eb5	75	127	
368	71.943750	G5	79	60	357	62.026042	G5	79	127	
369	72.011458	F4	65	49	*	-1	*	-1	-1	
370	72.015625	F5	77	64	356	62.026042	F5	77	127	
371	72.202083	Eb5	75	65	358	62.221354	Eb5	75	127	
372	72.373958	D5	74	62	359	62.416667	D5	74	127	
373	72.593750	C5	72	59	362	62.611979	C5	72	127	
374	72.626042	Eb4	63	41	360	62.611979	Eb4	63	127	
375	72.635417	G3	55	39	361	62.611979	G3	55	127	
376	73.103125	C5	72	66	363	63.200521	D4	62	127	
377	73.187500	B4	71	60	365	63.298177	B4	71	127	
378	73.269792	C5	72	70	366	63.395833	C5	72	127	
379	73.341667	D4	62	48	*	-1	*	-1	-1	
380	73.347917	G3	55	45	364	63.200521	G3	55	127	
381	73.425000	C5	72	59	*	-1	*	-1	-1	
382	73.500000	B4	71	56	367	63.493490	B4	71	127	
383	73.973958	C3	48	43	370	63.786458	C3	48	127	
384	73.985417	C5	72	50	371	63.786458	D5	74	127	
385	74.312500	E3	52	50	372	64.080729	E3	52	127	
386	74.639583	G3	55	52	373	64.375000	G3	55	127	
387	74.954167	Bb3	58	52	375	64.669271	Bb3	58	127	
388	75.242708	C#4	61	55	376	64.963542	C#4	61	127	
389	75.547917	F4	65	52	377	65.257812	F4	65	127	
390	75.855208	G5	79	63	379	65.552083	G5	79	127	
391	75.872917	E4	64	48	378	65.552083	E4	64	127	
392	76.084375	G#5	80	69	380	65.747396	G#5	80	127	
393	76.193750	C4	60	45	381	65.845052	C4	60	127	
394	76.282292	Bb5	82	51	382	65.942708	Bb5	82	127	
395	76.473958	Bb5	82	50	385	66.138021	Bb5	82	127	
396	76.544792	F3	53	46	383	66.138021	F3	53	127	
397	76.544792	G#5	80	68	384	66.138021	G#5	80	127	
398	76.794792	G5	79	63	386	66.333333	G5	79	127	
399	76.893750	G#3	56	51	387	66.430990	G#3	56	127	
400	77.009375	F5	77	67	388	66.528646	F5	77	127	
401	77.201042	C4	60	49	389	66.723958	C4	60	127	
402	77.513542	F4	65	48	390	67.016927	F4	65	127	
403	77.795833	G#4	68	60	391	67.311198	G#4	68	127	
404	78.083333	C5	72	54	392	67.605469	C5	72	127	
405	78.376042	D5	74	60	394	67.899740	D5	74	127	
406	78.384375	B4	71	53	393	67.899740	B4	71	127	
407	78.603125	Eb5	75	66	395	68.095052	Eb5	75	127	
408	78.685417	G4	67	60	396	68.192708	G4	67	127	
409	78.771875	F5	77	76	397	68.290365	F5	77	127	
410	78.935417	F5	77	76	400	68.485677	F5	77	127	
411	79.003125	Eb5	75	73	399	68.485677	Eb5	75	127	
412	79.004167	C5	72	62	398	68.485677	C5	72	127	
413	79.192708	D5	74	68	401	68.680990	D5	74	127	
414	79.365625	Eb5	75	75	402	68.876302	Eb5	75	127	
415	79.552083	G5	79	68	405	69.071615	G5	79	127	
416	79.602083	F4	65	50	*	-1	*	-1	-1	
417	79.629167	F5	77	73	406	69.071615	F5	77	127	
418	79.826042	Eb5	75	73	407	69.266927	Eb5	75	127	
419	80.015625	D5	74	70	408	69.462240	D5	74	127	
420	80.243750	G3	55	45	410	69.657552	G3	55	127	
421	80.245833	C5	72	62	411	69.657552	C5	72	127	
422	80.247917	Eb4	63	50	409	69.657552	Eb4	63	127	
423	80.947917	B4	71	63	414	70.343750	B4	71	127	
424	80.969792	D4	62	45	412	70.246094	D4	62	127	
425	80.984375	G3	55	39	413	70.246094	G3	55	127	
426	81.014583	C5	72	73	415	70.441406	C5	72	127	
427	81.110417	B4	71	62	416	70.539062	B4	71	127	
428	81.198958	C5	72	65	417	70.636719	C5	72	127	
429	81.337500	B4	71	52	418	70.734375	B4	71	127	
430	81.822917	C6	84	80	422	70.832031	C6	84	127	
431	81.848958	C5	72	57	421	70.832031	C5	72	127	
432	81.863542	G#3	56	45	420	70.832031	G#3	56	127	
433	81.867708	C4	60	41	419	70.832031	C4	60	127	
434	82.744792	G#5	80	64	425	71.420573	G#5	80	127	
435	82.748958	F4	65	39	424	71.420573	F4	65	127	
436	82.751042	F3	53	35	423	71.420573	F3	53	127	
437	82.766667	C4	60	22	*	-1	*	-1	-1	
438	82.968750	G5	79	59	426	71.615885	G5	79	127	
439	83.156250	F5	77	66	427	71.811198	F5	77	127	
440	83.347917	Eb5	75	63	430	72.006510	Eb5	75	127	
441	83.375000	G3	55	38	429	72.006510	G3	55	127	
442	83.375000	Eb4	63	43	428	72.006510	Eb4	63	127	
443	83.379167	C4	60	24	*	-1	*	-1	-1	
444	83.541667	D5	74	61	431	72.201823	D5	74	127	
445	83.742708	C5	72	67	432	72.397135	C5	72	127	
446	83.932292	B4	71	59	435	72.592448	B4	71	127	
447	83.954167	D4	62	49	434	72.592448	D4	62	127	
448	83.963542	G3	55	37	433	72.592448	G3	55	127	
449	84.115625	C5	72	67	436	72.787760	C5	72	127	
450	84.294792	D5	74	68	437	72.983073	D5	74	127	
451	84.579167	C6	84	77	441	73.178385	C6	84	127	
452	84.582292	D6	86	59	*	-1	*	-1	-1	
453	84.605208	C4	60	35	439	73.178385	C4	60	127	
454	84.610417	G#3	56	41	438	73.178385	G#3	56	127	
455	85.372917	G#5	80	67	444	73.766927	G#5	80	127	
456	85.410417	G#3	56	28	*	-1	*	-1	-1	
457	85.414583	F3	53	35	442	73.766927	F3	53	127	
458	85.414583	F4	65	42	443	73.766927	F4	65	127	
459	85.576042	G5	79	62	445	73.962240	G5	79	127	
460	85.780208	F5	77	68	446	74.157552	F5	77	127	
461	85.980208	G3	55	48	448	74.352865	G3	55	127	
462	85.980208	Eb5	75	64	449	74.352865	Eb5	75	127	
463	85.992708	Eb4	63	48	447	74.352865	Eb4	63	127	
464	86.181250	D5	74	63	450	74.548177	D5	74	127	
465	86.364583	C5	72	66	451	74.743490	C5	72	127	
466	86.566667	B4	71	62	454	74.938802	B4	71	127	
467	86.567708	D4	62	50	453	74.938802	D4	62	127	
468	86.584375	G3	55	42	452	74.938802	G3	55	127	
469	86.742708	C5	72	72	455	75.134115	C5	72	127	
470	86.921875	D5	74	69	456	75.329427	D5	74	127	
471	87.253125	C6	84	76	460	75.524740	C6	84	127	
472	87.276042	C5	72	55	459	75.524740	C5	72	127	
473	87.300000	C4	60	39	458	75.524740	C4	60	127	
474	87.306250	G#3	56	45	457	75.524740	G#3	56	127	
475	87.957292	Bb5	82	65	462	76.113281	Bb5	82	127	
476	88.004167	G#5	80	78	463	76.113281	G#5	80	127	
477	88.005208	G#3	56	32	*	-1	*	-1	-1	
478	88.008333	F4	65	44	*	-1	*	-1	-1	
479	88.013542	C4	60	30	*	-1	*	-1	-1	
480	88.014583	F3	53	39	461	76.113281	F3	53	127	
481	88.243750	G5	79	62	464	76.308594	G5	79	127	
482	88.433333	F5	77	66	465	76.503906	F5	77	127	
483	88.613542	F5	77	68	467	76.699219	F5	77	127	
484	88.664583	Eb5	75	64	468	76.699219	Eb5	75	127	
485	88.671875	C4	60	29	*	-1	*	-1	-1	
486	88.675000	Eb4	63	42	*	-1	*	-1	-1	
487	88.676042	G3	55	42	466	76.699219	G3	55	127	
488	88.880208	D5	74	60	469	76.894531	D5	74	127	
489	89.087500	C5	72	64	470	77.089844	C5	72	127	
490	89.338542	B4	71	52	472	77.285156	B4	71	127	
491	89.354167	D4	62	40	*	-1	*	-1	-1	
492	89.359375	G3	55	37	471	77.285156	G2	43	127	
493	89.363542	C4	60	28	*	-1	*	-1	-1	
494	89.602083	C5	72	62	473	77.480469	C5	72	127	
495	89.837500	D5	74	54	474	77.675781	D5	74	127	
496	90.042708	C5	72	64	*	-1	*	-1	-1	
497	90.225000	D5	74	64	476	77.871094	D5	74	127	
498	90.398958	C5	72	66	477	77.944010	C5	72	127	
499	90.425000	C4	60	43	*	-1	*	-1	-1	
500	90.435417	C3	48	40	480	79.045573	C3	48	127	
501	90.566667	D5	74	56	478	78.016927	D5	74	127	
502	90.677083	C5	72	66	479	78.089844	C5	72	127	
503	90.765625	D5	74	60	*	-1	*	-1	-1	
504	90.854167	C5	72	59	*	-1	*	-1	-1	
505	90.914583	D5	74	62	*	-1	*	-1	-1	
506	91.005208	C5	72	60	*	-1	*	-1	-1	
507	91.062500	D5	74	50	*	-1	*	-1	-1	
508	91.145833	C5	72	62	*	-1	*	-1	-1	
509	91.204167	D5	74	56	*	-1	*	-1	-1	
510	91.305208	C5	72	56	*	-1	*	-1	-1	
511	94.110417	C3	48	55	*	-1	*	-1	-1	
512	94.535417	E3	52	67	481	79.339844	E3	52	127	
513	94.879167	G3	55	80	482	79.634115	G3	55	127	
514	95.180208	C4	60	84	483	79.928385	C4	60	127	
515	95.472917	E4	64	79	484	80.222656	E4	64	127	
516	95.753125	G4	67	84	485	80.516927	G4	67	127	
517	96.034375	G4	67	84	486	80.811198	G4	67	127	
518	96.237500	G#4	68	83	487	81.006510	G#4	68	127	
519	96.411458	Bb4	70	81	488	81.201823	Bb4	70	127	
520	96.594792	G#4	68	78	489	81.397135	G#4	68	127	
521	96.766667	G4	67	77	490	81.592448	G4	67	127	
522	96.928125	F4	65	70	491	81.787760	F4	65	127	
523	97.144792	G#5	80	78	493	81.983073	G#5	80	127	
524	97.148958	F4	65	58	492	81.983073	F4	65	127	
525	97.461458	G5	79	77	494	82.277344	G5	79	127	
526	97.750000	G#5	80	75	497	82.571615	G#5	80	127	
527	97.766667	Eb4	63	52	495	82.571615	Eb4	63	127	
528	97.905208	G5	79	76	496	82.571615	G5	79	127	
529	98.051042	F5	77	76	498	82.865885	F5	77	127	
530	98.322917	G5	79	77	500	83.160156	G5	79	127	
531	98.354167	C#4	61	62	499	83.160156	C#4	61	127	
532	98.391667	F5	77	67	501	83.257812	F5	77	127	
533	98.462500	G5	79	73	502	83.355469	G5	79	127	
534	98.545833	F5	77	71	503	83.453125	F5	77	127	
535	98.605208	G5	79	51	*	-1	*	-1	-1	
536	98.719792	E5	76	79	504	83.550781	E5	76	127	
537	98.827083	F5	77	86	505	83.648438	F5	77	127	
538	98.995833	F5	77	71	507	83.746094	F5	77	127	
539	99.030208	C3	48	52	506	83.746094	C3	48	127	
540	99.152083	G5	79	83	*	-1	*	-1	-1	
541	99.390625	E3	52	61	508	84.040365	E3	52	127	
542	99.708333	G3	55	77	509	84.334635	G3	55	127	
543	99.995833	C4	60	79	511	84.628906	C4	60	127	
544	100.282292	E4	64	79	512	84.923177	E4	64	127	
545	100.562500	G4	67	88	513	85.217448	G4	67	127	
546	100.843750	G4	67	80	514	85.511719	G4	67	127	
547	101.050000	G#4	68	78	515	85.707031	G#4	68	127	
548	101.228125	Bb4	70	77	516	85.902344	Bb4	70	127	
549	101.410417	G#4	68	79	517	86.097656	G#4	68	127	
550	101.576042	G4	67	78	518	86.292969	G4	67	127	
551	101.734375	F4	65	75	519	86.488281	F4	65	127	
552	101.933333	G#5	80	89	521	86.683594	G#5	80	127	
553	101.945833	F4	65	76	520	86.683594	F4	65	127	
554	102.244792	G5	79	90	522	86.977865	G5	79	127	
555	102.556250	G#5	80	87	525	87.272135	G#5	80	127	
556	102.565625	C4	60	41	*	-1	*	-1	-1	
557	102.565625	Eb4	63	66	523	87.272135	Eb4	63	127	
558	102.695833	G5	79	87	524	87.272135	G5	79	127	
559	102.852083	F5	77	87	526	87.566406	F5	77	127	
560	103.160417	G5	79	84	*	-1	*	-1	-1	
561	103.164583	C#4	61	66	527	87.860677	C#4	61	127	
562	103.294792	F5	77	80	528	87.860677	F5	77	127	
563	103.453125	Eb5	75	80	529	88.154948	Eb5	75	127	
564	103.764583	C4	60	54	530	88.449219	C4	60	127	
565	103.764583	Eb5	75	74	531	88.449219	Eb5	75	127	
566	104.077083	C#5	73	79	532	88.743490	C#5	73	127	
567	104.370833	C#5	73	73	534	89.037760	C#5	73	127	
568	104.375000	G#3	56	55	533	89.037760	G#3	56	127	
569	104.672917	C5	72	73	535	89.332031	C5	72	127	
570	104.983333	C#5	73	71	537	89.626302	C#5	73	127	
571	104.995833	Bb3	58	48	536	89.626302	Bb3	58	127	
572	105.277083	C5	72	68	538	89.920573	C5	72	127	
573	105.593750	C5	72	66	540	90.214844	C5	72	127	
574	105.617708	Eb3	51	39	539	90.214844	Eb3	51	127	
575	105.885417	Bb4	70	68	541	90.509115	Bb4	70	127	
576	106.219792	G#3	56	75	542	90.803385	G#3	56	127	
577	106.313542	C5	72	60	543	90.803385	C5	72	127	
578	106.544792	Bb4	70	58	544	90.998698	Bb4	70	127	
579	106.634375	C4	60	52	545	91.096354	C4	60	127	
580	106.764583	G#4	68	67	546	91.194010	G#4	68	127	
581	106.933333	C#4	61	67	547	91.389323	C#4	61	127	
582	107.204167	Eb4	63	70	548	91.682292	Eb4	63	127	
583	107.479167	F4	65	70	549	91.976562	F4	65	127	
584	107.763542	G4	67	81	550	92.270833	G4	67	127	
585	108.055208	C5	72	82	552	92.565104	C5	72	127	
586	108.062500	G4	67	67	551	92.565104	G4	67	127	
587	108.258333	C#5	73	82	553	92.760417	C#5	73	127	
588	108.353125	G#4	68	77	554	92.858073	G#4	68	127	
589	108.443750	Eb5	75	78	555	92.955729	Eb5	75	127	
590	108.593750	Eb5	75	71	558	93.152344	Eb5	75	127	
591	108.675000	C#5	73	76	557	93.152344	C#5	73	127	
592	108.723958	Eb3	51	58	556	93.152344	Eb3	51	127	
593	108.920833	C5	72	72	559	93.347656	C5	72	127	
594	108.995833	G3	55	61	560	93.445312	G3	55	127	
595	109.108333	Bb4	70	71	561	93.542969	Bb4	70	127	
596	109.265625	G#3	56	70	562	93.738281	G#3	56	127	
597	109.540625	Bb3	58	76	563	94.031250	Bb3	58	127	
598	109.821875	C4	60	68	564	94.325521	C4	60	127	
599	110.084375	C#4	61	72	565	94.619792	C#4	61	127	
600	110.384375	C#4	61	68	566	94.914062	C#4	61	127	
601	110.385417	Bb4	70	74	567	94.914062	Bb4	70	127	
602	110.572917	C5	72	79	568	95.109375	C5	72	127	
603	110.672917	Eb4	63	62	569	95.207031	Eb4	63	127	
604	110.744792	C#5	73	82	570	95.304688	C#5	73	127	
605	110.894792	C#5	73	74	573	95.501302	C#5	73	127	
606	110.979167	C5	72	78	572	95.501302	C5	72	127	
607	110.983333	G#3	56	67	571	95.501302	G#3	56	127	
608	111.204167	Bb4	70	72	574	95.696615	Bb4	70	127	
609	111.244792	C4	60	57	575	95.794271	C4	60	127	
610	111.412500	G#4	68	73	576	95.891927	G#4	68	127	
611	111.521875	C#4	61	66	577	96.087240	C#4	61	127	
612	111.792708	Eb4	63	74	578	96.380208	Eb4	63	127	
613	112.063542	F4	65	73	579	96.674479	F4	65	127	
614	112.369792	G4	67	80	580	96.968750	G4	67	127	
615	112.735417	C5	72	63	582	97.263021	C5	72	127	
616	112.739583	G4	67	58	581	97.263021	G4	67	127	
617	112.964583	C#5	73	70	583	97.458333	C#5	73	127	
618	113.041667	G#4	68	63	584	97.555990	G#4	68	127	
619	113.144792	Eb5	75	68	585	97.653646	Eb5	75	127	
620	113.306250	Eb5	75	64	588	97.850260	Eb5	75	127	
621	113.375000	C#5	73	66	587	97.850260	C#5	73	127	
622	113.398958	Eb3	51	53	586	97.850260	Eb3	51	127	
623	113.581250	C5	72	63	589	98.045573	C5	72	127	
624	113.687500	G3	55	49	590	98.143229	G3	55	127	
625	113.776042	Bb4	70	66	591	98.240885	Bb4	70	127	
626	113.961458	G#3	56	62	592	98.436198	G#3	56	127	
627	114.234375	Bb3	58	63	593	98.729167	Bb3	58	127	
628	114.525000	C4	60	61	594	99.023438	C4	60	127	
629	114.812500	C#4	61	64	595	99.317708	C#4	61	127	
630	115.129167	C#4	61	56	596	99.611979	C#4	61	127	
631	115.134375	Bb4	70	62	597	99.611979	Bb4	70	127	
632	115.328125	C5	72	68	598	99.807292	C5	72	127	
633	115.441667	Eb4	63	55	599	99.904948	Eb4	63	127	
634	115.506250	C#5	73	77	600	100.002604	C#5	73	127	
635	115.672917	C#5	73	75	602	100.199219	C#5	73	127	
636	115.738542	C5	72	79	603	100.199219	C5	72	127	
637	115.750000	G#3	56	57	601	100.199219	G#3	56	127	
638	115.962500	Bb4	70	71	604	100.394531	Bb4	70	127	
639	116.135417	G#4	68	79	605	100.589844	G#4	68	127	
640	116.411458	Eb5	75	85	608	100.785156	Eb5	75	127	
641	116.443750	C4	60	40	*	-1	*	-1	-1	
642	116.445833	G#3	56	52	606	100.785156	G#3	56	127	
643	116.446875	Eb4	63	47	607	100.785156	Eb4	63	127	
644	116.763542	C#5	73	91	609	101.079427	C#5	73	127	
645	117.123958	C#5	73	89	613	101.373698	C#5	73	127	
646	117.154167	Eb5	75	69	612	101.373698	Eb5	75	127	
647	117.169792	Eb4	63	49	610	101.373698	Eb4	63	127	
648	117.178125	F#3	54	39	611	101.373698	G#3	56	127	
649	117.513542	C5	72	86	614	101.667969	C5	72	127	
650	117.886458	C5	72	79	617	101.962240	C5	72	127	
651	117.888542	Eb5	75	69	618	101.962240	Eb5	75	127	
652	117.894792	Eb4	63	52	615	101.962240	Eb4	63	127	
653	117.912500	F#3	54	42	616	101.962240	F#3	54	127	
654	118.287500	Bb4	70	76	619	102.256510	Bb4	70	127	
655	118.751042	F3	53	31	620	102.550781	F3	53	127	
656	118.790625	Eb5	75	62	621	102.550781	Eb5	75	127	
657	118.792708	Bb4	70	59	622	102.550781	Bb4	70	127	
658	119.235417	A4	69	45	*	-1	*	-1	-1	
659	119.239583	F2	41	26	*	-1	*	-1	-1	
660	119.357292	Eb4	63	46	623	102.845052	Eb4	63	127	
661	119.769792	F#4	66	42	624	103.139323	F#4	66	127	
662	119.782292	C4	60	21	*	-1	*	-1	-1	
663	120.084375	Eb4	63	44	626	103.433594	Eb4	63	127	
664	120.384375	C4	60	46	627	103.727865	C4	60	127	
665	120.672917	Eb4	63	56	628	104.022135	Eb4	63	127	
666	120.983333	Eb5	75	67	630	104.316406	Eb5	75	127	
667	120.992708	Bb4	70	66	*	-1	*	-1	-1	
668	121.016667	F#3	54	47	629	104.316406	F#3	54	127	
669	121.061458	C5	72	67	631	104.316406	C5	72	127	
670	121.138542	Bb4	70	72	632	104.414062	Bb4	70	127	
671	121.201042	C5	72	59	633	104.511719	C5	72	127	
672	121.287500	Bb4	70	69	635	104.609375	Bb4	70	127	
673	121.331250	Eb4	63	49	634	104.609375	Eb4	63	127	
674	121.391667	A4	69	77	636	104.707031	A4	69	127	
675	121.505208	Bb4	70	88	637	104.804688	Bb4	70	127	
676	121.708333	F3	53	50	638	104.902344	F3	53	127	
677	121.735417	Bb4	70	71	640	104.902344	Bb4	70	127	
678	121.921875	C5	72	72	639	104.902344	Eb5	75	127	
679	122.150000	Eb4	63	47	641	105.196615	Eb4	63	127	
680	122.155208	C4	60	25	*	-1	*	-1	-1	
681	122.468750	F#4	66	46	642	105.490885	F#4	66	127	
682	122.473958	C4	60	24	*	-1	*	-1	-1	
683	122.756250	Eb4	63	54	644	105.785156	Eb4	63	127	
684	123.044792	C4	60	60	645	106.079427	C4	60	127	
685	123.327083	Eb4	63	71	646	106.373698	Eb4	63	127	
686	123.625000	Eb5	75	69	649	106.667969	Eb5	75	127	
687	123.643750	Bb4	70	70	650	106.765625	Bb4	70	127	
688	123.645833	F#3	54	60	647	106.667969	F#3	54	127	
689	123.727083	C5	72	73	651	106.863281	C5	72	127	
690	123.803125	Bb4	70	68	*	-1	*	-1	-1	
691	123.925000	Eb4	63	59	652	106.960938	Eb4	63	127	
692	123.971875	A4	69	74	653	106.960938	Bb4	70	127	
693	124.094792	Bb4	70	82	654	107.058594	A4	69	127	
694	124.261458	F3	53	55	656	107.253906	F3	53	127	
695	124.294792	Bb4	70	80	655	107.156250	Bb4	70	127	
696	124.483333	C5	72	82	658	107.253906	Bb4	70	127	
697	124.666667	Eb4	63	68	659	107.548177	Eb4	63	127	
698	124.984375	F#4	66	70	660	107.842448	F#4	66	127	
699	125.279167	Eb4	63	70	662	108.136719	Eb4	63	127	
700	125.550000	C4	60	72	663	108.430990	C4	60	127	
701	125.831250	Eb4	63	76	664	108.725260	Eb4	63	127	
702	126.148958	C5	72	81	666	109.019531	C5	72	127	
703	126.155208	F3	53	56	665	109.019531	F3	53	127	
704	126.346875	C#5	73	87	667	109.214844	C#5	73	127	
705	126.497917	A3	57	67	668	109.312500	A3	57	127	
706	126.526042	Eb5	75	80	669	109.410156	Eb5	75	127	
707	126.685417	Eb5	75	79	672	109.605469	Eb5	75	127	
708	126.789583	C#5	73	87	671	109.605469	C#5	73	127	
709	126.832292	Bb3	58	61	670	109.605469	Bb2	46	127	
710	126.994792	C5	72	84	673	109.800781	C5	72	127	
711	127.161458	Bb4	70	89	674	109.996094	Bb4	70	127	
712	127.385417	Bb5	82	87	677	110.191406	Bb5	82	127	
713	127.396875	Bb3	58	57	675	110.191406	Bb3	58	127	
714	127.404167	C#3	49	54	676	110.191406	C#3	49	127	
715	127.693750	F5	77	86	678	110.485677	F5	77	127	
716	128.001042	F5	77	87	681	110.779948	F5	77	127	
717	128.016667	Bb3	58	67	679	110.779948	Bb3	58	127	
718	128.019792	C4	60	53	*	-1	*	-1	-1	
719	128.027083	C3	48	48	680	110.779948	C3	48	127	
720	128.312500	E5	76	92	682	111.074219	E5	76	127	
721	128.614583	G5	79	81	685	111.368490	G5	79	127	
722	128.635417	C4	60	59	684	111.368490	C4	60	127	
723	128.641667	Bb3	58	47	*	-1	*	-1	-1	
724	128.646875	E3	52	52	683	111.368490	E3	52	127	
725	128.915625	Bb4	70	88	686	111.662760	Bb4	70	127	
726	129.260417	G#4	68	80	689	111.957031	G#4	68	127	
727	129.264583	F3	53	53	688	111.957031	F3	53	127	
728	129.264583	C4	60	53	687	111.957031	C4	60	127	
729	129.475000	G4	67	86	690	112.152344	G4	67	127	
730	129.644792	F4	65	81	691	112.347656	F4	65	127	
731	129.834375	C6	84	91	694	112.542969	C6	84	127	
732	129.836458	F4	65	69	692	112.542969	F4	65	127	
733	129.869792	G#3	56	64	693	112.542969	G#3	56	127	
734	130.123958	G#5	80	90	695	112.837240	G#5	80	127	
735	130.428125	Bb5	82	76	698	113.131510	Bb5	82	127	
736	130.433333	F4	65	65	696	113.131510	F4	65	127	
737	130.440625	Bb3	58	62	697	113.131510	Bb3	58	127	
738	130.582292	G#5	80	86	699	113.131510	G#5	80	127	
739	130.743750	G5	79	78	700	113.425781	G5	79	127	
740	131.061458	G#5	80	83	703	113.720052	G#5	80	127	
741	131.063542	C#4	61	64	701	113.720052	C#4	61	127	
742	131.070833	F4	65	55	702	113.720052	F4	65	127	
743	131.203125	G5	79	73	704	113.720052	G5	79	127	
744	131.364583	F5	77	79	705	114.014323	F5	77	127	
745	131.675000	C4	60	66	706	114.308594	C4	60	127	
746	131.737500	F5	77	82	707	114.308594	F5	77	127	
747	131.894792	G5	79	81	*	-1	*	-1	-1	
748	132.104167	Bb4	70	79	708	114.602865	Bb4	70	127	
749	132.546875	C#5	73	80	709	114.897135	C#5	73	127	
750	132.879167	Bb4	70	71	711	115.191406	Bb4	70	127	
751	133.148958	G4	67	74	712	115.485677	G4	67	127	
752	133.426042	Bb4	70	78	713	115.779948	Bb4	70	127	
753	133.712500	Bb5	82	74	716	116.074219	Bb5	82	127	
754	133.714583	F5	77	77	717	116.171875	F5	77	127	
755	133.716667	C#4	61	64	714	116.074219	C#4	61	127	
756	133.806250	G5	79	77	718	116.269531	G5	79	127	
757	133.880208	F5	77	73	720	116.367188	F5	77	127	
758	134.004167	Bb4	70	63	*	-1	*	-1	-1	
759	134.021875	E5	76	79	721	116.464844	E5	76	127	
760	134.134375	F5	77	81	722	116.562500	F5	77	127	
761	134.334375	C4	60	68	723	116.660156	C4	60	127	
762	134.344792	F5	77	80	725	116.660156	F5	77	127	
763	134.472917	G5	79	79	724	116.660156	Bb5	82	127	
764	134.716667	Bb4	70	66	726	116.954427	Bb4	70	127	
765	135.057292	C#5	73	71	727	117.248698	C#5	73	127	
766	135.327083	Bb4	70	72	729	117.542969	Bb4	70	127	
767	135.607292	G4	67	77	730	117.837240	G4	67	127	
768	135.863542	Bb4	70	83	731	118.131510	Bb4	70	127	
769	136.152083	Bb5	82	75	733	118.425781	Bb5	82	127	
770	136.154167	C#4	61	74	732	118.425781	C#4	61	127	
771	136.162500	F5	77	72	735	118.523438	F5	77	127	
772	136.253125	G5	79	77	736	118.621094	G5	79	127	
773	136.334375	F5	77	78	738	118.718750	F5	77	127	
774	136.431250	Bb4	70	71	737	118.718750	Bb4	70	127	
775	136.440625	E5	76	81	739	118.816406	E5	76	127	
776	136.558333	F5	77	85	740	118.914062	F5	77	127	
777	136.721875	C4	60	73	741	119.011719	C4	60	127	
778	136.792708	F5	77	83	743	119.011719	F5	77	127	
779	136.911458	G5	79	83	742	119.011719	Bb5	82	127	
780	137.096875	Bb4	70	77	744	119.305990	Bb4	70	127	
781	137.430208	C#5	73	74	745	119.600260	C#5	73	127	
782	137.708333	Bb4	70	75	747	119.894531	Bb4	70	127	
783	137.972917	G4	67	78	748	120.188802	G4	67	127	
784	138.235417	Bb4	70	80	749	120.483073	Bb4	70	127	
785	138.544792	Bb4	70	63	*	-1	*	-1	-1	
786	138.544792	G5	79	84	751	120.777344	G5	79	127	
787	138.546875	C4	60	62	750	120.777344	C4	60	127	
788	138.763542	G#5	80	90	752	120.972656	G#5	80	127	
789	138.857292	E4	64	62	753	121.070312	E4	64	127	
790	138.946875	Bb5	82	82	754	121.167969	Bb5	82	127	
791	139.114583	Bb5	82	73	756	121.363281	Bb5	82	127	
792	139.166667	G#5	80	79	757	121.363281	G#5	80	127	
793	139.206250	F3	53	53	755	121.363281	F3	53	127	
794	139.379167	G5	79	82	758	121.558594	G5	79	127	
795	139.526042	F4	65	64	759	121.656250	F4	65	127	
796	139.577083	F5	77	83	760	121.753906	F5	77	127	
797	139.796875	G#4	68	73	761	121.950521	G#4	68	127	
798	140.083333	F4	65	62	762	122.243490	F4	65	127	
799	140.376042	C#4	61	71	763	122.537760	C#4	61	127	
800	140.654167	F4	65	66	764	122.832031	F4	65	127	
801	140.940625	G5	79	84	766	123.126302	G5	79	127	
802	140.945833	Bb3	58	64	765	123.126302	Bb3	58	127	
803	141.125000	G#5	80	87	767	123.321615	G#5	80	127	
804	141.209375	C#4	61	67	768	123.419271	C#4	61	127	
805	141.286458	Bb5	82	80	769	123.516927	Bb5	82	127	
806	141.553125	C5	72	88	771	123.713542	C5	72	127	
807	141.563542	C2	36	51	770	123.713542	C2	36	127	
808	141.933333	Bb5	82	82	772	124.007812	Bb5	82	127	
809	142.235417	G#5	80	91	773	124.302083	G#5	80	127	
810	142.526042	F5	77	87	774	124.596354	F5	77	127	
811	142.894792	Bb5	82	68	776	124.890625	Bb5	82	127	
812	142.925000	C2	36	41	775	124.890625	C2	36	127	
813	143.284375	G5	79	72	777	125.184896	G5	79	127	
814	143.630208	F5	77	76	778	125.479167	F5	77	127	
815	143.968750	E5	76	73	779	125.773438	E5	76	127	
816	144.306250	F3	53	70	780	126.067708	F3	53	127	
817	144.360417	F5	77	72	781	126.067708	E5	76	127	
818	144.760417	G#3	56	59	782	126.361979	G#3	56	127	
819	145.056250	Bb3	58	63	783	126.656250	Bb3	58	127	
820	145.337500	C4	60	65	785	126.950521	C4	60	127	
821	145.638542	C#4	61	75	786	127.244792	C#4	61	127	
822	145.916667	E4	64	77	787	127.539062	E4	64	127	
823	146.193750	G5	79	78	789	127.833333	G5	79	127	
824	146.196875	E4	64	74	788	127.833333	E4	64	127	
825	146.478125	G#5	80	90	791	128.127604	G#5	80	127	
826	146.484375	F4	65	75	790	128.127604	F4	65	127	
827	146.766667	G3	55	82	792	128.421875	G3	55	127	
828	146.884375	Bb5	82	80	793	128.421875	Bb5	82	127	
829	147.128125	G#5	80	85	794	128.617188	G#5	80	127	
830	147.166667	Bb3	58	73	795	128.714844	Bb3	58	127	
831	147.336458	G5	79	81	796	128.812500	G5	79	127	
832	147.461458	C4	60	69	797	129.007812	C4	60	127	
833	147.743750	C#4	61	76	798	129.300781	D4	62	127	
834	148.026042	E4	64	75	799	129.595052	E4	64	127	
835	148.301042	F4	65	78	800	129.889323	F4	65	127	
836	148.579167	G#5	80	89	802	130.183594	G#5	80	127	
837	148.583333	F4	65	76	801	130.183594	F4	65	127	
838	148.863542	Bb5	82	84	804	130.477865	Bb5	82	127	
839	148.865625	G4	67	79	803	130.477865	G4	67	127	
840	149.138542	G#3	56	84	805	130.772135	G#3	56	127	
841	149.242708	C6	84	91	806	130.772135	C6	84	127	
842	149.442708	Bb5	82	83	807	130.967448	Bb5	82	127	
843	149.509375	C4	60	68	808	131.065104	C4	60	127	
844	149.618750	G#5	80	90	809	131.162760	G#5	80	127	
845	149.802083	C#4	61	77	810	131.358073	C#4	61	127	
846	150.082292	E4	64	79	811	131.651042	E4	64	127	
847	150.357292	F4	65	74	812	131.945312	F4	65	127	
848	150.652083	G4	67	81	813	132.239583	G4	67	127	
849	150.933333	Bb5	82	85	815	132.533854	Bb5	82	127	
850	150.935417	G4	67	81	814	132.533854	G4	67	127	
851	151.207292	G#4	68	83	816	132.828125	G#4	68	127	
852	151.207292	C6	84	88	817	132.828125	C6	84	127	
853	151.552083	Bb3	58	78	818	133.122396	Bb3	58	127	
854	151.555208	C#6	85	77	819	133.122396	C#6	85	127	
855	151.682292	C6	84	90	820	133.220052	C6	84	127	
856	151.801042	Bb5	82	83	821	133.317708	Bb5	82	127	
857	151.878125	C#4	61	69	822	133.415365	C#4	61	127	
858	152.152083	E4	64	72	823	133.709635	E4	64	127	
859	152.437500	F4	65	74	824	134.003906	F4	65	127	
860	152.718750	G4	67	79	825	134.298177	G4	67	127	
861	153.003125	G#5	80	89	827	134.592448	G#5	80	127	
862	153.009375	G#4	68	79	826	134.592448	G#4	68	127	
863	153.321875	G5	79	84	829	134.886719	G5	79	127	
864	153.326042	G#4	68	74	828	134.886719	G#4	68	127	
865	153.604167	F5	77	81	831	135.180990	F5	77	127	
866	153.607292	Bb4	70	78	830	135.180990	Bb4	70	127	
867	153.917708	E5	76	82	834	135.475260	E5	76	127	
868	153.928125	C5	72	82	832	135.475260	C5	72	127	
869	153.943750	C4	60	61	833	135.475260	C4	60	127	
870	154.248958	Bb5	82	85	835	135.769531	Bb5	82	127	
871	154.541667	G5	79	86	836	136.063802	G5	79	127	
872	154.834375	E5	76	84	837	136.358073	E5	76	127	
873	155.134375	C#5	73	85	838	136.652344	C#5	73	127	
874	155.135417	Bb5	82	80	840	136.652344	Bb5	82	127	
875	155.155208	C4	60	66	839	136.652344	C4	60	127	
876	155.473958	G#5	80	81	841	136.946615	G#5	80	127	
877	155.761458	G5	79	75	842	137.240885	G5	79	127	
878	156.065625	F5	77	77	843	137.535156	F5	77	127	
879	156.401042	E5	76	65	846	137.829427	E5	76	127	
880	156.411458	C5	72	51	844	137.829427	C5	72	127	
881	156.758333	Bb5	82	55	847	138.123698	Bb5	82	127	
882	157.065625	G5	79	62	848	138.417969	G5	79	127	
883	157.405208	E5	76	58	849	138.712240	E5	76	127	
884	157.822917	D5	74	36	850	139.006510	D5	74	127	
885	157.826042	B5	83	42	852	139.006510	B5	83	127	
886	157.829167	C4	60	35	851	139.006510	C4	60	127	
887	158.258333	G#5	80	52	853	139.300781	G#5	80	127	
888	158.578125	G5	79	55	854	139.595052	G5	79	127	
889	158.912500	F5	77	57	855	139.889323	F5	77	127	
890	159.206250	C4	60	35	856	140.183594	C4	60	127	
891	159.357292	F5	77	58	858	140.477865	Bb4	70	127	
892	159.537500	G5	79	63	860	140.772135	G5	79	127	
893	159.803125	Bb4	70	39	861	141.066406	Bb4	70	127	
894	160.214583	C#5	73	40	*	-1	*	-1	-1	
895	160.534375	Bb4	70	47	*	-1	*	-1	-1	
896	160.842708	G4	67	50	862	141.360677	G4	67	127	
897	161.146875	Bb4	70	51	863	141.654948	Bb4	70	127	
898	161.466667	G5	79	70	865	141.949219	G5	79	127	
899	161.472917	C4	60	48	864	141.949219	C4	60	127	
900	161.697917	G#5	80	80	866	142.144531	G#5	80	127	
901	161.780208	E4	64	44	867	142.242188	E4	64	127	
902	161.896875	Bb5	82	73	868	142.339844	Bb5	82	127	
903	162.123958	Bb5	82	54	871	142.535156	Bb5	82	127	
904	162.165625	G#5	80	70	870	142.535156	G#5	80	127	
905	162.175000	F3	53	40	869	142.535156	F3	53	127	
906	162.435417	Bb3	58	36	*	-1	*	-1	-1	
907	162.436458	G5	79	63	872	142.730469	G5	79	127	
908	162.556250	F4	65	45	873	142.828125	F4	65	127	
909	162.664583	F5	77	64	874	142.925781	F5	77	127	
910	162.869792	G#4	68	55	875	143.122396	G#4	68	127	
911	162.905208	C4	60	16	*	-1	*	-1	-1	
912	163.191667	F4	65	46	876	143.415365	F4	65	127	
913	163.501042	C#4	61	54	877	143.709635	C#4	61	127	
914	163.792708	F4	65	41	878	144.003906	F4	65	127	
915	164.102083	G5	79	65	880	144.298177	G5	79	127	
916	164.105208	Bb3	58	48	879	144.298177	Bb3	58	127	
917	164.317708	G#5	80	73	881	144.493490	G#5	80	127	
918	164.398958	C#4	61	46	882	144.591146	C#4	61	127	
919	164.503125	Bb5	82	59	883	144.688802	Bb5	82	127	
920	164.753125	C2	36	43	884	144.885417	C2	36	127	
921	164.754167	C5	72	59	885	144.885417	C5	72	127	
922	165.103125	Bb5	82	67	886	145.179688	Bb5	82	127	
923	165.432292	G#5	80	81	887	145.473958	G#5	80	127	
924	165.735417	F5	77	75	888	145.768229	F5	77	127	
925	166.072917	C2	36	36	889	146.062500	C2	36	127	
926	166.079167	Bb5	82	50	890	146.062500	Bb5	82	127	
927	166.521875	G5	79	53	891	146.356771	G5	79	127	
928	166.854167	F5	77	63	892	146.651042	F5	77	127	
929	167.160417	E5	76	57	893	146.945312	E5	76	127	
930	167.484375	F3	53	41	894	147.239583	F3	53	127	
931	167.487500	F5	77	59	895	147.239583	E5	76	127	
932	167.806250	A3	57	48	896	147.533854	A3	57	127	
933	168.125000	C4	60	53	897	147.828125	C4	60	127	
934	168.143750	A3	57	35	*	-1	*	-1	-1	
935	168.437500	Eb4	63	55	899	148.122396	Eb4	63	127	
936	168.714583	F#4	66	59	900	148.416667	F#4	66	127	
937	169.005208	Bb4	70	64	901	148.710938	Bb4	70	127	
938	169.044792	C4	60	15	*	-1	*	-1	-1	
939	169.316667	A3	57	50	*	-1	*	-1	-1	
940	169.323958	C6	84	67	903	149.005208	C6	84	127	
941	169.326042	A4	69	49	902	149.005208	A4	69	127	
942	169.537500	C#6	85	63	904	149.200521	C#6	85	127	
943	169.633333	F4	65	52	905	149.298177	F4	65	127	
944	169.717708	Eb6	87	67	906	149.395833	Eb6	87	127	
945	169.891667	Eb6	87	68	908	149.591146	Eb6	87	127	
946	169.937500	Bb3	58	52	907	149.591146	Bb3	58	127	
947	169.972917	C#6	85	57	909	149.591146	C#6	85	127	
948	170.171875	C6	84	61	910	149.786458	C6	84	127	
949	170.229167	C#4	61	54	911	149.884115	C#4	61	127	
950	170.375000	Bb5	82	63	912	149.981771	Bb5	82	127	
951	170.546875	F4	65	43	913	150.177083	F4	65	127	
952	170.864583	Bb4	70	55	914	150.470052	Bb4	70	127	
953	171.156250	C#5	73	54	915	150.764323	C#5	73	127	
954	171.457292	F5	77	57	916	151.058594	F5	77	127	
955	171.764583	E5	76	52	917	151.352865	E5	76	127	
956	171.764583	G5	79	62	918	151.352865	G5	79	127	
957	171.977083	G#5	80	68	919	151.548177	G#5	80	127	
958	172.093750	C5	72	48	920	151.645833	C5	72	127	
959	172.164583	Bb5	82	67	921	151.743490	Bb5	82	127	
960	172.344792	Bb5	82	67	924	151.938802	Bb5	82	127	
961	172.394792	F5	77	64	922	151.938802	F5	77	127	
962	172.396875	G#5	80	74	923	151.938802	G#5	80	127	
963	172.604167	G5	79	69	925	152.134115	G5	79	127	
964	172.775000	G#5	80	75	926	152.329427	G#5	80	127	
965	172.943750	C6	84	55	929	152.524740	C6	84	127	
966	172.985417	Bb5	82	62	928	152.524740	Bb5	82	127	
967	172.988542	Bb4	70	51	927	152.524740	Bb4	70	127	
968	173.178125	G#5	80	70	930	152.720052	G#5	80	127	
969	173.362500	G5	79	67	931	152.915365	G5	79	127	
970	173.567708	F5	77	69	933	153.110677	F5	77	127	
971	173.572917	G#4	68	51	932	153.110677	C5	72	127	
972	173.573958	C4	60	40	934	153.699219	C4	60	127	
973	174.138542	E5	76	66	935	153.796875	E5	76	127	
974	174.214583	F5	77	72	936	153.894531	F5	77	127	
975	174.291667	G4	67	56	*	-1	*	-1	-1	
976	174.294792	E5	76	66	937	153.992188	E5	76	127	
977	174.296875	C4	60	43	*	-1	*	-1	-1	
978	174.402083	F5	77	68	938	154.089844	D5	74	127	
979	174.490625	E5	76	46	939	154.187500	E5	76	127	
980	174.945833	F3	53	38	940	154.285156	F3	53	127	
981	174.953125	F5	77	62	*	-1	*	-1	-1	
982	175.355208	A3	57	52	942	154.579427	A3	57	127	
983	175.661458	C4	60	54	943	154.873698	C4	60	127	
984	175.977083	Eb4	63	52	945	155.167969	Eb4	63	127	
985	176.273958	F#4	66	52	946	155.462240	F#4	66	127	
986	176.583333	Bb4	70	54	947	155.756510	Bb4	70	127	
987	176.928125	C6	84	51	949	156.050781	C6	84	127	
988	176.943750	A4	69	42	948	156.050781	A4	69	127	
989	176.964583	C4	60	20	*	-1	*	-1	-1	
990	177.167708	C6	84	46	950	156.246094	C#6	85	127	
991	177.295833	F4	65	46	951	156.343750	F4	65	127	
992	177.375000	Eb6	87	68	952	156.441406	Eb6	87	127	
993	177.596875	Eb6	87	63	954	156.636719	Eb6	87	127	
994	177.669792	Bb3	58	49	953	156.636719	Bb3	58	127	
995	177.671875	C#6	85	47	955	156.636719	C#6	85	127	
996	177.928125	C6	84	57	956	156.832031	C6	84	127	
997	178.027083	C#4	61	50	957	156.929688	C#4	61	127	
998	178.145833	Bb5	82	53	958	157.027344	Bb5	82	127	
999	178.334375	F4	65	45	959	157.222656	F4	65	127	
1000	178.636458	Bb4	70	56	960	157.515625	Bb4	70	127	
1001	178.936458	C#5	73	53	961	157.809896	C#5	73	127	
1002	179.223958	F5	77	58	962	158.104167	F5	77	127	
1003	179.526042	G5	79	58	964	158.398438	G5	79	127	
1004	179.531250	E5	76	49	963	158.398438	E5	76	127	
1005	179.729167	G#5	80	71	965	158.593750	G#5	80	127	
1006	179.829167	C5	72	49	966	158.691406	C5	72	127	
1007	179.914583	Bb5	82	60	967	158.789062	Bb5	82	127	
1008	180.076042	Bb5	82	63	969	158.984375	Bb5	82	127	
1009	180.128125	G#5	80	76	970	158.984375	G#5	80	127	
1010	180.129167	C5	72	53	*	-1	*	-1	-1	
1011	180.131250	F5	77	63	968	158.984375	F5	77	127	
1012	180.329167	G5	79	70	971	159.179688	G5	79	127	
1013	180.521875	G#5	80	80	972	159.375000	G#5	80	127	
1014	180.763542	Bb4	70	58	973	159.570312	Bb4	70	127	
1015	180.763542	C6	84	65	974	159.570312	C6	84	127	
1016	180.773958	Bb5	82	63	975	159.570312	Bb5	82	127	
1017	181.013542	G#5	80	78	976	159.765625	G#5	80	127	
1018	181.206250	G5	79	76	977	159.960938	G5	79	127	
1019	181.456250	F5	77	70	979	160.156250	F5	77	127	
1020	181.487500	C4	60	32	980	160.744792	C4	60	127	
1021	181.604167	Bb4	70	37	*	-1	*	-1	-1	
1022	181.779167	G#4	68	58	*	-1	*	-1	-1	
1023	182.183333	E5	76	66	981	160.842448	E5	76	127	
1024	182.243750	C4	60	47	*	-1	*	-1	-1	
1025	182.244792	G4	67	56	*	-1	*	-1	-1	
1026	182.254167	F5	77	69	982	160.940104	F5	77	127	
1027	182.346875	E5	76	69	983	161.037760	E5	76	127	
1028	182.451042	F5	77	71	984	161.135417	D5	74	127	
1029	182.536458	E5	76	58	*	-1	*	-1	-1	
1030	182.610417	F5	77	72	*	-1	*	-1	-1	
1031	182.686458	E5	76	66	985	161.233073	E5	76	127	
1032	183.044792	F5	77	66	987	161.330729	F5	77	127	
1033	183.094792	F4	65	43	*	-1	*	-1	-1	
1034	183.584375	Eb5	75	66	988	161.625000	Eb5	75	127	
1035	183.957292	C#5	73	72	990	161.919271	C#5	73	127	
1036	183.982292	F3	53	35	989	161.919271	F3	53	127	
1037	184.315625	C5	72	76	991	162.213542	C5	72	127	
1038	184.644792	B4	71	68	992	162.507812	B4	71	127	
1039	184.973958	C5	72	76	993	162.802083	C5	72	127	
1040	185.378125	E3	52	38	995	163.096354	E3	52	127	
1041	185.380208	Bb4	70	62	996	163.096354	Bb4	70	127	
1042	185.385417	C4	60	36	994	163.096354	C4	60	127	
1043	185.655208	G#4	68	67	997	163.291667	G#4	68	127	
1044	185.873958	G4	67	69	998	163.486979	G4	67	127	
1045	186.117708	G#4	68	62	1000	163.682292	G#4	68	127	
1046	186.126042	F2	41	40	*	-1	*	-1	-1	
1047	186.126042	F3	53	42	999	163.682292	F3	53	127	
1048	186.487500	F#4	66	63	1001	163.976562	F#4	66	127	
1049	186.822917	F4	65	58	1003	164.270833	F4	65	127	
1050	186.833333	Bb2	46	38	1002	164.270833	Bb2	46	127	
1051	187.160417	E4	64	64	1004	164.565104	E4	64	127	
1052	187.556250	F4	65	70	1006	164.859375	F4	65	127	
1053	187.570833	G#2	44	47	1005	164.859375	G#2	44	127	
1054	187.990625	C4	60	53	1007	165.153646	C4	60	127	
1055	188.357292	C#4	61	52	1009	165.447917	C#4	61	127	
1056	188.428125	Bb2	46	22	1008	165.447917	Bb2	46	127	
1057	188.753125	Bb3	58	56	1010	165.742188	Bb3	58	127	
1058	189.229167	F4	65	52	1011	166.035156	F4	65	127	
1059	189.239583	C4	60	38	*	-1	*	-1	-1	
1060	189.251042	C3	48	38	1012	166.035156	C3	48	127	
1061	189.535417	G4	67	57	1013	166.230469	G4	67	127	
1062	189.760417	G#4	68	54	1014	166.425781	G#4	68	127	
1063	189.961458	C5	72	58	1016	166.621094	C5	72	127	
1064	190.016667	Bb4	70	61	1015	166.621094	Bb4	70	127	
1065	190.244792	G#4	68	71	1017	166.816406	G#4	68	127	
1066	190.473958	G4	67	71	1018	167.011719	G4	67	127	
1067	190.761458	C2	36	38	1019	167.207031	C2	36	127	
1068	190.761458	F4	65	61	1020	167.207031	F4	65	127	
1069	191.587500	E4	64	63	*	-1	*	-1	-1	
1070	191.648958	F4	65	69	*	-1	*	-1	-1	
1071	191.735417	E4	64	70	1021	167.795573	E4	64	127	
1072	191.833333	F4	65	71	*	-1	*	-1	-1	
1073	191.884375	E4	64	49	*	-1	*	-1	-1	
1074	191.982292	F4	65	77	*	-1	*	-1	-1	
1075	192.072917	E4	64	74	*	-1	*	-1	-1	
1076	192.665625	F5	77	89	1024	168.384115	F5	77	127	
1077	192.672917	C#3	49	77	1022	168.384115	C#3	49	127	
1078	192.672917	F4	65	80	1023	168.384115	F4	65	127	
1079	193.644792	C#5	73	70	1026	168.972656	C#5	73	127	
1080	193.646875	Bb2	46	56	1025	168.972656	Bb2	46	127	
1081	193.906250	C5	72	78	1028	169.167969	C5	72	127	
1082	194.105208	Bb4	70	79	1029	169.363281	Bb4	70	127	
1083	194.307292	G#4	68	79	1031	169.558594	G#4	68	127	
1084	194.313542	C3	48	62	1030	169.558594	C3	48	127	
1085	194.483333	G4	67	81	1033	169.753906	G4	67	127	
1086	194.667708	F4	65	80	1034	169.949219	F4	65	127	
1087	194.846875	E4	64	81	1036	170.144531	E4	64	127	
1088	194.847917	C2	36	65	1035	170.144531	C2	36	127	
1089	195.005208	F4	65	75	1037	170.339844	F4	65	127	
1090	195.161458	G4	67	82	1038	170.535156	G4	67	127	
1091	195.207292	F4	65	47	*	-1	*	-1	-1	
1092	195.425000	F4	65	84	1041	170.730469	F4	65	127	
1093	195.425000	F5	77	92	1040	170.730469	F5	77	127	
1094	195.428125	C#3	49	84	1039	170.730469	C#3	49	127	
1095	196.104167	Bb2	46	79	1042	171.319010	Bb2	46	127	
1096	196.104167	C#5	73	82	1043	171.319010	C#5	73	127	
1097	196.315625	C5	72	85	1045	171.514323	C5	72	127	
1098	196.495833	Bb4	70	79	1046	171.709635	Bb4	70	127	
1099	196.702083	G#4	68	84	1049	171.904948	G#4	68	127	
1100	196.716667	C3	48	74	1047	171.904948	C3	48	127	
1101	196.906250	G4	67	83	1050	172.100260	G4	67	127	
1102	197.107292	F4	65	80	1051	172.295573	F4	65	127	
1103	197.322917	E4	64	84	1053	172.490885	E4	64	127	
1104	197.323958	C2	36	69	1052	172.490885	C2	36	127	
1105	197.520833	F4	65	82	1054	172.686198	F4	65	127	
1106	197.713542	G4	67	91	1055	172.881510	G4	67	127	
1107	197.985417	C#3	49	81	1056	173.076823	C#3	49	127	
1108	197.987500	F5	77	95	1057	173.076823	F5	77	127	
1109	198.280208	G5	79	92	1058	173.272135	G5	79	127	
1110	198.542708	G#5	80	96	1059	173.467448	G#5	80	127	
1111	198.875000	Bb2	46	61	1060	173.662760	Bb2	46	127	
1112	198.876042	C6	84	89	1062	173.662760	C6	84	127	
1113	199.167708	Bb5	82	84	1061	173.662760	Bb5	82	127	
1114	199.372917	G#5	80	89	1063	173.858073	G#5	80	127	
1115	199.529167	G5	79	89	1064	174.053385	G5	79	127	
1116	199.712500	F5	77	88	1066	174.248698	F5	77	127	
1117	199.737500	C3	48	59	1065	174.248698	C3	48	127	
1118	200.659375	F5	77	80	1069	175.032552	F5	77	127	
1119	200.865625	E5	76	83	1070	175.130208	E5	76	127	
1120	200.961458	C2	36	52	1067	174.837240	C2	36	127	
1121	201.087500	F5	77	84	1071	175.227865	D5	74	127	
1122	201.207292	E5	76	79	*	-1	*	-1	-1	
1123	201.307292	F5	77	79	*	-1	*	-1	-1	
1124	201.398958	E5	76	82	*	-1	*	-1	-1	
1125	201.477083	F5	77	81	*	-1	*	-1	-1	
1126	201.563542	E5	76	71	*	-1	*	-1	-1	
1127	201.648958	F5	77	82	*	-1	*	-1	-1	
1128	201.743750	E5	76	76	1072	175.325521	E5	76	127	
1129	202.393750	F5	77	75	*	-1	*	-1	-1	
1130	203.745833	F5	77	65	1074	175.423177	F5	77	127	
1131	203.769792	F2	41	33	1073	175.423177	F2	41	127	
*	-1	*	-1	-1	45	8.533854	Bb3	58	127	
*	-1	*	-1	-1	160	26.748698	D5	74	127	
*	-1	*	-1	-1	174	29.100260	D5	74	127	
*	-1	*	-1	-1	212	36.156250	C5	72	127	
*	-1	*	-1	-1	287	50.273438	G#4	68	127	
*	-1	*	-1	-1	314	54.680990	F5	77	127	
*	-1	*	-1	-1	355	62.026042	F3	53	127	
*	-1	*	-1	-1	369	63.688802	B4	71	127	
*	-1	*	-1	-1	374	64.375000	C5	72	127	
*	-1	*	-1	-1	404	69.071615	F3	53	127	
*	-1	*	-1	-1	440	73.178385	C5	72	127	
*	-1	*	-1	-1	475	77.871094	C2	36	127	
*	-1	*	-1	-1	510	84.334635	G5	79	127	
*	-1	*	-1	-1	625	103.139323	A4	69	127	
*	-1	*	-1	-1	661	107.842448	C5	72	127	
*	-1	*	-1	-1	710	114.897135	G5	79	127	
*	-1	*	-1	-1	728	117.248698	G5	79	127	
*	-1	*	-1	-1	734	118.425781	G5	79	127	
*	-1	*	-1	-1	746	119.600260	G5	79	127	
*	-1	*	-1	-1	784	126.656250	F5	77	127	
*	-1	*	-1	-1	845	137.829427	C4	60	127	
*	-1	*	-1	-1	857	140.183594	F5	77	127	
*	-1	*	-1	-1	859	140.772135	C#5	73	127	
*	-1	*	-1	-1	898	147.828125	F5	77	127	
*	-1	*	-1	-1	944	154.873698	F5	77	127	
*	-1	*	-1	-1	978	160.156250	C5	72	127	
*	-1	*	-1	-1	1027	168.972656	Eb5	75	127	
*	-1	*	-1	-1	1032	169.558594	Bb4	70	127	
*	-1	*	-1	-1	1044	171.319010	Eb5	75	127	
*	-1	*	-1	-1	1048	171.904948	Bb4	70	127	
*	-1	*	-1	-1	286	49.979167	D4	62	127	
*	-1	*	-1	-1	349	61.440104	C3	48	127	
*	-1	*	-1	-1	354	62.026042	F4	65	127	
*	-1	*	-1	-1	368	63.591146	A4	69	127	
*	-1	*	-1	-1	403	69.071615	F4	65	127	
*	-1	*	-1	-1	643	105.490885	C5	72	127	
*	-1	*	-1	-1	648	106.667969	C5	72	127	
*	-1	*	-1	-1	657	107.253906	Eb5	75	127	
*	-1	*	-1	-1	715	116.074219	G5	79	127	
*	-1	*	-1	-1	719	116.367188	Bb4	70	127	
*	-1	*	-1	-1	941	154.285156	G5	79	127	
*	-1	*	-1	-1	986	161.330729	F3	53	127	
*	-1	*	-1	-1	1068	174.934896	E5	76	127	
