// alignID alignOntime alignSitch alignPitch alignOnvel refID refOntime refSitch refPitch refOnvel
0	0.535417	C4	60	69	0	0.136364	C4	60	127	
1	0.690625	F4	65	55	1	0.318182	F4	65	127	
2	0.870833	F4	65	42	2	0.500000	F4	65	127	
3	0.993750	E4	64	52	3	0.681819	E4	64	127	
4	1.152083	D4	62	48	4	0.863637	D4	62	127	
5	1.296875	D4	62	43	5	1.045455	D4	62	127	
6	1.462500	C4	60	49	6	1.227274	C4	60	127	
7	1.614583	Bb3	58	53	7	1.409092	Bb3	58	127	
8	1.763542	A3	57	53	8	1.590910	A3	57	127	
9	1.926042	Bb3	58	59	9	1.772729	Bb3	58	127	
10	2.083333	C4	60	59	10	1.954547	C4	60	127	
11	2.247917	D4	62	40	11	2.136365	D4	62	127	
12	2.378125	C5	72	74	12	2.318184	C5	72	127	
13	2.393750	E4	64	56	13	2.318184	E4	64	127	
14	2.537500	F5	77	75	14	2.500002	F5	77	127	
15	2.541667	F4	65	43	15	2.500002	F4	65	127	
16	2.693750	F5	77	74	16	2.681820	F5	77	127	
17	2.837500	E5	76	70	17	2.863639	E5	76	127	
18	3.000000	D5	74	68	18	3.045457	D5	74	127	
19	3.025000	Bb3	58	46	19	3.045457	Bb3	58	127	
20	3.156250	D5	74	66	20	3.227275	D5	74	127	
21	3.306250	C5	72	59	21	3.409094	C5	72	127	
22	3.467708	Bb4	70	59	23	3.590912	Bb4	70	127	
23	3.480208	D4	62	43	24	3.590912	D4	62	127	
24	3.608333	A4	69	47	25	3.772730	A4	69	127	
25	3.758333	Bb4	70	55	26	3.954549	Bb4	70	127	
26	3.930208	C5	72	62	27	4.136367	C5	72	127	
27	3.940625	C4	60	48	28	4.136367	C4	60	127	
28	4.255208	C4	60	86	29	4.500004	C4	60	127	
29	4.427083	Bb4	70	75	30	4.681822	Bb4	70	127	
30	4.584375	Bb4	70	67	31	4.863640	Bb4	70	127	
31	4.745833	C5	72	75	32	5.045459	C5	72	127	
32	4.753125	A4	69	62	33	5.045459	A4	69	127	
33	4.905208	Bb5	82	79	34	5.227277	Bb5	82	127	
34	4.914583	G4	67	59	35	5.227277	G4	67	127	
35	5.055208	Bb5	82	73	36	5.409095	Bb5	82	127	
36	5.201042	A5	81	70	38	5.590914	A5	81	127	
37	5.203125	F4	65	54	39	5.590914	F4	65	127	
38	5.354167	G5	79	72	40	5.772732	G5	79	127	
39	5.355208	Bb4	70	68	41	5.772732	Bb4	70	127	
40	5.501042	G5	79	73	42	5.954550	G5	79	127	
41	5.509375	Bb4	70	59	43	5.954550	Bb4	70	127	
42	5.660417	F5	77	72	44	6.136369	F5	77	127	
43	5.675000	A4	69	52	45	6.136369	A4	69	127	
44	5.813542	E5	76	66	46	6.318187	E5	76	127	
45	5.827083	G4	67	57	47	6.318187	G4	67	127	
46	5.966667	E5	76	60	48	6.500005	E5	76	127	
47	5.967708	G4	67	49	49	6.500005	G4	67	127	
48	6.122917	D5	74	67	50	6.681824	D5	74	127	
49	6.128125	F4	65	55	51	6.681824	F4	65	127	
50	6.275000	C5	72	53	52	6.863642	C5	72	127	
51	6.281250	E4	64	56	53	6.863642	E4	64	127	
52	6.415625	C5	72	53	54	7.045460	C5	72	127	
53	6.427083	C4	60	57	55	7.045460	C4	60	127	
54	6.570833	Bb4	70	62	56	7.227279	Bb4	70	127	
55	6.600000	E4	64	58	58	7.227279	E4	64	127	
56	6.727083	A4	69	59	59	7.409097	A4	69	127	
57	6.738542	F4	65	48	60	7.409097	F4	65	127	
58	6.880208	Bb4	70	60	61	7.590915	Bb4	70	127	
59	7.015625	A4	69	57	64	7.772734	A4	69	127	
60	7.023958	A3	57	51	65	7.772734	A3	57	127	
61	7.025000	C5	72	52	63	7.772734	C5	72	127	
62	7.175000	Bb4	70	67	66	7.954552	Bb4	70	127	
63	7.183333	Bb3	58	57	68	7.954552	Bb3	58	127	
64	7.322917	A4	69	60	69	8.136370	A4	69	127	
65	7.331250	F4	65	38	70	8.136370	F4	65	127	
66	7.475000	G4	67	51	71	8.318189	G4	67	127	
67	7.480208	C4	60	48	73	8.318189	C4	60	127	
68	7.633333	F4	65	59	74	8.500007	F4	65	127	
69	7.664583	F3	53	56	75	8.500007	F3	53	127	
70	7.954167	C3	48	82	76	8.863644	C3	48	127	
71	7.956250	G4	67	69	*	-1	*	-1	-1	
72	8.109375	F3	53	66	77	9.045462	F3	53	127	
73	8.265625	F3	53	58	78	9.227280	F3	53	127	
74	8.414583	E3	52	68	80	9.409099	E3	52	127	
75	8.414583	C4	60	76	79	9.409099	C4	60	127	
76	8.562500	F4	65	72	81	9.590917	F4	65	127	
77	8.563542	A3	57	60	82	9.590917	A3	57	127	
78	8.713542	F4	65	56	83	9.772735	F4	65	127	
79	8.875000	E4	64	55	84	9.954554	E4	64	127	
80	8.878125	G3	55	56	85	9.954554	G3	55	127	
81	9.014583	A4	69	59	86	10.136372	A4	69	127	
82	9.036458	F3	53	49	87	10.136372	F3	53	127	
83	9.165625	A4	69	55	88	10.318190	A4	69	127	
84	9.326042	C3	48	59	91	10.500009	C3	48	127	
85	9.326042	C5	72	67	89	10.500009	C5	72	127	
86	9.482292	A3	57	73	94	10.681827	A3	57	127	
87	9.482292	F5	77	77	92	10.681827	F5	77	127	
88	9.629167	F5	77	76	95	10.863645	F5	77	127	
89	9.785417	E5	76	75	96	11.045464	E5	76	127	
90	9.792708	G3	55	67	97	11.045464	G3	55	127	
91	9.940625	A5	81	74	98	11.227282	A5	81	127	
92	9.956250	F3	53	57	99	11.227282	F3	53	127	
93	10.083333	A5	81	80	100	11.409100	A5	81	127	
94	10.235417	C3	48	65	102	11.590919	C3	48	127	
95	10.235417	G5	79	81	101	11.590919	G5	79	127	
96	10.391667	F5	77	87	103	11.772737	F5	77	127	
97	10.398958	F2	41	65	105	11.772737	F2	41	127	
98	10.536458	A5	81	85	106	11.954555	A5	81	127	
99	10.537500	F5	77	80	107	11.954555	F5	77	127	
100	10.688542	G5	79	78	108	12.136374	G5	79	127	
101	10.693750	E5	76	65	109	12.136374	E5	76	127	
102	10.838542	F5	77	79	110	12.318192	F5	77	127	
103	10.852083	D5	74	60	111	12.318192	D5	74	127	
104	10.876042	G2	43	57	113	12.318192	G2	43	127	
105	10.997917	E5	76	63	114	12.500010	E5	76	127	
106	11.004167	C5	72	51	115	12.500010	C5	72	127	
107	11.144792	D5	74	64	116	12.681829	D5	74	127	
108	11.151042	B4	71	52	117	12.681829	B4	71	127	
109	11.322917	E5	76	60	118	12.863647	E5	76	127	
110	11.360417	C5	72	46	119	12.863647	C5	72	127	
111	11.362500	C2	36	56	120	12.863647	C3	48	127	
112	11.675000	G2	43	76	121	13.227284	G2	43	127	
113	11.837500	C3	48	57	122	13.409102	C3	48	127	
114	11.993750	C3	48	46	123	13.590920	C3	48	127	
115	12.120833	B2	47	71	125	13.772739	B2	47	127	
116	12.130208	G3	55	68	124	13.772739	G3	55	127	
117	12.282292	C4	60	65	126	13.954557	C4	60	127	
118	12.292708	E3	52	53	127	13.954557	E3	52	127	
119	12.436458	C4	60	65	128	14.136375	C4	60	127	
120	12.593750	B3	59	66	129	14.318194	B3	59	127	
121	12.597917	D3	50	49	130	14.318194	D3	50	127	
122	12.745833	E4	64	55	131	14.500012	E4	64	127	
123	12.748958	C3	48	50	132	14.500012	C3	48	127	
124	12.883333	E4	64	53	133	14.681830	E4	64	127	
125	13.039583	G2	43	62	136	14.863649	G2	43	127	
126	13.041667	G4	67	58	134	14.863649	G4	67	127	
127	13.185417	C5	72	64	137	15.045467	C5	72	127	
128	13.197917	E3	52	47	139	15.045467	E3	52	127	
129	13.336458	C5	72	70	140	15.227285	C5	72	127	
130	13.477083	D3	50	50	142	15.409104	D3	50	127	
131	13.483333	B4	71	62	141	15.409104	B4	71	127	
132	13.643750	C3	48	49	144	15.590922	C3	48	127	
133	13.644792	E5	76	66	143	15.590922	E5	76	127	
134	13.776042	E5	76	71	145	15.772740	E5	76	127	
135	13.926042	G5	79	84	146	15.954559	G5	79	127	
136	13.927083	D5	74	65	147	15.954559	D5	74	127	
137	13.928125	G2	43	61	148	15.954559	G2	43	127	
138	14.072917	C6	84	86	149	16.136377	C6	84	127	
139	14.098958	E3	52	48	151	16.136377	E3	52	127	
140	14.222917	C6	84	85	152	16.318195	C6	84	127	
141	14.354167	C3	48	60	154	16.500014	C3	48	127	
142	14.364583	B5	83	78	153	16.500014	B5	83	127	
143	14.515625	A5	81	87	155	16.681832	A5	81	127	
144	14.526042	F3	53	55	156	16.681832	F3	53	127	
145	14.664583	A5	81	86	157	16.863650	A5	81	127	
146	14.818750	G5	79	86	158	17.045469	G5	79	127	
147	14.826042	G3	55	59	159	17.045469	G3	55	127	
148	14.968750	F5	77	75	160	17.227287	F5	77	127	
149	14.969792	A3	57	56	161	17.227287	A3	57	127	
150	15.110417	E5	76	63	162	17.409105	E5	76	127	
151	15.244792	B3	59	45	164	17.590924	B3	59	127	
152	15.251042	E5	76	48	*	-1	*	-1	-1	
153	15.254167	D5	74	48	163	17.590924	D5	74	127	
154	15.365625	C5	72	68	*	-1	*	-1	-1	
155	15.372917	D5	74	62	165	17.772742	D5	74	127	
156	15.446875	C5	72	59	166	17.772742	C5	72	127	
157	15.447917	C4	60	51	167	17.772742	C4	60	127	
158	15.452083	A3	57	42	168	17.772742	A3	57	127	
159	15.603125	B4	71	56	169	17.954560	B4	71	127	
160	15.755208	F#5	78	61	170	18.136379	F#5	78	127	
161	15.763542	A2	45	46	172	18.136379	A2	45	127	
162	15.763542	C5	72	48	171	18.136379	C5	72	127	
163	15.925000	G5	79	58	173	18.318197	G5	79	127	
164	15.956250	B4	71	36	174	18.318197	B4	71	127	
165	15.975000	G2	43	30	175	18.318197	G2	43	127	
166	16.263542	G5	79	75	176	18.681834	G5	79	127	
167	16.285417	G3	55	71	178	18.681834	G3	55	127	
168	16.417708	B4	71	59	179	18.863652	B4	71	127	
169	16.456250	F4	65	40	180	18.863652	F4	65	127	
170	16.735417	C5	72	60	182	19.227289	C5	72	127	
171	16.755208	E4	64	33	183	19.227289	E4	64	127	
172	16.846875	D4	62	57	185	19.409107	D4	62	127	
173	16.888542	D5	74	61	184	19.409107	D5	74	127	
174	17.055208	D5	74	45	186	19.590925	D5	74	127	
175	17.177083	E5	76	58	187	19.772744	E5	76	127	
176	17.190625	C4	60	40	188	19.772744	C4	60	127	
177	17.326042	F5	77	63	189	19.954562	F5	77	127	
178	17.331250	B3	59	49	190	19.954562	B3	59	127	
179	17.466667	F5	77	60	191	20.136380	F5	77	127	
180	17.480208	D5	74	36	*	-1	*	-1	-1	
181	17.607292	E5	76	54	192	20.318199	E5	76	127	
182	17.625000	C4	60	34	193	20.318199	C4	60	127	
183	17.822917	G5	79	88	195	20.500017	G5	79	127	
184	17.827083	G2	43	88	198	20.500017	G2	43	127	
185	17.827083	B4	71	79	196	20.500017	B4	71	127	
186	17.828125	G1	31	84	201	20.500017	G1	31	127	
187	17.831250	D5	74	77	194	20.500017	D5	74	127	
188	17.834375	D2	38	82	199	20.500017	D2	38	127	
189	17.834375	G4	67	78	197	20.500017	G4	67	127	
190	17.854167	A4	69	56	*	-1	*	-1	-1	
191	18.191667	G5	79	82	202	20.863654	G5	79	127	
192	18.192708	B4	71	54	*	-1	*	-1	-1	
193	18.213542	G3	55	55	203	20.863654	G3	55	127	
194	18.343750	B4	71	64	204	21.045472	B4	71	127	
195	18.383333	F4	65	46	205	21.045472	F4	65	127	
196	18.505208	B4	71	48	206	21.227290	B4	71	127	
197	18.655208	E4	64	49	208	21.409109	E4	64	127	
198	18.656250	C5	72	56	207	21.409109	C5	72	127	
199	18.802083	D4	62	58	210	21.590927	D4	62	127	
200	18.802083	D5	74	62	209	21.590927	D5	74	127	
201	18.968750	D5	74	56	211	21.772745	D5	74	127	
202	19.100000	C4	60	49	213	21.954564	C4	60	127	
203	19.105208	E5	76	61	212	21.954564	E5	76	127	
204	19.256250	B3	59	58	215	22.136382	B3	59	127	
205	19.256250	F5	77	70	214	22.136382	F5	77	127	
206	19.404167	F5	77	62	216	22.318200	F5	77	127	
207	19.532292	C4	60	53	218	22.500019	C4	60	127	
208	19.535417	E5	76	57	217	22.500019	E5	76	127	
209	19.801042	G5	79	89	219	22.681837	G5	79	127	
210	19.805208	G2	43	88	223	22.681837	G2	43	127	
211	19.807292	G1	31	86	226	22.681837	G1	31	127	
212	19.808333	D5	74	83	220	22.681837	D5	74	127	
213	19.812500	B4	71	82	221	22.681837	B4	71	127	
214	19.813542	G4	67	82	222	22.681837	G4	67	127	
215	19.815625	F2	41	78	224	22.681837	D2	38	127	
216	20.143750	G2	43	62	*	-1	*	-1	-1	
217	20.145833	E4	64	65	227	23.090928	E4	64	127	
218	20.145833	E5	76	66	*	-1	*	-1	-1	
219	20.150000	C6	84	76	228	23.090928	C6	84	127	
220	20.294792	C6	84	75	230	23.272747	C6	84	127	
221	20.446875	D5	74	60	231	23.454565	D5	74	127	
222	20.603125	A5	81	63	233	23.636383	A5	81	127	
223	20.605208	A4	69	51	232	23.636383	A4	69	127	
224	20.748958	A5	81	65	235	23.818202	A5	81	127	
225	20.753125	G4	67	45	234	23.818202	G4	67	127	
226	20.901042	B4	71	55	236	24.000020	B4	71	127	
227	21.055208	E5	76	67	238	24.181838	E5	76	127	
228	21.055208	G5	79	67	*	-1	*	-1	-1	
229	21.066667	E4	64	37	237	24.181838	E4	64	127	
230	21.203125	F5	77	71	242	24.363657	F5	77	127	
231	21.212500	D5	74	62	241	24.363657	D5	74	127	
232	21.223958	F4	65	41	240	24.363657	F4	65	127	
233	21.352083	E5	76	67	244	24.545475	E5	76	127	
234	21.362500	C5	72	51	243	24.545475	C5	72	127	
235	21.494792	D5	74	61	247	24.727293	D5	74	127	
236	21.501042	B4	71	50	246	24.727293	B4	71	127	
237	21.661458	E5	76	66	248	24.909112	E5	76	127	
238	21.669792	C5	72	57	249	24.909112	C5	72	127	
239	21.680208	C4	60	56	250	24.909112	C4	60	127	
240	21.971875	G5	79	82	251	25.272748	G5	79	127	
241	21.972917	G3	55	69	252	25.272748	G3	55	127	
242	22.004167	G4	67	52	253	25.272748	G4	67	127	
243	22.125000	B4	71	59	255	25.454567	B4	71	127	
244	22.273958	B4	71	63	256	25.636385	B4	71	127	
245	22.426042	C5	72	64	258	25.818203	C5	72	127	
246	22.428125	E4	64	53	257	25.818203	E4	64	127	
247	22.576042	D5	74	56	260	26.000022	D5	74	127	
248	22.577083	D4	62	56	259	26.000022	D4	62	127	
249	22.722917	D5	74	58	261	26.181840	D5	74	127	
250	22.872917	E5	76	61	263	26.363658	E5	76	127	
251	22.873958	C4	60	51	262	26.363658	C4	60	127	
252	23.023958	F5	77	64	265	26.545477	F5	77	127	
253	23.025000	B3	59	57	264	26.545477	B3	59	127	
254	23.190625	F5	77	50	266	26.727295	F5	77	127	
255	23.317708	E5	76	51	268	26.909113	E5	76	127	
256	23.326042	C4	60	45	267	26.909113	C4	60	127	
257	23.530208	G5	79	89	269	27.090932	G5	79	127	
258	23.535417	G2	43	89	273	27.090932	G2	43	127	
259	23.535417	B4	71	80	271	27.090932	B4	71	127	
260	23.535417	D5	74	81	270	27.090932	D5	74	127	
261	23.542708	G1	31	88	276	27.090932	G1	31	127	
262	23.542708	D2	38	86	274	27.090932	D2	38	127	
263	23.544792	B1	35	80	275	27.090932	B1	35	127	
264	23.896875	G3	55	66	277	27.454568	G3	55	127	
265	23.896875	G5	79	77	279	27.454568	G5	79	127	
266	23.904167	G4	67	64	278	27.454568	G4	67	127	
267	24.046875	B4	71	57	281	27.636387	B4	71	127	
268	24.068750	F4	65	55	280	27.636387	F4	65	127	
269	24.355208	E4	64	52	283	28.000023	E4	64	127	
270	24.355208	C5	72	59	284	28.000023	C5	72	127	
271	24.503125	D5	74	65	286	28.181842	D5	74	127	
272	24.505208	D4	62	49	285	28.181842	D4	62	127	
273	24.654167	D5	74	57	287	28.363660	D5	74	127	
274	24.794792	C4	60	54	288	28.545478	C4	60	127	
275	24.796875	E5	76	62	289	28.545478	E5	76	127	
276	24.943750	B3	59	61	290	28.727297	B3	59	127	
277	24.943750	F5	77	64	291	28.727297	F5	77	127	
278	25.086458	F5	77	54	292	28.909115	F5	77	127	
279	25.202083	C4	60	48	293	29.090933	C4	60	127	
280	25.211458	E5	76	54	294	29.090933	E5	76	127	
281	25.437500	G5	79	89	297	29.272752	G5	79	127	
282	25.443750	G1	31	89	302	29.272752	G1	31	127	
283	25.443750	G2	43	89	299	29.272752	G2	43	127	
284	25.443750	B4	71	80	296	29.272752	B4	71	127	
285	25.443750	D5	74	83	295	29.272752	D5	74	127	
286	25.446875	G4	67	85	298	29.272752	G4	67	127	
287	25.447917	B1	35	84	301	29.272752	B1	35	127	
288	25.451042	D2	38	86	300	29.272752	D2	38	127	
289	25.464583	A4	69	63	*	-1	*	-1	-1	
290	25.782292	B3	59	57	*	-1	*	-1	-1	
291	25.792708	C6	84	77	304	29.727298	C6	84	127	
292	25.794792	E4	64	64	303	29.727298	E4	64	127	
293	25.947917	F4	65	58	305	29.909116	F4	65	127	
294	25.947917	C6	84	72	306	29.909116	C6	84	127	
295	26.088542	D5	74	60	307	30.090934	D5	74	127	
296	26.239583	A5	81	67	309	30.272753	A5	81	127	
297	26.243750	A4	69	50	308	30.272753	A4	69	127	
298	26.381250	A5	81	70	310	30.454571	A5	81	127	
299	26.386458	G4	67	48	311	30.454571	G4	67	127	
300	26.519792	B4	71	55	312	30.636389	B4	71	127	
301	26.676042	E4	64	46	313	30.818207	E4	64	127	
302	26.676042	E5	76	67	314	30.818207	E5	76	127	
303	26.676042	G5	79	66	*	-1	*	-1	-1	
304	26.827083	F5	77	69	318	31.000026	F5	77	127	
305	26.833333	D5	74	60	317	31.000026	D5	74	127	
306	26.834375	F4	65	45	316	31.000026	F4	65	127	
307	26.964583	E5	76	66	320	31.181844	E5	76	127	
308	27.105208	G4	67	33	321	31.363663	G4	67	127	
309	27.105208	D5	74	65	323	31.363663	D5	74	127	
310	27.270833	C5	72	60	324	31.545481	C5	72	127	
311	27.275000	C4	60	58	325	31.545481	C4	60	127	
312	27.568750	E3	52	55	326	31.909118	E3	52	127	
313	27.589583	C5	72	56	327	31.909118	C5	72	127	
314	27.721875	C5	72	56	329	32.090936	C5	72	127	
315	27.723958	F3	53	51	328	32.090936	F3	53	127	
316	27.876042	D4	62	49	330	32.272754	D4	62	127	
317	28.006250	A4	69	51	332	32.454573	A4	69	127	
318	28.026042	A3	57	44	331	32.454573	A3	57	127	
319	28.151042	A4	69	50	333	32.636391	A4	69	127	
320	28.180208	G3	55	51	334	32.636391	G3	55	127	
321	28.308333	B3	59	55	335	32.818209	B3	59	127	
322	28.452083	E4	64	57	337	33.000028	E4	64	127	
323	28.453125	G4	67	51	*	-1	*	-1	-1	
324	28.462500	E3	52	45	336	33.000028	E3	52	127	
325	28.602083	F4	65	57	341	33.181846	F4	65	127	
326	28.610417	D4	62	52	340	33.181846	D4	62	127	
327	28.614583	F3	53	44	339	33.181846	F3	53	127	
328	28.744792	E4	64	59	342	33.363664	E4	64	127	
329	28.753125	C4	60	45	343	33.363664	C4	60	127	
330	28.889583	D4	62	57	346	33.545482	D4	62	127	
331	29.151042	C4	60	63	347	33.727301	C4	60	127	
332	29.181250	C3	48	45	349	33.727301	C3	48	127	
333	29.187500	C2	36	38	348	33.727301	C2	36	127	
334	30.113542	A4	69	48	356	34.681847	A4	69	127	
335	30.151042	C#5	73	63	355	34.681847	C#5	73	127	
336	30.157292	E5	76	56	354	34.681847	E5	76	127	
337	30.207292	G5	79	88	353	34.681847	G5	79	127	
338	30.232292	A2	45	68	351	34.681847	A2	45	127	
339	30.239583	E3	52	66	350	34.681847	E3	52	127	
340	30.395833	A4	69	67	357	34.863665	A4	69	127	
341	30.520833	F5	77	76	358	35.045484	F5	77	127	
342	30.527083	D5	74	68	359	35.045484	D5	74	127	
343	30.672917	E5	76	77	361	35.227302	E5	76	127	
344	30.678125	A4	69	71	362	35.227302	A4	69	127	
345	30.685417	C#5	73	71	360	35.227302	C#5	73	127	
346	30.827083	A4	69	78	363	35.409120	A4	69	127	
347	30.969792	D5	74	78	365	35.590939	D5	74	127	
348	30.972917	B4	71	70	364	35.590939	B4	71	127	
349	31.113542	G5	79	78	*	-1	*	-1	-1	
350	31.114583	C#5	73	86	367	35.772757	C#5	73	127	
351	31.117708	G4	67	75	368	35.772757	G4	67	127	
352	31.118750	A4	69	77	366	35.772757	A4	69	127	
353	31.271875	A3	57	71	369	35.954575	A3	57	127	
354	31.412500	F4	65	80	372	36.136394	F4	65	127	
355	31.412500	D5	74	74	371	36.136394	D5	74	127	
356	31.415625	B4	71	70	370	36.136394	B4	71	127	
357	31.576042	E5	76	76	373	36.318212	E5	76	127	
358	31.578125	E4	64	72	375	36.318212	E4	64	127	
359	31.578125	C#5	73	81	374	36.318212	C#5	73	127	
360	31.733333	A3	57	59	376	36.500030	A3	57	127	
361	31.860417	F5	77	82	377	36.681849	F5	77	127	
362	31.869792	D4	62	75	379	36.681849	D4	62	127	
363	31.869792	D5	74	68	378	36.681849	D5	74	127	
364	32.023958	G5	79	80	380	36.863667	G5	79	127	
365	32.025000	E5	76	74	382	36.863667	E5	76	127	
366	32.029167	A4	69	73	381	36.863667	A4	69	127	
367	32.036458	C#4	61	73	383	36.863667	C#4	61	127	
368	32.187500	A3	57	70	384	37.045485	A3	57	127	
369	32.331250	F5	77	71	385	37.227304	F5	77	127	
370	32.337500	D5	74	67	386	37.227304	D5	74	127	
371	32.338542	D4	62	65	387	37.227304	D4	62	127	
372	32.477083	G5	79	79	389	37.409122	G5	79	127	
373	32.488542	Bb4	70	78	388	37.409122	Bb4	70	127	
374	32.488542	D5	74	70	*	-1	*	-1	-1	
375	32.488542	F5	77	75	390	37.409122	F5	77	127	
376	32.489583	G3	55	81	391	37.409122	G3	55	127	
377	32.640625	E5	76	66	392	37.590940	E5	76	127	
378	32.641667	A3	57	71	393	37.590940	A3	57	127	
379	32.794792	D5	74	69	394	37.772759	D5	74	127	
380	32.796875	Bb3	58	73	395	37.772759	Bb3	58	127	
381	32.937500	E5	76	82	397	37.954577	E5	76	127	
382	32.947917	A3	57	74	399	37.954577	A3	57	127	
383	32.948958	A4	69	74	398	37.954577	A4	69	127	
384	32.948958	C#5	73	73	396	37.954577	C#5	73	127	
385	33.100000	G3	55	78	400	38.136395	G3	55	127	
386	33.227083	F5	77	76	402	38.318214	F5	77	127	
387	33.230208	D5	74	68	401	38.318214	D5	74	127	
388	33.240625	F3	53	72	403	38.318214	F3	53	127	
389	33.370833	G5	79	81	404	38.500032	G5	79	127	
390	33.376042	F5	77	78	405	38.500032	F5	77	127	
391	33.378125	Bb4	70	84	406	38.500032	Bb4	70	127	
392	33.381250	G3	55	88	407	38.500032	G3	55	127	
393	33.523958	E5	76	79	408	38.681850	E5	76	127	
394	33.534375	A3	57	77	409	38.681850	A3	57	127	
395	33.678125	D5	74	76	410	38.863669	D5	74	127	
396	33.680208	Bb3	58	82	411	38.863669	Bb3	58	127	
397	33.821875	E5	76	83	412	39.045487	E5	76	127	
398	33.838542	A3	57	78	415	39.045487	A3	57	127	
399	33.838542	A4	69	77	413	39.045487	A4	69	127	
400	33.841667	C#5	73	75	414	39.045487	C#5	73	127	
401	33.995833	G3	55	81	416	39.227305	G3	55	127	
402	34.144792	F5	77	83	418	39.409124	F5	77	127	
403	34.145833	D5	74	78	417	39.409124	D5	74	127	
404	34.148958	F3	53	78	419	39.409124	F3	53	127	
405	34.327083	G5	79	82	422	39.590942	G5	79	127	
406	34.332292	G3	55	86	423	39.590942	G3	55	127	
407	34.336458	Bb4	70	80	420	39.590942	Bb4	70	127	
408	34.508333	A3	57	79	425	39.772760	A3	57	127	
409	34.508333	E5	76	77	424	39.772760	E5	76	127	
410	34.660417	D5	74	78	426	39.954579	D5	74	127	
411	34.665625	Bb3	58	84	427	39.954579	Bb3	58	127	
412	34.852083	D5	74	83	429	40.136397	D5	74	127	
413	34.854167	D6	86	82	*	-1	*	-1	-1	
414	34.857292	A4	69	78	*	-1	*	-1	-1	
415	34.858333	A3	57	72	428	40.136397	A3	57	127	
416	35.019792	E5	76	79	*	-1	*	-1	-1	
417	35.087500	F5	77	74	*	-1	*	-1	-1	
418	35.177083	E5	76	67	*	-1	*	-1	-1	
419	35.239583	F5	77	63	*	-1	*	-1	-1	
420	35.308333	E5	76	64	430	40.500034	E5	76	127	
421	35.487500	A2	45	82	431	40.681852	A2	45	127	
422	36.057292	Bb4	70	68	433	41.409125	Bb4	70	127	
423	36.067708	D5	74	62	432	41.409125	D5	74	127	
424	36.089583	F5	77	71	434	41.409125	F5	77	127	
425	36.138542	G#5	80	86	435	41.409125	G#5	80	127	
426	36.167708	Bb1	34	87	436	41.409125	Bb1	34	127	
427	36.358333	Bb4	70	76	437	41.590944	Bb4	70	127	
428	36.482292	Eb5	75	72	438	41.772762	Eb5	75	127	
429	36.482292	G5	79	77	439	41.772762	G5	79	127	
430	36.640625	D5	74	74	441	41.954580	D5	74	127	
431	36.640625	F5	77	75	442	41.954580	F5	77	127	
432	36.651042	Bb4	70	82	440	41.954580	Bb4	70	127	
433	36.829167	Bb4	70	74	443	42.136399	Bb4	70	127	
434	36.958333	Eb5	75	73	444	42.318217	Eb5	75	127	
435	36.959375	C5	72	71	445	42.318217	C5	72	127	
436	37.109375	G#4	68	84	448	42.500035	G#4	68	127	
437	37.109375	D5	74	74	446	42.500035	D5	74	127	
438	37.109375	G#5	80	78	*	-1	*	-1	-1	
439	37.110417	Bb4	70	78	447	42.500035	Bb4	70	127	
440	37.282292	Bb3	58	73	449	42.681854	Bb3	58	127	
441	37.416667	Eb5	75	74	452	42.863672	Eb5	75	127	
442	37.420833	G5	79	69	*	-1	*	-1	-1	
443	37.421875	G4	67	75	450	42.863672	G4	67	127	
444	37.426042	C5	72	66	451	42.863672	C5	72	127	
445	37.430208	Bb4	70	63	*	-1	*	-1	-1	
446	37.573958	F5	77	71	455	43.045490	F5	77	127	
447	37.578125	D5	74	69	454	43.045490	D5	74	127	
448	37.579167	F4	65	74	453	43.045490	F4	65	127	
449	37.737500	Bb3	58	80	456	43.227309	Bb3	58	127	
450	37.893750	G5	79	71	459	43.409127	G5	79	127	
451	37.894792	Eb4	63	73	457	43.409127	Eb4	63	127	
452	37.896875	Eb5	75	67	458	43.409127	Eb5	75	127	
453	38.047917	F5	77	77	461	43.590945	F5	77	127	
454	38.050000	G#5	80	75	460	43.590945	G#5	80	127	
455	38.051042	D4	62	75	463	43.590945	D4	62	127	
456	38.051042	Bb4	70	77	462	43.590945	Bb4	70	127	
457	38.208333	Bb3	58	78	464	43.772764	Bb3	58	127	
458	38.352083	G5	79	73	467	43.954582	G5	79	127	
459	38.355208	Eb5	75	70	466	43.954582	Eb5	75	127	
460	38.359375	Eb4	63	73	465	43.954582	Eb4	63	127	
461	38.490625	G#5	80	78	469	44.136400	G#5	80	127	
462	38.497917	C5	72	73	470	44.136400	C5	72	127	
463	38.505208	G5	79	75	471	44.136400	G5	79	127	
464	38.509375	G#3	56	74	468	44.136400	G#3	56	127	
465	38.648958	F5	77	79	473	44.318219	F5	77	127	
466	38.670833	Bb3	58	77	472	44.318219	Bb3	58	127	
467	38.796875	Eb5	75	80	475	44.500037	Eb5	75	127	
468	38.811458	C4	60	73	474	44.500037	C4	60	127	
469	38.948958	F5	77	84	477	44.681855	F5	77	127	
470	38.951042	D5	74	76	476	44.681855	D5	74	127	
471	38.967708	Bb3	58	86	478	44.681855	Bb3	58	127	
472	39.128125	G#3	56	74	479	44.863674	G#3	56	127	
473	39.258333	G5	79	80	482	45.045492	G5	79	127	
474	39.269792	G3	55	77	480	45.045492	G3	55	127	
475	39.270833	Eb5	75	66	481	45.045492	Eb5	75	127	
476	39.416667	C5	72	71	485	45.227310	C5	72	127	
477	39.419792	G5	79	76	486	45.227310	G5	79	127	
478	39.420833	G#3	56	77	483	45.227310	G#3	56	127	
479	39.568750	F5	77	83	488	45.409129	F5	77	127	
480	39.589583	Bb3	58	80	487	45.409129	Bb3	58	127	
481	39.727083	Eb5	75	84	490	45.590947	Eb5	75	127	
482	39.732292	C4	60	76	489	45.590947	C4	60	127	
483	39.876042	F5	77	86	492	45.772765	F5	77	127	
484	39.878125	D5	74	80	491	45.772765	D5	74	127	
485	39.889583	Bb3	58	89	493	45.772765	Bb3	58	127	
486	40.051042	G#3	56	80	494	45.954584	G#3	56	127	
487	40.195833	G5	79	84	497	46.136402	G5	79	127	
488	40.211458	G3	55	79	495	46.136402	G3	55	127	
489	40.212500	Eb5	75	69	496	46.136402	Eb5	75	127	
490	40.378125	G#3	56	76	498	46.318220	G#3	56	127	
491	40.380208	G5	79	80	500	46.318220	G5	79	127	
492	40.383333	C5	72	66	501	46.318220	C5	72	127	
493	40.553125	F5	77	84	503	46.500039	F5	77	127	
494	40.555208	Bb3	58	80	502	46.500039	Bb3	58	127	
495	40.716667	Eb5	75	84	505	46.681857	Eb5	75	127	
496	40.717708	C4	60	73	504	46.681857	C4	60	127	
497	40.889583	D5	74	67	507	46.863675	D5	74	127	
498	40.890625	G5	79	84	*	-1	*	-1	-1	
499	40.915625	Bb3	58	81	508	46.863675	Bb3	58	127	
500	40.966667	F5	77	79	*	-1	*	-1	-1	
501	41.027083	G5	79	74	*	-1	*	-1	-1	
502	41.094792	F5	77	79	506	46.863675	F5	77	127	
503	41.421875	Bb2	46	65	509	47.227312	Bb2	46	127	
504	41.592708	Eb3	51	50	510	47.409130	Eb3	51	127	
505	41.719792	Eb3	51	57	511	47.590949	Eb3	51	127	
506	41.876042	D3	50	47	512	47.772767	D3	50	127	
507	41.879167	Bb3	58	55	513	47.772767	Bb3	58	127	
508	42.026042	G3	55	49	515	47.954585	G3	55	127	
509	42.026042	Eb4	63	55	514	47.954585	Eb4	63	127	
510	42.175000	Eb4	63	52	516	48.136404	Eb4	63	127	
511	42.327083	F3	53	44	517	48.318222	F3	53	127	
512	42.327083	D4	62	47	518	48.318222	D4	62	127	
513	42.480208	Eb3	51	55	519	48.500040	Eb3	51	127	
514	42.480208	G4	67	52	520	48.500040	G4	67	127	
515	42.619792	G4	67	51	521	48.681859	G4	67	127	
516	42.780208	D3	50	54	522	48.863677	D3	50	127	
517	42.787500	F#4	66	57	523	48.863677	F#4	66	127	
518	42.930208	Bb4	70	63	524	49.045495	Bb4	70	127	
519	42.932292	G3	55	60	525	49.045495	G3	55	127	
520	43.096875	Bb4	70	55	526	49.227314	Bb4	70	127	
521	43.228125	F3	53	49	527	49.409132	F3	53	127	
522	43.228125	A4	69	51	528	49.409132	A4	69	127	
523	43.380208	F4	65	51	530	49.590950	F4	65	127	
524	43.393750	D5	74	67	531	49.590950	D5	74	127	
525	43.398958	A4	69	49	*	-1	*	-1	-1	
526	43.532292	D5	74	66	532	49.772769	D5	74	127	
527	43.696875	C#5	73	63	534	49.954587	C#5	73	127	
528	43.702083	E4	64	46	533	49.954587	E4	64	127	
529	43.842708	F5	77	76	535	50.136405	F5	77	127	
530	43.847917	D4	62	61	536	50.136405	D4	62	127	
531	43.992708	F5	77	73	537	50.318224	F5	77	127	
532	44.135417	E5	76	69	539	50.500042	E5	76	127	
533	44.141667	C4	60	59	538	50.500042	C4	60	127	
534	44.289583	A5	81	81	541	50.681860	A5	81	127	
535	44.292708	C4	60	62	540	50.681860	C4	60	127	
536	44.427083	A5	81	86	542	50.863679	A5	81	127	
537	44.578125	B3	59	54	543	51.045497	B3	59	127	
538	44.578125	G#5	80	86	544	51.045497	G#5	80	127	
539	44.729167	C6	84	83	545	51.227315	C6	84	127	
540	44.730208	A3	57	53	546	51.227315	A3	57	127	
541	44.875000	C6	84	85	547	51.409134	C6	84	127	
542	45.018750	B3	59	68	548	51.590952	B3	59	127	
543	45.018750	B5	83	82	549	51.590952	B5	83	127	
544	45.175000	A5	81	78	551	51.772770	A5	81	127	
545	45.190625	C4	60	51	550	51.772770	C4	60	127	
546	45.317708	A5	81	77	552	51.954589	A5	81	127	
547	45.456250	A3	57	47	553	52.136407	A3	57	127	
548	45.459375	G5	79	75	554	52.136407	G5	79	127	
549	45.605208	D4	62	60	557	52.318225	D4	62	127	
550	45.612500	F5	77	69	555	52.318225	F5	77	127	
551	45.633333	D3	50	47	556	52.318225	D3	50	127	
552	45.771875	E5	76	64	558	52.500044	E5	76	127	
553	45.902083	E3	52	50	559	52.681862	E3	52	127	
554	45.916667	D5	74	71	560	52.681862	D5	74	127	
555	46.077083	B3	59	66	561	52.863680	B3	59	127	
556	46.084375	A3	57	53	562	52.863680	A3	57	127	
557	46.089583	F3	53	51	563	52.863680	F3	53	127	
558	46.089583	D5	74	57	564	52.863680	C5	72	127	
559	46.222917	B4	71	55	565	53.045499	B4	71	127	
560	46.369792	A4	69	50	566	53.227317	A4	69	127	
561	46.557292	B4	71	50	568	53.409135	B4	71	127	
562	46.581250	B3	59	43	570	53.409135	B3	59	127	
563	46.583333	E4	64	45	567	53.409135	E4	64	127	
564	46.587500	E3	52	35	569	53.409135	E3	52	127	
565	46.880208	E3	52	68	571	53.772772	E3	52	127	
566	47.031250	A3	57	68	572	53.954590	A3	57	127	
567	47.182292	A3	57	51	573	54.136409	A3	57	127	
568	47.316667	G#3	56	62	574	54.318227	G#3	56	127	
569	47.317708	E4	64	54	575	54.318227	E4	64	127	
570	47.452083	C4	60	63	577	54.500045	C4	60	127	
571	47.456250	A4	69	63	576	54.500045	A4	69	127	
572	47.607292	A4	69	61	578	54.681864	A4	69	127	
573	47.739583	B3	59	64	579	54.863682	B3	59	127	
574	47.745833	G#4	68	64	580	54.863682	G#4	68	127	
575	47.898958	C5	72	68	582	55.045500	C5	72	127	
576	47.900000	A3	57	68	581	55.045500	A3	57	127	
577	48.041667	C5	72	59	583	55.227319	C5	72	127	
578	48.188542	B4	71	59	585	55.409137	B4	71	127	
579	48.191667	G3	55	64	584	55.409137	G3	55	127	
580	48.332292	E5	76	71	586	55.590955	E5	76	127	
581	48.337500	C4	60	63	587	55.590955	C4	60	127	
582	48.480208	E5	76	68	588	55.772774	E5	76	127	
583	48.623958	Bb3	58	57	589	55.954592	Bb3	58	127	
584	48.629167	D5	74	61	590	55.954592	D5	74	127	
585	48.770833	G5	79	83	592	56.136410	G5	79	127	
586	48.777083	A3	57	63	591	56.136410	Bb3	58	127	
587	48.919792	G5	79	80	593	56.318229	G5	79	127	
588	49.066667	F#5	78	76	595	56.500047	F#5	78	127	
589	49.094792	A3	57	45	594	56.500047	A3	57	127	
590	49.218750	Bb5	82	76	596	56.681865	Bb5	82	127	
591	49.230208	G4	67	60	597	56.681865	G4	67	127	
592	49.363542	Bb5	82	75	598	56.863684	Bb5	82	127	
593	49.500000	A5	81	70	600	57.045502	A5	81	127	
594	49.508333	F4	65	53	599	57.045502	F4	65	127	
595	49.651042	D6	86	81	602	57.227320	D6	86	127	
596	49.672917	E4	64	47	601	57.227320	F4	65	127	
597	49.792708	F4	65	40	*	-1	*	-1	-1	
598	49.792708	D6	86	84	603	57.409139	D6	86	127	
599	49.940625	C#6	85	92	605	57.590957	C#6	85	127	
600	49.962500	D4	62	57	604	57.590957	E4	64	127	
601	50.098958	F6	89	80	606	57.772775	F6	89	127	
602	50.102083	D4	62	62	608	57.772775	D4	62	127	
603	50.237500	F6	89	79	609	57.954594	F6	89	127	
604	50.388542	E6	88	83	611	58.136412	E6	88	127	
605	50.390625	E3	52	53	610	58.136412	E3	52	127	
606	50.539583	F3	53	56	612	58.318230	F3	53	127	
607	50.539583	D6	86	84	613	58.318230	D6	86	127	
608	50.697917	D6	86	79	614	58.500049	D6	86	127	
609	50.707292	D4	62	37	*	-1	*	-1	-1	
610	50.826042	D3	50	57	615	58.681867	D3	50	127	
611	50.841667	C6	84	74	616	58.681867	C6	84	127	
612	50.985417	Bb5	82	69	617	58.863685	Bb5	82	127	
613	51.003125	G3	55	54	619	58.863685	G3	55	127	
614	51.131250	A5	81	68	621	59.045504	A5	81	127	
615	51.164583	F3	53	39	620	59.045504	A3	57	127	
616	51.260417	G5	79	64	623	59.227322	G5	79	127	
617	51.295833	E3	52	46	622	59.227322	E3	52	127	
618	51.339583	F5	77	72	*	-1	*	-1	-1	
619	51.389583	G5	79	56	626	59.409140	G5	79	127	
620	51.452083	D3	50	57	624	59.409140	D3	50	127	
621	51.462500	F5	77	63	625	59.409140	F5	77	127	
622	51.620833	E5	76	54	627	59.590959	E5	76	127	
623	51.719792	D3	50	54	628	59.772777	D3	50	127	
624	51.758333	F5	77	41	630	59.772777	F5	77	127	
625	51.758333	B5	83	48	629	59.772777	B5	83	127	
626	51.890625	G5	79	67	631	59.954595	G5	79	127	
627	51.898958	C6	84	68	632	59.954595	C6	84	127	
628	51.902083	C3	48	64	633	59.954595	C3	48	127	
629	52.073958	C4	60	59	634	60.136414	C4	60	127	
630	52.181250	E5	76	67	637	60.318232	E5	76	127	
631	52.240625	Bb3	58	55	636	60.318232	Bb3	58	127	
632	52.242708	F5	77	61	*	-1	*	-1	-1	
633	52.296875	E5	76	63	*	-1	*	-1	-1	
634	52.357292	F5	77	68	639	60.500050	F5	77	127	
635	52.358333	A3	57	56	638	60.500050	A3	57	127	
636	52.516667	G5	79	73	641	60.681869	G5	79	127	
637	52.520833	G3	55	57	640	60.681869	G3	55	127	
638	52.661458	A5	81	70	643	60.863687	A5	81	127	
639	52.682292	F3	53	50	642	60.863687	F3	53	127	
640	52.808333	G5	79	74	644	61.045505	G5	79	127	
641	52.832292	C3	48	56	645	61.045505	C3	48	127	
642	52.973958	C5	72	57	647	61.227324	C5	72	127	
643	52.977083	C4	60	57	646	61.227324	C4	60	127	
644	53.040625	E5	76	63	649	61.409142	E5	76	127	
645	53.100000	F5	77	67	651	61.590960	F5	77	127	
646	53.130208	Bb3	58	52	648	61.409142	Bb3	58	127	
647	53.181250	E5	76	65	652	61.636415	E5	76	127	
648	53.230208	F5	77	62	653	61.681870	F5	77	127	
649	53.240625	A3	57	51	650	61.590960	A3	57	127	
650	53.389583	G5	79	65	655	61.772779	G5	79	127	
651	53.426042	G3	55	50	654	61.772779	G3	55	127	
652	53.529167	A5	81	64	657	61.954597	A5	81	127	
653	53.547917	F3	53	45	656	61.954597	F3	53	127	
654	53.716667	G5	79	56	658	62.136415	G5	79	127	
655	53.718750	C3	48	54	659	62.136415	C3	48	127	
656	54.026042	C6	84	71	660	62.500052	C6	84	127	
657	54.029167	C4	60	58	661	62.500052	C4	60	127	
658	54.181250	E5	76	55	664	62.681870	E5	76	127	
659	54.195833	Bb4	70	52	663	62.681870	Bb4	70	127	
660	54.358333	E5	76	40	665	62.863689	E5	76	127	
661	54.494792	F5	77	56	667	63.045507	F5	77	127	
662	54.498958	A4	69	39	666	63.045507	A4	69	127	
663	54.646875	G5	79	60	668	63.227325	G5	79	127	
664	54.648958	G4	67	45	669	63.227325	G4	67	127	
665	54.812500	G5	79	47	670	63.409144	G5	79	127	
666	54.945833	A5	81	63	672	63.590962	A5	81	127	
667	54.951042	F4	65	41	671	63.590962	F4	65	127	
668	55.108333	Bb5	82	56	674	63.772780	Bb5	82	127	
669	55.110417	E4	64	55	673	63.772780	E4	64	127	
670	55.247917	Bb5	82	45	675	63.954599	Bb5	82	127	
671	55.388542	A5	81	65	677	64.136417	A5	81	127	
672	55.390625	F4	65	44	676	64.136417	F4	65	127	
673	55.605208	G5	79	81	678	64.318235	G5	79	127	
674	55.605208	C6	84	83	679	64.318235	C6	84	127	
675	55.607292	E5	76	78	680	64.318235	E5	76	127	
676	55.608333	C3	48	73	685	64.318235	C3	48	127	
677	55.610417	E2	40	70	683	64.318235	E2	40	127	
678	55.610417	G2	43	67	682	64.318235	G2	43	127	
679	55.612500	C2	36	71	684	64.318235	C2	36	127	
680	55.947917	C6	84	71	686	64.681872	C6	84	127	
681	55.977083	C5	72	57	687	64.681872	C4	60	127	
682	56.097917	E5	76	61	689	64.863690	E5	76	127	
683	56.140625	Bb4	70	69	688	64.863690	Bb4	70	127	
684	56.256250	E5	76	42	690	65.045509	E5	76	127	
685	56.394792	F5	77	70	692	65.227327	F5	77	127	
686	56.401042	A4	69	53	691	65.227327	A4	69	127	
687	56.544792	G5	79	67	693	65.409145	G5	79	127	
688	56.567708	G4	67	57	694	65.409145	G4	67	127	
689	56.704167	G5	79	53	695	65.590964	G5	79	127	
690	56.858333	F4	65	46	696	65.772782	F4	65	127	
691	56.858333	A5	81	64	697	65.772782	A5	81	127	
692	57.013542	E4	64	55	698	65.954600	E4	64	127	
693	57.018750	Bb5	82	53	699	65.954600	Bb5	82	127	
694	57.154167	Bb5	82	51	700	66.136419	Bb5	82	127	
695	57.269792	F4	65	53	701	66.318237	F4	65	127	
696	57.273958	A5	81	57	702	66.318237	A5	81	127	
697	57.277083	F5	77	50	*	-1	*	-1	-1	
698	57.511458	C6	84	89	704	66.500055	C6	84	127	
699	57.513542	G5	79	82	703	66.500055	G5	79	127	
700	57.514583	E5	76	82	706	66.500055	E5	76	127	
701	57.519792	C3	48	84	710	66.500055	C3	48	127	
702	57.523958	E2	40	81	708	66.500055	E2	40	127	
703	57.525000	C2	36	78	707	66.500055	C2	36	127	
704	57.525000	G2	43	75	709	66.500055	G2	43	127	
705	57.869792	A4	69	71	712	66.909147	A4	69	127	
706	58.020833	F6	89	71	713	67.090965	F6	89	127	
707	58.051042	Bb4	70	61	714	67.090965	Bb4	70	127	
708	58.177083	G5	79	62	715	67.272783	G5	79	127	
709	58.327083	D5	74	62	717	67.454602	D5	74	127	
710	58.328125	D6	86	66	716	67.454602	D6	86	127	
711	58.461458	D6	86	67	718	67.636420	D6	86	127	
712	58.466667	C5	72	49	719	67.636420	C5	72	127	
713	58.608333	E5	76	57	720	67.818238	E5	76	127	
714	58.770833	C6	84	74	722	68.000057	C6	84	127	
715	58.773958	A5	81	63	721	68.000057	A5	81	127	
716	58.777083	A4	69	49	723	68.000057	A4	69	127	
717	58.915625	Bb5	82	67	725	68.181875	Bb5	82	127	
718	58.921875	Bb4	70	57	726	68.181875	Bb4	70	127	
719	58.933333	G5	79	49	724	68.181875	G5	79	127	
720	59.058333	A5	81	69	727	68.363693	A5	81	127	
721	59.082292	F5	77	40	728	68.363693	F5	77	127	
722	59.195833	C5	72	36	731	68.545512	C5	72	127	
723	59.197917	G5	79	54	729	68.545512	G5	79	127	
724	59.353125	A5	81	71	*	-1	*	-1	-1	
725	59.360417	F4	65	46	733	68.727330	F4	65	127	
726	59.365625	F5	77	53	732	68.727330	F5	77	127	
727	59.670833	C5	72	74	736	69.090967	C5	72	127	
728	59.670833	C6	84	80	735	69.090967	C6	84	127	
729	59.675000	C4	60	66	734	69.090967	C4	60	127	
730	59.827083	E5	76	61	737	69.272785	E5	76	127	
731	59.839583	Bb4	70	54	738	69.272785	Bb4	70	127	
732	59.978125	E5	76	55	739	69.454603	E5	76	127	
733	60.129167	F5	77	69	740	69.636422	F5	77	127	
734	60.130208	A4	69	45	741	69.636422	A4	69	127	
735	60.270833	G4	67	43	743	69.818240	G4	67	127	
736	60.271875	G5	79	68	742	69.818240	G5	79	127	
737	60.430208	F5	77	42	*	-1	*	-1	-1	
738	60.431250	G5	79	50	744	70.000058	G5	79	127	
739	60.568750	A5	81	70	745	70.181877	A5	81	127	
740	60.579167	C4	60	31	*	-1	*	-1	-1	
741	60.596875	F4	65	27	746	70.181877	F4	65	127	
742	60.719792	C4	60	37	*	-1	*	-1	-1	
743	60.719792	Bb5	82	67	747	70.363695	Bb5	82	127	
744	60.728125	E4	64	47	748	70.363695	E4	64	127	
745	60.879167	Bb5	82	54	749	70.545513	Bb5	82	127	
746	60.988542	A5	81	59	750	70.727332	A5	81	127	
747	60.993750	F4	65	41	751	70.727332	F4	65	127	
748	61.182292	C6	84	88	752	70.909150	C6	84	127	
749	61.185417	E5	76	83	754	70.909150	E5	76	127	
750	61.187500	G5	79	84	755	70.909150	G5	79	127	
751	61.190625	E2	40	80	757	70.909150	E2	40	127	
752	61.190625	G2	43	76	758	70.909150	G2	43	127	
753	61.190625	C3	48	82	759	70.909150	C3	48	127	
754	61.192708	C2	36	78	756	70.909150	C2	36	127	
755	61.508333	C6	84	75	761	71.272787	C6	84	127	
756	61.529167	C4	60	69	760	71.272787	C4	60	127	
757	61.530208	C5	72	68	*	-1	*	-1	-1	
758	61.656250	E5	76	65	762	71.454605	E5	76	127	
759	61.708333	Bb4	70	59	763	71.454605	Bb4	70	127	
760	61.820833	E5	76	51	764	71.636423	E5	76	127	
761	61.982292	F5	77	66	765	71.818242	F5	77	127	
762	61.985417	A4	69	49	766	71.818242	A4	69	127	
763	62.131250	G5	79	62	767	72.000060	G5	79	127	
764	62.136458	G4	67	50	768	72.000060	G4	67	127	
765	62.291667	G5	79	50	769	72.181878	G5	79	127	
766	62.428125	A5	81	68	770	72.363697	A5	81	127	
767	62.437500	F4	65	37	771	72.363697	F4	65	127	
768	62.591667	E4	64	51	773	72.545515	E4	64	127	
769	62.591667	Bb5	82	59	772	72.545515	Bb5	82	127	
770	62.723958	Bb5	82	53	774	72.727333	Bb5	82	127	
771	62.858333	A5	81	60	775	72.909152	A5	81	127	
772	62.864583	F4	65	39	776	72.909152	F4	65	127	
773	63.066667	C6	84	85	777	73.090970	C6	84	127	
774	63.067708	G5	79	82	779	73.090970	G5	79	127	
775	63.068750	E5	76	82	778	73.090970	E5	76	127	
776	63.071875	C3	48	82	783	73.090970	C3	48	127	
777	63.078125	C2	36	80	781	73.090970	C2	36	127	
778	63.078125	E2	40	78	782	73.090970	E2	40	127	
779	63.079167	G2	43	71	784	73.090970	G2	43	127	
780	63.431250	A4	69	66	785	73.500061	A4	69	127	
781	63.576042	F6	89	72	788	73.681880	F6	89	127	
782	63.588542	Bb4	70	63	787	73.681880	Bb4	70	127	
783	63.730208	G5	79	59	789	73.863698	G5	79	127	
784	63.880208	D5	74	59	791	74.045516	D5	74	127	
785	63.880208	D6	86	64	790	74.045516	D6	86	127	
786	64.019792	D6	86	69	793	74.227335	D6	86	127	
787	64.020833	C5	72	63	792	74.227335	C5	72	127	
788	64.171875	E5	76	56	794	74.409153	E5	76	127	
789	64.318750	C6	84	66	796	74.590971	C6	84	127	
790	64.322917	A5	81	53	797	74.590971	A5	81	127	
791	64.327083	A4	69	55	795	74.590971	A4	69	127	
792	64.454167	Bb5	82	66	799	74.772790	Bb5	82	127	
793	64.482292	Bb4	70	48	798	74.772790	Bb4	70	127	
794	64.484375	G5	79	45	800	74.772790	G5	79	127	
795	64.591667	A5	81	69	801	74.954608	A5	81	127	
796	64.598958	F5	77	54	802	74.954608	F5	77	127	
797	64.732292	G5	79	64	803	75.136426	G5	79	127	
798	64.733333	E5	76	59	804	75.136426	E5	76	127	
799	64.750000	C5	72	49	805	75.136426	C5	72	127	
800	64.902083	F5	77	69	807	75.318245	F5	77	127	
801	64.921875	F4	65	45	806	75.318245	F4	65	127	
802	65.218750	F5	77	74	809	75.681881	F5	77	127	
803	65.219792	A3	57	60	808	75.681881	A3	57	127	
804	65.358333	F5	77	69	811	75.863700	F5	77	127	
805	65.386458	Bb3	58	51	810	75.863700	Bb3	58	127	
806	65.493750	G4	67	52	812	76.045518	G4	67	127	
807	65.648958	D4	62	50	814	76.227336	D4	62	127	
808	65.648958	D5	74	63	813	76.227336	D5	74	127	
809	65.779167	D5	74	73	816	76.409155	D5	74	127	
810	65.780208	C4	60	62	815	76.409155	C4	60	127	
811	65.930208	E4	64	50	817	76.590973	E4	64	127	
812	66.066667	A4	69	65	820	76.772791	A4	69	127	
813	66.066667	C5	72	68	819	76.772791	C5	72	127	
814	66.092708	A3	57	55	818	76.772791	A3	57	127	
815	66.207292	Bb4	70	77	822	76.954610	Bb4	70	127	
816	66.240625	G4	67	38	823	76.954610	G4	67	127	
817	66.242708	Bb3	58	59	821	76.954610	Bb3	58	127	
818	66.358333	A4	69	61	825	77.136428	A4	69	127	
819	66.473958	E4	64	55	827	77.318246	E4	64	127	
820	66.473958	G4	67	65	826	77.318246	G4	67	127	
821	66.628125	A4	69	81	831	77.500065	A4	69	127	
822	66.648958	F4	65	61	830	77.500065	F4	65	127	
823	66.660417	F2	41	55	829	77.500065	F3	53	127	
824	66.777083	C5	72	103	832	77.681883	C5	72	127	
825	66.938542	C2	36	69	834	77.863701	C2	36	127	
826	66.938542	C3	48	67	833	77.863701	C3	48	127	
827	67.040625	Bb4	70	83	839	78.045520	Bb4	70	127	
828	67.068750	F4	65	78	835	78.045520	F4	65	127	
829	67.081250	A4	69	85	838	78.045520	A4	69	127	
830	67.083333	F3	53	83	836	78.045520	F3	53	127	
831	67.086458	F2	41	85	837	78.045520	F2	41	127	
832	67.238542	C5	72	99	840	78.227338	C5	72	127	
833	67.368750	C3	48	87	842	78.409156	C3	48	127	
834	67.369792	C2	36	85	841	78.409156	C2	36	127	
835	67.495833	Bb4	70	91	845	78.590975	Bb4	70	127	
836	67.510417	F4	65	80	846	78.590975	F4	65	127	
837	67.519792	F2	41	90	844	78.590975	F2	41	127	
838	67.519792	F3	53	86	843	78.590975	F3	53	127	
839	67.519792	A4	69	82	847	78.590975	A4	69	127	
840	67.671875	C5	72	101	848	78.772793	C5	72	127	
841	67.791667	C3	48	87	849	78.954611	C3	48	127	
842	67.792708	C2	36	85	850	78.954611	C2	36	127	
843	67.911458	Bb4	70	89	853	79.136430	Bb4	70	127	
844	67.938542	F2	41	89	852	79.136430	F2	41	127	
845	67.940625	F3	53	84	851	79.136430	F3	53	127	
846	67.940625	F4	65	79	855	79.136430	F4	65	127	
847	67.943750	A4	69	83	854	79.136430	A4	69	127	
848	68.083333	E5	76	95	857	79.318248	E5	76	127	
849	68.086458	G4	67	92	856	79.318248	G4	67	127	
850	68.212500	C3	48	88	858	79.500066	C3	48	127	
851	68.213542	C2	36	89	859	79.500066	C2	36	127	
852	68.376042	F5	77	96	861	79.681885	F5	77	127	
853	68.378125	F4	65	98	860	79.681885	F4	65	127	
854	68.388542	F3	53	89	862	79.681885	F3	53	127	
855	68.389583	F2	41	97	863	79.681885	F2	41	127	
*	-1	*	-1	-1	22	3.590912	C5	72	127	
*	-1	*	-1	-1	37	5.409095	G4	67	127	
*	-1	*	-1	-1	57	7.227279	G4	67	127	
*	-1	*	-1	-1	62	7.590915	G4	67	127	
*	-1	*	-1	-1	67	7.954552	G4	67	127	
*	-1	*	-1	-1	72	8.318189	E4	64	127	
*	-1	*	-1	-1	90	10.500009	G4	67	127	
*	-1	*	-1	-1	93	10.681827	F4	65	127	
*	-1	*	-1	-1	104	11.772737	F3	53	127	
*	-1	*	-1	-1	112	12.318192	G3	55	127	
*	-1	*	-1	-1	135	14.863649	D4	62	127	
*	-1	*	-1	-1	138	15.045467	C4	60	127	
*	-1	*	-1	-1	150	16.136377	C5	72	127	
*	-1	*	-1	-1	177	18.681834	G4	67	127	
*	-1	*	-1	-1	181	19.045470	B4	71	127	
*	-1	*	-1	-1	200	20.500017	B1	35	127	
*	-1	*	-1	-1	225	22.681837	B1	35	127	
*	-1	*	-1	-1	229	23.272747	F4	65	127	
*	-1	*	-1	-1	239	24.181838	C5	72	127	
*	-1	*	-1	-1	245	24.727293	G4	67	127	
*	-1	*	-1	-1	254	25.454567	F4	65	127	
*	-1	*	-1	-1	272	27.090932	G4	67	127	
*	-1	*	-1	-1	282	27.818205	B4	71	127	
*	-1	*	-1	-1	315	30.818207	C5	72	127	
*	-1	*	-1	-1	319	31.181844	C5	72	127	
*	-1	*	-1	-1	322	31.363663	B4	71	127	
*	-1	*	-1	-1	338	33.000028	C4	60	127	
*	-1	*	-1	-1	344	33.545482	G3	55	127	
*	-1	*	-1	-1	345	33.545482	B3	59	127	
*	-1	*	-1	-1	352	34.681847	A3	57	127	
*	-1	*	-1	-1	421	39.590942	F5	77	127	
*	-1	*	-1	-1	484	45.227310	G#5	80	127	
*	-1	*	-1	-1	499	46.318220	G#5	80	127	
*	-1	*	-1	-1	529	49.590950	F3	53	127	
*	-1	*	-1	-1	607	57.772775	D3	50	127	
*	-1	*	-1	-1	618	58.863685	D4	62	127	
*	-1	*	-1	-1	635	60.136414	C5	72	127	
*	-1	*	-1	-1	662	62.500052	C5	72	127	
*	-1	*	-1	-1	681	64.318235	C5	72	127	
*	-1	*	-1	-1	705	66.500055	C5	72	127	
*	-1	*	-1	-1	711	66.909147	F6	89	127	
*	-1	*	-1	-1	730	68.545512	E5	76	127	
*	-1	*	-1	-1	753	70.909150	C5	72	127	
*	-1	*	-1	-1	780	73.090970	C5	72	127	
*	-1	*	-1	-1	786	73.500061	F6	89	127	
*	-1	*	-1	-1	824	77.136428	F4	65	127	
*	-1	*	-1	-1	828	77.318246	C4	60	127	
