// alignID alignOntime alignSitch alignPitch alignOnvel refID refOntime refSitch refPitch refOnvel
0	6.994792	A4	69	69	0	0.139323	A4	69	127	
1	7.243750	F4	65	62	2	0.416667	F4	65	127	
2	7.244792	D4	62	55	1	0.416667	D4	62	127	
3	7.244792	D5	74	89	3	0.416667	D5	74	127	
4	7.493750	E5	76	94	4	0.694010	E5	76	127	
5	7.744792	F5	77	74	5	0.971354	F5	77	127	
6	7.994792	C#4	61	54	7	1.248698	C#4	61	127	
7	7.994792	E4	64	55	8	1.248698	E4	64	127	
8	7.994792	E5	76	85	6	1.248698	E5	76	127	
9	8.244792	A5	81	95	9	1.526042	A5	81	127	
10	8.493750	A4	69	56	10	1.803385	A4	69	127	
11	8.744792	G5	79	85	11	2.080729	G5	79	127	
12	8.745833	D4	62	54	12	2.080729	D4	62	127	
13	8.810417	F5	77	69	13	2.149740	F5	77	127	
14	8.870833	G5	79	81	14	2.218750	G5	79	127	
15	8.933333	F5	77	72	15	2.287760	F5	77	127	
16	8.994792	F4	65	60	17	2.356771	F4	65	127	
17	8.994792	G5	79	80	16	2.356771	G5	79	127	
18	9.058333	F5	77	74	18	2.425781	F5	77	127	
19	9.120833	G5	79	82	19	2.494792	G5	79	127	
20	9.183333	F5	77	73	20	2.563802	F5	77	127	
21	9.244792	A4	69	65	22	2.632812	A4	69	127	
22	9.244792	G5	79	81	21	2.632812	G5	79	127	
23	9.306250	F5	77	73	23	2.701823	F5	77	127	
24	9.369792	E5	76	72	24	2.770833	G5	79	127	
25	9.433333	F5	77	74	25	2.839844	F5	77	127	
26	9.494792	C4	60	64	27	2.908854	C4	60	127	
27	9.494792	E5	76	72	26	2.908854	E5	76	127	
28	9.745833	E4	64	62	28	3.186198	E4	64	127	
29	9.994792	A5	81	88	29	3.463542	A5	81	127	
30	9.995833	A4	69	62	30	3.463542	A4	69	127	
31	10.244792	G5	79	95	31	3.740885	G5	79	127	
32	10.245833	Bb3	58	64	33	3.740885	Bb3	58	127	
33	10.247917	D4	62	51	32	3.740885	D4	62	127	
34	10.493750	Bb5	82	82	34	4.018229	Bb5	82	127	
35	10.617708	A5	81	82	35	4.157552	A5	81	127	
36	10.743750	G5	79	84	36	4.296875	G5	79	127	
37	10.869792	F5	77	73	37	4.436198	F5	77	127	
38	10.993750	E5	76	83	38	4.575521	E5	76	127	
39	10.994792	E4	64	57	40	4.575521	E4	64	127	
40	10.995833	D4	62	51	39	4.575521	D4	62	127	
41	10.997917	G3	55	49	41	4.575521	G3	55	127	
42	11.245833	G5	79	72	42	4.852865	G5	79	127	
43	11.370833	F5	77	73	43	4.992188	F5	77	127	
44	11.494792	E5	76	69	44	5.131510	E5	76	127	
45	11.620833	D5	74	70	45	5.270833	D5	74	127	
46	11.744792	A3	57	61	47	5.410156	A3	57	127	
47	11.747917	D5	74	77	46	5.410156	D5	74	127	
48	11.994792	C#4	61	58	48	5.687500	C#4	61	127	
49	12.244792	C#5	73	66	49	5.964844	C#5	73	127	
50	12.245833	E4	64	57	50	5.964844	E4	64	127	
51	12.494792	A4	69	75	51	6.242188	A4	69	127	
52	12.618750	G4	67	67	52	6.381510	G4	67	127	
53	12.743750	F4	65	60	53	6.520833	F4	65	127	
54	12.868750	E4	64	60	54	6.660156	E4	64	127	
55	12.995833	D4	62	57	56	6.799479	D4	62	127	
56	12.995833	A5	81	88	55	6.799479	A5	81	127	
57	13.244792	C5	72	86	57	7.076823	C5	72	127	
58	13.245833	G4	67	73	58	7.076823	G4	67	127	
59	13.494792	Bb4	70	81	59	7.354167	Bb4	70	127	
60	13.744792	G4	67	64	61	7.631510	G4	67	127	
61	13.744792	G5	79	99	60	7.631510	G5	79	127	
62	13.994792	Bb4	70	92	62	7.908854	Bb4	70	127	
63	13.997917	F4	65	69	63	7.908854	F4	65	127	
64	14.243750	A4	69	86	64	8.186198	A4	69	127	
65	14.494792	F5	77	95	65	8.463542	F5	77	127	
66	14.495833	F4	65	60	66	8.463542	F4	65	127	
67	14.744792	E4	64	66	68	8.740885	E4	64	127	
68	14.744792	A4	69	78	67	8.740885	A4	69	127	
69	14.994792	G4	67	79	69	9.018229	G4	67	127	
70	15.245833	E5	76	75	70	9.295573	E5	76	127	
71	15.248958	E4	64	61	71	9.295573	E4	64	127	
72	15.495833	D4	62	62	73	9.572917	D4	62	127	
73	15.495833	G4	67	77	72	9.572917	G4	67	127	
74	15.745833	F4	65	75	74	9.850260	F4	65	127	
75	15.994792	D5	74	91	75	10.127604	D5	74	127	
76	15.995833	D4	62	62	76	10.127604	D4	62	127	
77	16.247917	C4	60	62	78	10.404948	C4	60	127	
78	16.247917	F4	65	69	77	10.404948	F4	65	127	
79	16.495833	E4	64	66	79	10.682292	E4	64	127	
80	16.748958	C5	72	84	80	10.959635	C5	72	127	
81	16.751042	C4	60	61	81	10.959635	C4	60	127	
82	17.003125	Bb3	58	58	83	11.236979	Bb3	58	127	
83	17.004167	E4	64	73	82	11.236979	E4	64	127	
84	17.258333	D4	62	64	84	11.514323	D4	62	127	
85	17.515625	Bb3	58	58	86	11.791667	Bb3	58	127	
86	17.515625	Bb4	70	67	85	11.791667	Bb4	70	127	
87	17.775000	A3	57	64	88	12.069010	A3	57	127	
88	17.775000	C4	60	66	87	12.069010	C4	60	127	
89	18.025000	Bb3	58	65	90	12.346354	Bb3	58	127	
90	18.025000	D4	62	62	89	12.346354	D4	62	127	
91	18.148958	C4	60	65	92	12.485677	C4	60	127	
92	18.150000	E4	64	67	91	12.485677	E4	64	127	
93	18.275000	D4	62	58	94	12.625000	D4	62	127	
94	18.275000	F4	65	72	93	12.625000	F4	65	127	
95	18.401042	E4	64	69	96	12.764323	E4	64	127	
96	18.401042	G4	67	74	95	12.764323	G4	67	127	
97	18.525000	A4	69	80	97	12.903646	A4	69	127	
98	18.526042	F4	65	68	98	12.903646	F4	65	127	
99	18.776042	G4	67	77	99	13.180990	G4	67	127	
100	18.777083	E4	64	72	100	13.180990	E4	64	127	
101	19.025000	D4	62	52	102	13.458333	D4	62	127	
102	19.025000	F4	65	61	101	13.458333	F4	65	127	
103	19.273958	C4	60	65	104	13.735677	C4	60	127	
104	19.273958	E4	64	66	103	13.735677	E4	64	127	
105	19.396875	D4	62	61	106	13.875000	D4	62	127	
106	19.396875	F4	65	64	105	13.875000	F4	65	127	
107	19.526042	G4	67	75	107	14.014323	G4	67	127	
108	19.527083	E4	64	66	108	14.014323	E4	64	127	
109	19.648958	A4	69	78	109	14.153646	A4	69	127	
110	19.651042	F4	65	67	110	14.153646	F4	65	127	
111	19.776042	G4	67	67	112	14.292969	G4	67	127	
112	19.776042	Bb4	70	82	111	14.292969	Bb4	70	127	
113	19.896875	C5	72	90	113	14.432292	C5	72	127	
114	19.901042	A4	69	74	114	14.432292	A4	69	127	
115	20.026042	Bb4	70	89	116	14.571615	Bb4	70	127	
116	20.026042	D5	74	95	115	14.571615	D5	74	127	
117	20.275000	A4	69	61	118	14.848958	A4	69	127	
118	20.275000	C5	72	72	117	14.848958	C5	72	127	
119	20.525000	Bb4	70	69	119	15.126302	Bb4	70	127	
120	20.526042	G4	67	47	120	15.126302	G4	67	127	
121	20.775000	F4	65	51	122	15.403646	F4	65	127	
122	20.775000	A4	69	65	121	15.403646	A4	69	127	
123	21.026042	G4	67	65	124	15.680990	G4	67	127	
124	21.026042	Bb4	70	80	123	15.680990	Bb4	70	127	
125	21.150000	C5	72	83	125	15.820312	C5	72	127	
126	21.152083	A4	69	70	126	15.820312	A4	69	127	
127	21.275000	D5	74	88	127	15.959635	D5	74	127	
128	21.276042	Bb4	70	80	128	15.959635	Bb4	70	127	
129	21.400000	C5	72	87	130	16.098958	C5	72	127	
130	21.400000	E5	76	86	129	16.098958	E5	76	127	
131	21.525000	D5	74	93	132	16.238281	D5	74	127	
132	21.525000	F5	77	99	131	16.238281	F5	77	127	
133	21.776042	C5	72	72	134	16.515625	C5	72	127	
134	21.776042	E5	76	70	133	16.515625	E5	76	127	
135	22.026042	D5	74	60	135	16.792969	D5	74	127	
136	22.029167	Bb4	70	64	136	16.792969	Bb4	70	127	
137	22.275000	C5	72	69	137	17.070312	C5	72	127	
138	22.276042	A4	69	59	138	17.070312	A4	69	127	
139	22.404167	Bb4	70	78	140	17.209635	Bb4	70	127	
140	22.404167	D5	74	74	139	17.209635	D5	74	127	
141	22.527083	C5	72	78	142	17.348958	C5	72	127	
142	22.527083	E5	76	83	141	17.348958	E5	76	127	
143	22.654167	F5	77	87	143	17.488281	F5	77	127	
144	22.655208	D5	74	79	144	17.488281	D5	74	127	
145	22.782292	E5	76	83	146	17.627604	E5	76	127	
146	22.782292	G5	79	91	145	17.627604	G5	79	127	
147	22.868750	F5	77	85	148	17.720052	F5	77	127	
148	22.868750	A5	81	93	147	17.720052	A5	81	127	
149	22.956250	G5	79	76	150	17.812500	G5	79	127	
150	22.957292	Bb5	82	98	149	17.812500	Bb5	82	127	
151	23.041667	C6	84	99	151	17.904948	C6	84	127	
152	23.042708	A5	81	96	152	17.904948	A5	81	127	
153	23.306250	Bb5	82	83	153	18.182292	Bb5	82	127	
154	23.307292	G5	79	73	154	18.182292	G5	79	127	
155	23.577083	F5	77	71	156	18.459635	F5	77	127	
156	23.577083	A5	81	76	155	18.459635	A5	81	127	
157	23.853125	A5	81	91	157	18.736979	A5	81	127	
158	23.854167	C4	60	67	158	18.736979	C4	60	127	
159	23.973958	G5	79	81	159	18.805990	G5	79	127	
160	24.039583	A5	81	87	160	18.875000	A5	81	127	
161	24.102083	G5	79	79	161	18.944010	G5	79	127	
162	24.162500	A5	81	81	162	19.013021	A5	81	127	
163	24.225000	G5	79	80	163	19.082031	G5	79	127	
164	24.285417	A5	81	81	164	19.151042	A5	81	127	
165	24.347917	G5	79	83	165	19.220052	G5	79	127	
166	24.603125	E4	64	70	171	19.565104	E4	64	127	
167	24.603125	G4	67	70	170	19.565104	G4	67	127	
168	24.847917	C6	84	87	172	19.842448	C6	84	127	
169	25.097917	C5	72	76	173	20.119792	C5	72	127	
170	25.348958	E5	76	93	174	20.397135	E5	76	127	
171	25.352083	A4	69	79	176	20.397135	A4	69	127	
172	25.353125	F4	65	69	175	20.397135	F4	65	127	
173	25.402083	D5	74	83	177	20.466146	D5	74	127	
174	25.451042	E5	76	85	178	20.535156	E5	76	127	
175	25.500000	D5	74	83	179	20.604167	D5	74	127	
176	25.545833	E5	76	76	180	20.673177	E5	76	127	
177	25.602083	D5	74	84	181	20.742188	D5	74	127	
178	25.852083	C5	72	82	184	20.949219	C5	72	127	
179	26.102083	C5	72	88	*	-1	*	-1	-1	
180	26.103125	E4	64	72	186	21.226562	E4	64	127	
181	26.103125	G4	67	70	185	21.226562	G4	67	127	
182	26.347917	C6	84	75	187	21.503906	C6	84	127	
183	26.598958	C5	72	65	189	21.781250	C5	72	127	
184	26.847917	E5	76	63	191	22.058594	E5	76	127	
185	26.848958	F4	65	53	192	22.058594	F4	65	127	
186	26.850000	A4	69	56	193	22.058594	A4	69	127	
187	26.904167	D5	74	66	194	22.127604	D5	74	127	
188	26.945833	E5	76	56	195	22.196615	E5	76	127	
189	26.997917	D5	74	64	196	22.265625	D5	74	127	
190	27.045833	E5	76	60	197	22.334635	E5	76	127	
191	27.098958	D5	74	71	198	22.403646	D5	74	127	
192	27.352083	C5	72	72	201	22.610677	C5	72	127	
193	27.602083	C5	72	70	*	-1	*	-1	-1	
194	27.603125	G4	67	53	202	22.888021	G4	67	127	
195	27.604167	E4	64	58	203	22.888021	E4	64	127	
196	27.852083	C6	84	102	204	23.165365	C6	84	127	
197	27.853125	D4	62	65	205	23.165365	D4	62	127	
198	28.103125	Bb5	82	97	206	23.442708	Bb5	82	127	
199	28.104167	C4	60	78	207	23.442708	C4	60	127	
200	28.353125	A4	69	79	209	23.720052	A4	69	127	
201	28.353125	A5	81	96	208	23.720052	A5	81	127	
202	28.354167	F4	65	77	210	23.720052	F4	65	127	
203	28.602083	G5	79	99	211	23.997396	G5	79	127	
204	28.854167	Bb3	58	80	213	24.274740	Bb3	58	127	
205	28.854167	F5	77	91	212	24.274740	F5	77	127	
206	29.103125	F5	77	97	*	-1	*	-1	-1	
207	29.104167	C4	60	92	214	24.552083	C4	60	127	
208	29.352083	G5	79	96	215	24.829427	G5	79	127	
209	29.603125	E5	76	82	216	25.106771	E5	76	127	
210	29.604167	G4	67	73	217	25.106771	G4	67	127	
211	29.853125	G5	79	98	218	25.384115	G5	79	127	
212	29.854167	F4	65	70	219	25.384115	F4	65	127	
213	29.978125	F5	77	92	220	25.453125	F5	77	127	
214	30.044792	G5	79	91	221	25.522135	G5	79	127	
215	30.105208	C4	60	69	224	25.660156	C4	60	127	
216	30.105208	F5	77	89	222	25.591146	F5	77	127	
217	30.167708	G5	79	88	223	25.660156	G5	79	127	
218	30.233333	F5	77	85	225	25.729167	F5	77	127	
219	30.295833	G5	79	86	226	25.798177	G5	79	127	
220	30.362500	F3	53	54	229	25.936198	F3	53	127	
221	30.362500	F5	77	83	227	25.867188	F5	77	127	
222	30.619792	C3	48	62	233	26.212240	C3	48	127	
223	30.873958	G5	79	76	234	26.489583	G5	79	127	
224	31.120833	C5	72	82	235	26.766927	C5	72	127	
225	31.370833	G5	79	84	237	27.044271	G5	79	127	
226	31.372917	A5	81	96	236	27.044271	A5	81	127	
227	31.375000	F4	65	65	238	27.044271	F4	65	127	
228	31.495833	F5	77	73	239	27.113281	F5	77	127	
229	31.560417	G5	79	80	240	27.182292	G5	79	127	
230	31.622917	C4	60	63	243	27.320312	C4	60	127	
231	31.623958	F5	77	67	241	27.251302	F5	77	127	
232	31.687500	G5	79	78	242	27.320312	G5	79	127	
233	31.750000	F5	77	69	244	27.389323	F5	77	127	
234	31.815625	G5	79	80	245	27.458333	G5	79	127	
235	31.883333	F3	53	56	248	27.596354	F3	53	127	
236	31.884375	F5	77	68	246	27.527344	F5	77	127	
237	32.138542	C3	48	59	252	27.872396	C3	48	127	
238	32.390625	G5	79	83	253	28.149740	G5	79	127	
239	32.640625	C5	72	81	254	28.427083	C5	72	127	
240	32.890625	G5	79	89	256	28.704427	G5	79	127	
241	32.890625	A5	81	96	255	28.704427	A5	81	127	
242	32.891667	F4	65	80	257	28.704427	F4	65	127	
243	33.014583	F5	77	81	258	28.773438	F5	77	127	
244	33.078125	G5	79	78	259	28.842448	G5	79	127	
245	33.143750	C4	60	72	262	28.980469	C4	60	127	
246	33.143750	F5	77	81	260	28.911458	F5	77	127	
247	33.206250	G5	79	86	261	28.980469	G5	79	127	
248	33.269792	F5	77	80	263	29.049479	F5	77	127	
249	33.334375	G5	79	88	264	29.118490	G5	79	127	
250	33.396875	F5	77	85	265	29.187500	F5	77	127	
251	33.398958	F3	53	63	267	29.256510	F3	53	127	
252	33.656250	C2	36	61	271	29.532552	C2	36	127	
253	33.907292	G5	79	95	272	29.809896	G5	79	127	
254	34.157292	C5	72	90	273	30.087240	C5	72	127	
255	34.160417	E4	64	73	274	30.087240	E4	64	127	
256	34.407292	F4	65	75	277	30.364583	F4	65	127	
257	34.407292	A5	81	94	276	30.364583	A5	81	127	
258	34.409375	F5	77	93	275	30.364583	F5	77	127	
259	34.659375	G5	79	97	278	30.641927	G5	79	127	
260	34.659375	Bb5	82	93	279	30.641927	Bb5	82	127	
261	34.909375	C6	84	96	280	30.919271	C6	84	127	
262	34.910417	A5	81	99	281	30.919271	A5	81	127	
263	35.160417	D4	62	66	282	31.196615	D4	62	127	
264	35.160417	F4	65	67	283	31.196615	F4	65	127	
265	35.161458	Bb3	58	73	284	31.196615	Bb3	58	127	
266	35.409375	Bb5	82	96	285	31.473958	Bb5	82	127	
267	35.410417	G5	79	98	286	31.473958	G5	79	127	
268	35.659375	F5	77	87	288	31.751302	F5	77	127	
269	35.659375	A5	81	84	287	31.751302	A5	81	127	
270	35.910417	C3	48	72	291	32.028646	C3	48	127	
271	35.911458	G5	79	100	289	32.028646	G5	79	127	
272	35.912500	C4	60	80	290	32.028646	C4	60	127	
273	36.035417	F5	77	94	292	32.167969	F5	77	127	
274	36.159375	E5	76	93	293	32.307292	E5	76	127	
275	36.285417	D5	74	95	294	32.446615	D5	74	127	
276	36.411458	C5	72	102	295	32.585938	C5	72	127	
277	36.539583	Bb4	70	101	296	32.725260	Bb4	70	127	
278	36.665625	A4	69	90	297	32.864583	A4	69	127	
279	36.795833	G4	67	93	298	33.003906	G4	67	127	
280	36.925000	F4	65	85	299	33.143229	F4	65	127	
281	37.055208	E4	64	87	300	33.282552	E4	64	127	
282	37.183333	D4	62	81	301	33.421875	D4	62	127	
283	37.312500	C3	48	52	*	-1	*	-1	-1	
284	37.313542	C4	60	79	302	33.561198	C4	60	127	
285	37.316667	C5	72	71	*	-1	*	-1	-1	
286	37.445833	F3	53	77	305	33.700521	F3	53	127	
287	37.445833	A4	69	87	303	33.700521	A4	69	127	
288	37.572917	F4	65	64	306	33.769531	F4	65	127	
289	37.634375	G4	67	67	307	33.838542	G4	67	127	
290	37.695833	C3	48	65	310	33.976562	C3	48	127	
291	37.695833	F4	65	57	308	33.907552	F4	65	127	
292	37.764583	G4	67	66	309	33.976562	G4	67	127	
293	37.822917	F4	65	62	311	34.045573	F4	65	127	
294	37.891667	G4	67	67	312	34.114583	G4	67	127	
295	37.951042	F2	41	58	315	34.252604	F2	41	127	
296	37.953125	F4	65	65	313	34.183594	F4	65	127	
297	38.213542	C2	36	65	319	34.528646	C2	36	127	
298	38.464583	G4	67	81	320	34.805990	G4	67	127	
299	38.713542	C4	60	79	321	35.083333	C4	60	127	
300	38.963542	F3	53	78	324	35.360677	F3	53	127	
301	38.963542	A4	69	89	322	35.360677	A4	69	127	
302	38.964583	G4	67	73	323	35.360677	G4	67	127	
303	39.088542	F4	65	63	325	35.429688	F4	65	127	
304	39.151042	G4	67	68	326	35.498698	G4	67	127	
305	39.213542	C3	48	64	329	35.636719	C3	48	127	
306	39.213542	F4	65	59	327	35.567708	F4	65	127	
307	39.282292	G4	67	66	328	35.636719	G4	67	127	
308	39.342708	F4	65	64	330	35.705729	F4	65	127	
309	39.407292	G4	67	70	331	35.774740	G4	67	127	
310	39.472917	F2	41	57	334	35.912760	F2	41	127	
311	39.473958	F4	65	63	332	35.843750	F4	65	127	
312	39.732292	C2	36	64	338	36.188802	C2	36	127	
313	39.983333	G4	67	82	339	36.466146	G4	67	127	
314	40.233333	C4	60	79	340	36.743490	C4	60	127	
315	40.233333	C5	72	69	*	-1	*	-1	-1	
316	40.482292	A4	69	90	341	37.020833	A4	69	127	
317	40.484375	F3	53	73	343	37.020833	F3	53	127	
318	40.484375	F4	65	88	342	37.020833	F4	65	127	
319	40.733333	G4	67	90	344	37.298177	G4	67	127	
320	40.985417	D4	62	68	345	37.575521	D4	62	127	
321	40.987500	Bb3	58	74	347	37.575521	Bb3	58	127	
322	40.987500	F4	65	72	346	37.575521	F4	65	127	
323	40.992708	Bb2	46	64	*	-1	*	-1	-1	
324	41.242708	C3	48	66	*	-1	*	-1	-1	
325	41.243750	C4	60	90	350	37.852865	C4	60	127	
326	41.243750	F4	65	91	349	37.852865	F4	65	127	
327	41.243750	A4	69	97	348	37.852865	A4	69	127	
328	41.495833	G4	67	73	351	38.130208	G4	67	127	
329	41.495833	Bb4	70	83	352	38.130208	Bb4	70	127	
330	41.755208	C3	48	67	355	38.407552	C3	48	127	
331	41.756250	E4	64	66	353	38.407552	E4	64	127	
332	41.758333	G4	67	63	354	38.407552	G4	67	127	
333	42.016667	F2	41	60	357	38.684896	F2	41	127	
334	42.019792	F4	65	71	356	38.684896	F4	65	127	
335	42.281250	G4	67	77	358	38.962240	G4	67	127	
336	42.344792	A4	69	77	359	39.031250	A4	69	127	
337	42.414583	Bb4	70	82	360	39.100260	Bb4	70	127	
338	42.475000	C5	72	91	361	39.169271	C5	72	127	
339	42.544792	D5	74	88	362	39.238281	D5	74	127	
340	42.608333	E5	76	87	363	39.307292	E5	76	127	
341	42.676042	F5	77	89	364	39.376302	F5	77	127	
342	42.739583	G5	79	87	365	39.445312	G5	79	127	
343	42.805208	F2	41	64	368	39.514323	F2	41	127	
344	42.806250	A5	81	97	366	39.514323	A5	81	127	
345	43.056250	C6	84	95	369	39.791667	C6	84	127	
346	43.306250	C5	72	79	370	40.069010	C5	72	127	
347	43.555208	F3	53	67	373	40.346354	F3	53	127	
348	43.555208	Bb5	82	101	*	-1	*	-1	-1	
349	43.556250	F2	41	66	372	40.346354	F2	41	127	
350	43.618750	A5	81	89	371	40.346354	A5	81	127	
351	43.681250	Bb5	82	94	*	-1	*	-1	-1	
352	43.743750	A5	81	88	*	-1	*	-1	-1	
353	43.806250	C6	84	92	374	40.623698	C6	84	127	
354	44.067708	C5	72	79	375	40.901042	C5	72	127	
355	44.333333	F3	53	68	378	41.178385	F3	53	127	
356	44.334375	F2	41	67	377	41.178385	F2	41	127	
357	44.334375	Bb5	82	102	*	-1	*	-1	-1	
358	44.404167	A5	81	91	376	41.178385	A5	81	127	
359	44.469792	Bb5	82	99	*	-1	*	-1	-1	
360	44.536458	A5	81	90	*	-1	*	-1	-1	
361	44.607292	C6	84	85	379	41.455729	C6	84	127	
362	44.893750	C5	72	80	380	41.733073	C5	72	127	
363	45.187500	A5	81	97	381	42.010417	A5	81	127	
364	45.188542	F3	53	69	383	42.010417	F3	53	127	
365	45.188542	G5	79	96	382	42.010417	G5	79	127	
366	45.192708	F2	41	69	384	42.010417	F2	41	127	
367	45.336458	F5	77	83	385	42.079427	F5	77	127	
368	45.412500	G5	79	89	386	42.148438	G5	79	127	
369	45.489583	F5	77	83	*	-1	*	-1	-1	
370	45.566667	G5	79	89	*	-1	*	-1	-1	
371	45.645833	F5	77	84	387	42.217448	F5	77	127	
372	45.723958	G5	79	92	*	-1	*	-1	-1	
373	45.803125	F5	77	85	*	-1	*	-1	-1	
374	47.739583	Bb2	46	45	*	-1	*	-1	-1	
375	47.740625	C4	60	70	388	43.398438	C4	60	127	
376	47.990625	F3	53	54	390	43.675781	F3	53	127	
377	47.992708	F4	65	76	389	43.675781	F4	65	127	
378	47.995833	C4	60	60	392	43.675781	C4	60	127	
379	48.000000	A3	57	61	391	43.675781	A3	57	127	
380	48.240625	G4	67	69	393	43.953125	G4	67	127	
381	48.492708	A4	69	61	394	44.230469	A4	69	127	
382	48.742708	G4	67	79	395	44.507812	G4	67	127	
383	48.743750	E3	52	55	396	44.507812	E3	52	127	
384	48.745833	C4	60	62	397	44.507812	C4	60	127	
385	48.747917	G3	55	57	398	44.507812	G3	55	127	
386	48.990625	A4	69	78	399	44.785156	A4	69	127	
387	49.240625	Bb4	70	76	400	45.062500	Bb4	70	127	
388	49.489583	F3	53	52	404	45.339844	F3	53	127	
389	49.489583	A4	69	79	401	45.339844	A4	69	127	
390	49.493750	A3	57	55	403	45.339844	A3	57	127	
391	49.493750	C4	60	62	402	45.339844	C4	60	127	
392	49.742708	Bb4	70	81	405	45.617188	Bb4	70	127	
393	49.990625	C5	72	93	406	45.894531	C5	72	127	
394	50.239583	Eb3	51	46	409	46.171875	Eb3	51	127	
395	50.239583	C4	60	54	408	46.171875	C4	60	127	
396	50.243750	G3	55	43	407	46.171875	G3	55	127	
397	50.492708	D5	74	77	410	46.449219	D5	74	127	
398	50.740625	Eb5	75	77	411	46.726562	Eb5	75	127	
399	50.989583	D3	50	58	414	47.003906	D3	50	127	
400	50.990625	A4	69	77	416	47.003906	A4	69	127	
401	51.051042	A3	57	58	415	47.003906	A3	57	127	
402	51.052083	G4	67	76	412	47.003906	G4	67	127	
403	51.110417	D4	62	53	413	47.003906	D4	62	127	
404	51.113542	A4	69	78	*	-1	*	-1	-1	
405	51.180208	G4	67	72	*	-1	*	-1	-1	
406	51.240625	F#4	66	73	417	47.281250	F#4	66	127	
407	51.489583	G4	67	78	418	47.558594	G4	67	127	
408	51.739583	D3	50	49	*	-1	*	-1	-1	
409	51.739583	A3	57	60	421	47.835938	A3	57	127	
410	51.740625	F#3	54	57	422	47.835938	F#3	54	127	
411	51.740625	A4	69	85	419	47.835938	A4	69	127	
412	51.743750	D4	62	55	420	47.835938	D4	62	127	
413	51.990625	Bb4	70	82	423	48.113281	Bb4	70	127	
414	52.240625	C5	72	82	424	48.390625	C5	72	127	
415	52.490625	G3	55	58	427	48.667969	G3	55	127	
416	52.490625	Bb3	58	62	428	48.667969	Bb3	58	127	
417	52.490625	C5	72	81	*	-1	*	-1	-1	
418	52.493750	D4	62	57	426	48.667969	D4	62	127	
419	52.591667	Bb4	70	80	425	48.667969	Bb4	70	127	
420	52.688542	A4	69	76	*	-1	*	-1	-1	
421	52.790625	Bb4	70	81	*	-1	*	-1	-1	
422	52.889583	C5	72	84	429	48.945312	C5	72	127	
423	52.990625	D5	74	106	430	49.222656	D5	74	127	
424	53.239583	F3	53	54	432	49.500000	F3	53	127	
425	53.239583	A3	57	52	433	49.500000	A3	57	127	
426	53.239583	D4	62	52	431	49.500000	D4	62	127	
427	53.490625	E5	76	95	434	49.777344	E5	76	127	
428	53.742708	F5	77	88	435	50.054688	F5	77	127	
429	53.990625	E3	52	63	439	50.332031	E3	52	127	
430	53.990625	B4	71	83	440	50.332031	B4	71	127	
431	53.992708	E2	40	50	*	-1	*	-1	-1	
432	54.047917	B2	47	60	*	-1	*	-1	-1	
433	54.051042	B3	59	67	438	50.332031	B3	59	127	
434	54.052083	A4	69	80	436	50.332031	A4	69	127	
435	54.117708	B4	71	92	*	-1	*	-1	-1	
436	54.178125	A4	69	83	*	-1	*	-1	-1	
437	54.240625	G#4	68	87	441	50.609375	G#4	68	127	
438	54.490625	A4	69	83	442	50.886719	A4	69	127	
439	54.742708	B2	47	56	*	-1	*	-1	-1	
440	54.742708	B4	71	102	443	51.164062	B4	71	127	
441	54.745833	B3	59	65	445	51.164062	B3	59	127	
442	54.747917	E3	52	62	*	-1	*	-1	-1	
443	54.747917	G#3	56	69	444	51.164062	G#3	56	127	
444	54.747917	E4	64	71	446	51.164062	E4	64	127	
445	54.990625	C#5	73	88	447	51.441406	C#5	73	127	
446	55.243750	D5	74	79	448	51.718750	D5	74	127	
447	55.492708	A2	45	67	*	-1	*	-1	-1	
448	55.492708	C#4	61	63	452	51.996094	C#4	61	127	
449	55.492708	E4	64	71	451	51.996094	E4	64	127	
450	55.494792	A3	57	67	450	51.996094	A3	57	127	
451	55.494792	D5	74	89	*	-1	*	-1	-1	
452	55.498958	A4	69	68	*	-1	*	-1	-1	
453	55.565625	C#5	73	89	449	51.996094	C#5	73	127	
454	55.635417	D5	74	89	453	52.273438	D5	74	127	
455	55.704167	C#5	73	88	*	-1	*	-1	-1	
456	55.775000	B4	71	88	*	-1	*	-1	-1	
457	55.846875	C#5	73	97	*	-1	*	-1	-1	
458	55.919792	D5	74	89	*	-1	*	-1	-1	
459	55.989583	E5	76	99	454	52.550781	E5	76	127	
460	56.240625	C#3	49	58	456	52.828125	C#3	49	127	
461	56.242708	A3	57	60	455	52.828125	A3	57	127	
462	56.243750	E3	52	56	457	52.828125	E3	52	127	
463	56.493750	F5	77	99	458	53.105469	F5	77	127	
464	56.742708	G5	79	99	459	53.382812	G5	79	127	
465	56.990625	D3	50	78	463	53.660156	D3	50	127	
466	56.990625	G5	79	103	460	53.660156	G5	79	127	
467	56.992708	A3	57	71	462	53.660156	A3	57	127	
468	57.057292	F5	77	93	*	-1	*	-1	-1	
469	57.117708	G5	79	87	*	-1	*	-1	-1	
470	57.181250	F5	77	89	464	53.799479	F5	77	127	
471	57.239583	E5	76	93	465	53.938802	E5	76	127	
472	57.493750	D5	74	100	466	54.216146	D5	74	127	
473	57.748958	F3	53	71	469	54.493490	F3	53	127	
474	57.748958	D4	62	71	468	54.493490	D4	62	127	
475	57.748958	A5	81	102	467	54.493490	A5	81	127	
476	58.003125	G5	79	101	470	54.770833	G5	79	127	
477	58.258333	F5	77	96	471	55.048177	F5	77	127	
478	58.259375	G3	55	67	472	55.048177	G3	55	127	
479	58.518750	A3	57	88	473	55.325521	A3	57	127	
480	58.518750	F5	77	102	475	55.463542	F5	77	127	
481	58.645833	E5	76	91	476	55.532552	E5	76	127	
482	58.711458	F5	77	92	477	55.601562	F5	77	127	
483	58.775000	E5	76	90	479	55.670573	E5	76	127	
484	58.777083	E3	52	66	478	55.601562	E3	52	127	
485	58.841667	F5	77	94	480	55.739583	F5	77	127	
486	58.906250	E5	76	89	481	55.808594	E5	76	127	
487	58.971875	F5	77	95	482	55.877604	F5	77	127	
488	59.034375	C#3	49	67	483	55.877604	C#3	49	127	
489	59.035417	E5	76	85	484	55.946615	E5	76	127	
490	59.297917	A2	45	69	487	56.153646	A2	45	127	
491	59.560417	A5	81	96	488	56.430990	A5	81	127	
492	59.810417	A4	69	77	489	56.708333	A4	69	127	
493	60.060417	C5	72	95	490	56.985677	C5	72	127	
494	60.063542	D4	62	64	491	56.985677	D4	62	127	
495	60.066667	F4	65	72	492	56.985677	F4	65	127	
496	60.113542	Bb4	70	87	493	57.054688	Bb4	70	127	
497	60.164583	C5	72	96	494	57.123698	C5	72	127	
498	60.209375	Bb4	70	75	495	57.192708	Bb4	70	127	
499	60.260417	C5	72	81	496	57.261719	C5	72	127	
500	60.311458	Bb4	70	85	497	57.330729	Bb4	70	127	
501	60.560417	A4	69	76	500	57.537760	A4	69	127	
502	60.810417	A4	69	80	*	-1	*	-1	-1	
503	60.811458	C#4	61	57	501	57.815104	C#4	61	127	
504	60.811458	E4	64	66	502	57.815104	E4	64	127	
505	61.060417	A5	81	75	503	58.092448	A5	81	127	
506	61.310417	A4	69	58	504	58.369792	A4	69	127	
507	61.560417	D4	62	49	506	58.647135	D4	62	127	
508	61.560417	C5	72	72	505	58.647135	C5	72	127	
509	61.561458	F4	65	52	507	58.647135	F4	65	127	
510	61.613542	Bb4	70	70	508	58.716146	Bb4	70	127	
511	61.660417	C5	72	69	509	58.785156	C5	72	127	
512	61.707292	Bb4	70	66	510	58.854167	Bb4	70	127	
513	61.760417	C5	72	70	511	58.923177	C5	72	127	
514	61.810417	Bb4	70	71	512	58.992188	Bb4	70	127	
515	62.060417	A4	69	66	515	59.199219	A4	69	127	
516	62.310417	D4	62	51	517	59.476562	D4	62	127	
517	62.310417	A4	69	71	*	-1	*	-1	-1	
518	62.311458	F#4	66	56	516	59.476562	F#4	66	127	
519	62.560417	A5	81	102	518	59.753906	A5	81	127	
520	62.810417	F#5	78	100	519	60.031250	F#5	78	127	
521	63.060417	Eb4	63	68	521	60.308594	Eb4	63	127	
522	63.060417	G4	67	66	522	60.308594	G4	67	127	
523	63.060417	G5	79	103	520	60.308594	G5	79	127	
524	63.301042	A5	81	101	523	60.585938	A5	81	127	
525	63.542708	Bb5	82	102	524	60.863281	Bb5	82	127	
526	63.780208	C6	84	99	525	61.140625	C6	84	127	
527	63.781250	Eb4	63	79	528	61.140625	Eb4	63	127	
528	63.789583	A3	57	72	*	-1	*	-1	-1	
529	63.789583	C4	60	80	526	61.140625	C4	60	127	
530	63.790625	A4	69	79	527	61.140625	A4	69	127	
531	63.817708	Bb5	82	98	529	61.279948	Bb5	82	127	
532	63.817708	Bb6	94	83	*	-1	*	-1	-1	
533	64.025000	A5	81	86	530	61.419271	A5	81	127	
534	64.266667	G5	79	77	531	61.696615	G5	79	127	
535	64.505208	F#5	78	99	532	61.973958	F#5	78	127	
536	64.506250	F#6	90	92	*	-1	*	-1	-1	
537	64.508333	A4	69	79	*	-1	*	-1	-1	
538	64.509375	D4	62	71	533	61.973958	D4	62	127	
539	64.509375	F#4	66	73	534	61.973958	F#4	66	127	
540	64.750000	G5	79	99	535	62.251302	G5	79	127	
541	64.990625	A5	81	88	536	62.528646	A5	81	127	
542	65.229167	F5	77	88	537	62.805990	F5	77	127	
543	65.239583	A3	57	62	539	62.805990	A3	57	127	
544	65.239583	F6	89	80	*	-1	*	-1	-1	
545	65.240625	F#3	54	63	540	62.805990	F#3	54	127	
546	65.268750	Eb5	75	99	541	62.945312	Eb5	75	127	
547	65.269792	Eb6	87	86	*	-1	*	-1	-1	
548	65.487500	D5	74	76	542	63.084635	D5	74	127	
549	65.735417	C5	72	84	543	63.361979	C5	72	127	
550	65.987500	D6	86	97	*	-1	*	-1	-1	
551	65.988542	G3	55	73	545	63.639323	G3	55	127	
552	65.988542	D5	74	105	*	-1	*	-1	-1	
553	66.050000	C5	72	98	544	63.639323	C5	72	127	
554	66.108333	D5	74	94	*	-1	*	-1	-1	
555	66.169792	C5	72	91	*	-1	*	-1	-1	
556	66.229167	Bb4	70	88	546	63.916667	Bb4	70	127	
557	66.469792	G5	79	100	547	64.194010	G5	79	127	
558	66.471875	G4	67	69	548	64.194010	G4	67	127	
559	66.709375	C5	72	94	*	-1	*	-1	-1	
560	66.711458	F3	53	66	550	64.471354	F3	53	127	
561	66.769792	Bb4	70	90	549	64.471354	Bb4	70	127	
562	66.832292	C5	72	101	*	-1	*	-1	-1	
563	66.891667	Bb4	70	86	*	-1	*	-1	-1	
564	66.948958	A4	69	86	551	64.748698	A4	69	127	
565	67.196875	F4	65	60	553	65.026042	F4	65	127	
566	67.196875	F5	77	97	552	65.026042	F5	77	127	
567	67.437500	E3	52	58	555	65.303385	E3	52	127	
568	67.437500	Bb4	70	82	*	-1	*	-1	-1	
569	67.497917	A4	69	88	554	65.303385	A4	69	127	
570	67.558333	Bb4	70	90	*	-1	*	-1	-1	
571	67.619792	A4	69	76	*	-1	*	-1	-1	
572	67.680208	G4	67	85	556	65.580729	G4	67	127	
573	67.922917	E5	76	97	557	65.858073	E5	76	127	
574	67.927083	E4	64	63	558	65.858073	E4	64	127	
575	68.164583	D3	50	66	560	66.135417	D3	50	127	
576	68.166667	A4	69	82	*	-1	*	-1	-1	
577	68.227083	G4	67	88	559	66.135417	G4	67	127	
578	68.289583	A4	69	84	*	-1	*	-1	-1	
579	68.348958	G4	67	84	*	-1	*	-1	-1	
580	68.410417	F4	65	76	561	66.412760	F4	65	127	
581	68.654167	D4	62	64	563	66.690104	D4	62	127	
582	68.654167	D5	74	94	562	66.690104	D5	74	127	
583	68.898958	C3	48	63	565	66.967448	C3	48	127	
584	68.898958	G4	67	79	*	-1	*	-1	-1	
585	68.961458	F4	65	74	564	66.967448	F4	65	127	
586	69.021875	G4	67	78	*	-1	*	-1	-1	
587	69.082292	F4	65	72	*	-1	*	-1	-1	
588	69.143750	E4	64	74	566	67.244792	E4	64	127	
589	69.264583	G4	67	91	*	-1	*	-1	-1	
590	69.388542	C4	60	63	568	67.522135	C4	60	127	
591	69.388542	C5	72	87	567	67.522135	C5	72	127	
592	69.629167	Bb2	46	63	570	67.799479	Bb2	46	127	
593	69.630208	F4	65	64	*	-1	*	-1	-1	
594	69.696875	E4	64	75	569	67.799479	E4	64	127	
595	69.758333	F4	65	81	*	-1	*	-1	-1	
596	69.820833	E4	64	73	*	-1	*	-1	-1	
597	69.875000	Bb2	46	49	*	-1	*	-1	-1	
598	69.878125	D4	62	70	571	68.076823	D4	62	127	
599	70.001042	F4	65	85	*	-1	*	-1	-1	
600	70.123958	Bb2	46	57	*	-1	*	-1	-1	
601	70.123958	Bb3	58	68	573	68.354167	Bb3	58	127	
602	70.125000	Bb4	70	82	572	68.354167	Bb4	70	127	
603	70.367708	A2	45	57	575	68.631510	A2	45	127	
604	70.368750	A3	57	50	*	-1	*	-1	-1	
605	70.369792	E4	64	65	*	-1	*	-1	-1	
606	70.431250	D4	62	65	574	68.631510	D4	62	127	
607	70.497917	E4	64	75	*	-1	*	-1	-1	
608	70.553125	D4	62	65	*	-1	*	-1	-1	
609	70.618750	C4	60	77	576	68.908854	C4	60	127	
610	70.740625	E4	64	75	*	-1	*	-1	-1	
611	70.862500	A3	57	56	578	69.186198	A3	57	127	
612	70.862500	A4	69	71	577	69.186198	A4	69	127	
613	71.108333	G2	43	54	580	69.463542	G2	43	127	
614	71.109375	G1	31	45	*	-1	*	-1	-1	
615	71.109375	D4	62	66	*	-1	*	-1	-1	
616	71.171875	C4	60	69	579	69.463542	C4	60	127	
617	71.237500	D4	62	63	*	-1	*	-1	-1	
618	71.294792	C4	60	68	*	-1	*	-1	-1	
619	71.359375	Bb3	58	69	581	69.740885	Bb3	58	127	
620	71.482292	D4	62	66	*	-1	*	-1	-1	
621	71.604167	G4	67	57	582	70.018229	G4	67	127	
622	71.605208	G3	55	54	583	70.018229	G3	55	127	
623	71.850000	F3	53	60	585	70.295573	F3	53	127	
624	71.852083	A3	57	68	584	70.295573	A3	57	127	
625	71.853125	A4	69	59	*	-1	*	-1	-1	
626	72.100000	G2	43	54	*	-1	*	-1	-1	
627	72.102083	B3	59	74	586	70.572917	B3	59	127	
628	72.104167	G3	55	61	587	70.572917	G3	55	127	
629	72.227083	A2	45	62	*	-1	*	-1	-1	
630	72.227083	A4	69	58	*	-1	*	-1	-1	
631	72.228125	C#4	61	70	588	70.712240	C#4	61	127	
632	72.229167	A3	57	66	589	70.712240	A3	57	127	
633	72.353125	B3	59	69	591	70.851562	B3	59	127	
634	72.353125	D4	62	66	590	70.851562	D4	62	127	
635	72.480208	C#4	61	64	593	70.990885	C#4	61	127	
636	72.480208	E4	64	73	592	70.990885	E4	64	127	
637	72.598958	A2	45	58	*	-1	*	-1	-1	
638	72.600000	D4	62	79	595	71.130208	D4	62	127	
639	72.602083	F4	65	87	594	71.130208	F4	65	127	
640	72.853125	C#4	61	73	597	71.407552	C#4	61	127	
641	72.855208	E4	64	86	596	71.407552	E4	64	127	
642	73.103125	B3	59	68	599	71.684896	B3	59	127	
643	73.103125	D4	62	64	598	71.684896	D4	62	127	
644	73.354167	C#4	61	65	600	71.962240	C#4	61	127	
645	73.355208	A3	57	64	601	71.962240	A3	57	127	
646	73.479167	B3	59	74	603	72.101562	B3	59	127	
647	73.479167	D4	62	67	602	72.101562	D4	62	127	
648	73.605208	C#4	61	65	605	72.240885	C#4	61	127	
649	73.607292	E4	64	74	604	72.240885	E4	64	127	
650	73.729167	D4	62	67	607	72.380208	D4	62	127	
651	73.729167	F4	65	74	606	72.380208	F4	65	127	
652	73.854167	E4	64	83	609	72.519531	E4	64	127	
653	73.855208	G4	67	80	608	72.519531	G4	67	127	
654	73.979167	F4	65	82	611	72.658854	F4	65	127	
655	73.979167	A4	69	83	610	72.658854	A4	69	127	
656	74.103125	Bb4	70	105	612	72.798177	Bb4	70	127	
657	74.104167	G4	67	90	613	72.798177	G4	67	127	
658	74.354167	A4	69	95	614	73.075521	A4	69	127	
659	74.357292	F4	65	89	615	73.075521	F4	65	127	
660	74.603125	E4	64	63	617	73.352865	E4	64	127	
661	74.603125	G4	67	64	616	73.352865	G4	67	127	
662	74.854167	A4	69	80	618	73.630208	A4	69	127	
663	74.857292	F4	65	68	619	73.630208	F4	65	127	
664	75.104167	B4	71	93	620	73.907552	B4	71	127	
665	75.107292	G4	67	79	621	73.907552	G4	67	127	
666	75.230208	A4	69	81	623	74.046875	A4	69	127	
667	75.230208	C#5	73	90	622	74.046875	C#5	73	127	
668	75.358333	B4	71	93	625	74.186198	B4	71	127	
669	75.358333	D5	74	95	624	74.186198	D5	74	127	
670	75.485417	E5	76	95	626	74.325521	E5	76	127	
671	75.487500	C#5	73	94	627	74.325521	C#5	73	127	
672	75.610417	F5	77	101	628	74.464844	F5	77	127	
673	75.614583	D5	74	93	629	74.464844	D5	74	127	
674	75.870833	C#5	73	98	631	74.742188	C5	72	127	
675	75.870833	E5	76	101	630	74.742188	E5	76	127	
676	76.131250	B4	71	82	633	75.019531	Bb4	70	127	
677	76.131250	D5	74	87	632	75.019531	D5	74	127	
678	76.390625	A4	69	88	635	75.296875	A4	69	127	
679	76.390625	A5	81	103	636	75.365885	A5	81	127	
680	76.457292	G5	79	89	637	75.434896	Bb5	82	127	
681	76.521875	A5	81	99	638	75.503906	A5	81	127	
682	76.652083	E4	64	73	640	75.572917	E4	64	127	
683	76.917708	C#4	61	63	645	75.848958	C#4	61	127	
684	77.177083	A3	57	71	649	76.125000	A3	57	127	
685	77.440625	A5	81	98	650	76.402344	A5	81	127	
686	77.690625	A4	69	77	651	76.679688	A4	69	127	
687	77.691667	E4	64	66	652	76.679688	E4	64	127	
688	77.692708	C#4	61	59	653	76.679688	C#4	61	127	
689	77.941667	C5	72	102	654	76.957031	C5	72	127	
690	77.946875	D4	62	70	656	76.957031	D4	62	127	
691	77.946875	F4	65	76	655	76.957031	F4	65	127	
692	77.994792	Bb4	70	86	657	77.026042	Bb4	70	127	
693	78.041667	C5	72	95	658	77.095052	C5	72	127	
694	78.089583	Bb4	70	86	659	77.164062	Bb4	70	127	
695	78.141667	C5	72	92	660	77.233073	C5	72	127	
696	78.195833	Bb4	70	79	661	77.302083	Bb4	70	127	
697	78.441667	A4	69	77	664	77.509115	A4	69	127	
698	78.690625	A4	69	77	*	-1	*	-1	-1	
699	78.691667	C#4	61	55	665	77.786458	C#4	61	127	
700	78.691667	E4	64	63	666	77.786458	E4	64	127	
701	78.941667	A5	81	80	667	78.063802	A5	81	127	
702	79.191667	A3	57	62	669	78.341146	A3	57	127	
703	79.192708	A4	69	60	668	78.341146	A4	69	127	
704	79.441667	C5	72	75	670	78.618490	C5	72	127	
705	79.442708	D4	62	58	672	78.618490	D4	62	127	
706	79.446875	F4	65	58	671	78.618490	F4	65	127	
707	79.495833	Bb4	70	70	673	78.687500	Bb4	70	127	
708	79.541667	C5	72	72	674	78.756510	C5	72	127	
709	79.588542	Bb4	70	71	675	78.825521	Bb4	70	127	
710	79.639583	C5	72	68	676	78.894531	C5	72	127	
711	79.691667	Bb4	70	72	677	78.963542	Bb4	70	127	
712	79.940625	A4	69	69	680	79.170573	A4	69	127	
713	80.190625	C#4	61	53	681	79.447917	C#4	61	127	
714	80.190625	A4	69	66	*	-1	*	-1	-1	
715	80.191667	E4	64	57	682	79.447917	E4	64	127	
716	80.441667	A5	81	103	683	79.725260	A5	81	127	
717	80.691667	A3	57	73	685	80.002604	A3	57	127	
718	80.691667	G5	79	99	684	80.002604	G5	79	127	
719	80.941667	G5	79	94	*	-1	*	-1	-1	
720	80.945833	D4	62	75	688	80.279948	D4	62	127	
721	80.946875	F4	65	75	687	80.279948	F4	65	127	
722	81.008333	F5	77	89	686	80.279948	F5	77	127	
723	81.068750	G5	79	95	*	-1	*	-1	-1	
724	81.129167	F5	77	90	*	-1	*	-1	-1	
725	81.192708	E5	76	94	*	-1	*	-1	-1	
726	81.445833	G3	55	70	691	80.834635	G3	55	127	
727	81.446875	D5	74	102	689	80.557292	E5	76	127	
728	81.701042	A3	57	84	692	81.111979	A3	57	127	
729	81.701042	D5	74	104	690	80.834635	D5	74	127	
730	81.701042	D6	86	98	*	-1	*	-1	-1	
731	81.958333	E5	76	102	693	81.389323	E5	76	127	
732	82.218750	E4	64	93	695	81.666667	E4	64	127	
733	82.218750	C#5	73	101	694	81.666667	C#5	73	127	
734	82.479167	D4	62	82	697	81.944010	D4	62	127	
735	82.479167	E5	76	101	696	81.944010	E5	76	127	
736	82.603125	D5	74	99	698	82.013021	D5	74	127	
737	82.666667	E5	76	91	699	82.082031	E5	76	127	
738	82.730208	A3	57	76	702	82.220052	A3	57	127	
739	82.732292	D5	74	96	700	82.151042	D5	74	127	
740	82.792708	E5	76	95	701	82.220052	E5	76	127	
741	82.859375	D5	74	98	703	82.289062	D5	74	127	
742	82.920833	E5	76	92	704	82.358073	E5	76	127	
743	82.987500	D3	50	70	707	82.496094	D3	50	127	
744	82.988542	D5	74	96	705	82.427083	D5	74	127	
745	83.248958	A2	45	71	711	82.772135	A2	45	127	
746	83.498958	E5	76	104	712	83.049479	E5	76	127	
747	83.747917	A4	69	89	713	83.326823	A4	69	127	
748	83.997917	F5	77	104	714	83.604167	F5	77	127	
749	83.998958	D4	62	84	716	83.604167	D4	62	127	
750	84.000000	E5	76	92	715	83.604167	E5	76	127	
751	84.122917	D5	74	89	717	83.673177	D5	74	127	
752	84.185417	E5	76	89	718	83.742188	E5	76	127	
753	84.250000	D5	74	88	719	83.811198	D5	74	127	
754	84.251042	A3	57	72	721	83.880208	A3	57	127	
755	84.254167	A2	45	70	*	-1	*	-1	-1	
756	84.312500	E5	76	80	720	83.880208	E5	76	127	
757	84.378125	D5	74	88	722	83.949219	D5	74	127	
758	84.438542	E5	76	91	723	84.018229	E5	76	127	
759	84.504167	D3	50	74	726	84.156250	D3	50	127	
760	84.508333	D5	74	89	724	84.087240	D5	74	127	
761	84.768750	A2	45	72	730	84.432292	A2	45	127	
762	85.018750	E5	76	89	731	84.709635	E5	76	127	
763	85.266667	A4	69	73	732	84.986979	A4	69	127	
764	85.518750	F5	77	104	733	85.264323	F5	77	127	
765	85.519792	D4	62	85	735	85.264323	D4	62	127	
766	85.519792	E5	76	91	734	85.264323	E5	76	127	
767	85.643750	D5	74	79	736	85.333333	D5	74	127	
768	85.704167	E5	76	91	737	85.402344	E5	76	127	
769	85.769792	D5	74	88	738	85.471354	D5	74	127	
770	85.770833	A3	57	71	740	85.540365	A3	57	127	
771	85.771875	A2	45	70	*	-1	*	-1	-1	
772	85.833333	E5	76	86	739	85.540365	E5	76	127	
773	85.895833	D5	74	87	741	85.609375	D5	74	127	
774	85.959375	E5	76	80	742	85.678385	E5	76	127	
775	86.021875	D3	50	69	745	85.816406	D3	50	127	
776	86.026042	D5	74	90	743	85.747396	D5	74	127	
777	86.287500	A2	45	72	749	86.092448	A2	45	127	
778	86.536458	E5	76	87	750	86.369792	E5	76	127	
779	86.785417	C#4	61	69	752	86.647135	C#4	61	127	
780	86.785417	A4	69	73	751	86.647135	A4	69	127	
781	87.032292	D3	50	85	757	86.924479	D3	50	127	
782	87.035417	A3	57	87	755	86.924479	A3	57	127	
783	87.035417	F5	77	99	754	86.924479	F5	77	127	
784	87.036458	D5	74	98	753	86.924479	D5	74	127	
785	87.160417	E5	76	93	*	-1	*	-1	-1	
786	87.160417	G5	79	92	*	-1	*	-1	-1	
787	87.284375	F5	77	89	*	-1	*	-1	-1	
788	87.286458	D5	74	86	*	-1	*	-1	-1	
789	87.410417	E5	76	98	758	87.201823	E5	76	127	
790	87.410417	G5	79	97	759	87.201823	G5	79	127	
791	87.536458	A5	81	101	761	87.479167	A5	81	127	
792	87.537500	F5	77	99	760	87.479167	F5	77	127	
793	87.787500	G3	55	67	763	87.756510	G3	55	127	
794	87.787500	Bb3	58	74	764	87.756510	Bb3	58	127	
795	87.787500	D4	62	67	762	87.756510	D4	62	127	
796	88.036458	E5	76	95	766	88.033854	E5	76	127	
797	88.036458	G5	79	95	765	88.033854	G5	79	127	
798	88.284375	F5	77	90	768	88.311198	F5	77	127	
799	88.287500	D5	74	87	767	88.311198	D5	74	127	
800	88.534375	A3	57	76	770	88.588542	A3	57	127	
801	88.536458	A2	45	73	771	88.588542	A2	45	127	
802	88.536458	E5	76	99	769	88.588542	E5	76	127	
803	88.661458	D5	74	89	772	88.727865	D5	74	127	
804	88.787500	C#5	73	98	773	88.867188	C#5	73	127	
805	88.912500	B4	71	100	774	89.006510	B4	71	127	
806	89.039583	A4	69	88	775	89.145833	A4	69	127	
807	89.166667	G4	67	94	776	89.285156	G4	67	127	
808	89.295833	F4	65	102	777	89.424479	F4	65	127	
809	89.422917	E4	64	90	778	89.563802	E4	64	127	
810	89.551042	D4	62	75	779	89.703125	D4	62	127	
811	89.681250	C#4	61	73	780	89.842448	C#4	61	127	
812	89.810417	B3	59	74	781	89.981771	B3	59	127	
813	89.941667	A3	57	68	782	90.119792	A3	57	127	
814	90.071875	D3	50	69	785	90.259115	D3	50	127	
815	90.072917	F4	65	77	783	90.259115	F4	65	127	
816	90.078125	E4	64	71	784	90.259115	E4	64	127	
817	90.197917	D4	62	66	786	90.328125	D4	62	127	
818	90.261458	E4	64	75	787	90.397135	E4	64	127	
819	90.320833	A2	45	66	790	90.535156	A2	45	127	
820	90.321875	D4	62	65	788	90.466146	D4	62	127	
821	90.390625	E4	64	73	789	90.535156	E4	64	127	
822	90.451042	D4	62	71	791	90.604167	D4	62	127	
823	90.518750	E4	64	78	792	90.673177	E4	64	127	
824	90.582292	D2	38	58	795	90.811198	D2	38	127	
825	90.582292	D4	62	61	793	90.742188	D4	62	127	
826	90.837500	A1	33	67	799	91.087240	A1	33	127	
827	91.089583	E4	64	69	800	91.364583	E4	64	127	
828	91.341667	A3	57	68	801	91.641927	A3	57	127	
829	91.342708	A4	69	59	*	-1	*	-1	-1	
830	91.589583	D3	50	72	804	91.919271	D3	50	127	
831	91.589583	F4	65	89	802	91.919271	F4	65	127	
832	91.591667	E4	64	75	803	91.919271	E4	64	127	
833	91.592708	A2	45	59	*	-1	*	-1	-1	
834	91.716667	D4	62	65	805	91.988281	D4	62	127	
835	91.780208	E4	64	74	806	92.057292	E4	64	127	
836	91.838542	A2	45	65	809	92.195312	A2	45	127	
837	91.839583	D4	62	60	807	92.126302	D4	62	127	
838	91.906250	E4	64	75	808	92.195312	E4	64	127	
839	91.968750	D4	62	65	810	92.264323	D4	62	127	
840	92.034375	E4	64	75	811	92.333333	E4	64	127	
841	92.098958	D4	62	65	812	92.402344	D4	62	127	
842	92.100000	D2	38	61	814	92.471354	D2	38	127	
843	92.359375	A1	33	67	818	92.747396	A1	33	127	
844	92.610417	E4	64	80	819	93.024740	E4	64	127	
845	92.859375	A3	57	73	820	93.302083	A3	57	127	
846	93.109375	D3	50	81	823	93.579427	D3	50	127	
847	93.109375	F4	65	97	822	93.579427	F4	65	127	
848	93.362500	E4	64	78	824	93.856771	E4	64	127	
849	93.613542	D4	62	66	825	94.134115	D4	62	127	
850	93.614583	G3	55	69	826	94.134115	G3	55	127	
851	93.868750	A3	57	83	827	94.411458	A3	57	127	
852	93.868750	D4	62	84	*	-1	*	-1	-1	
853	93.869792	D5	74	82	*	-1	*	-1	-1	
854	94.130208	E4	64	80	828	94.688802	E4	64	127	
855	94.383333	A2	45	73	830	94.966146	A2	45	127	
856	94.384375	C#4	61	63	829	94.966146	C#4	61	127	
857	94.646875	D3	50	84	832	95.243490	D3	50	127	
858	94.648958	D4	62	73	831	95.243490	D4	62	127	
859	94.771875	E4	64	77	833	95.520833	E4	64	127	
860	94.896875	F4	65	88	834	95.613281	F4	65	127	
861	95.020833	G4	67	93	835	95.705729	G4	67	127	
862	95.144792	A4	69	94	836	95.798177	A4	69	127	
863	95.227083	B4	71	103	837	95.890625	B4	71	127	
864	95.311458	C#5	73	101	838	95.983073	C#5	73	127	
865	95.396875	D3	50	82	841	96.075521	D3	50	127	
866	95.398958	D5	74	105	839	96.075521	D5	74	127	
867	95.400000	D2	38	77	840	96.075521	D2	38	127	
868	95.646875	A5	81	103	842	96.352865	A5	81	127	
869	95.894792	A4	69	84	843	96.630208	A4	69	127	
870	96.150000	D2	38	84	845	96.907552	D2	38	127	
871	96.150000	D3	50	85	846	96.907552	D3	50	127	
872	96.150000	E5	76	102	*	-1	*	-1	-1	
873	96.211458	D5	74	101	844	96.907552	D5	74	127	
874	96.271875	E5	76	99	*	-1	*	-1	-1	
875	96.336458	D5	74	95	*	-1	*	-1	-1	
876	96.398958	A5	81	99	847	97.184896	A5	81	127	
877	96.662500	A4	69	85	848	97.462240	A4	69	127	
878	96.946875	D3	50	85	850	97.739583	D3	50	127	
879	96.946875	E5	76	102	*	-1	*	-1	-1	
880	96.947917	D2	38	84	851	97.739583	D2	38	127	
881	97.018750	D5	74	101	849	97.739583	D5	74	127	
882	97.087500	E5	76	96	*	-1	*	-1	-1	
883	97.161458	D5	74	99	*	-1	*	-1	-1	
884	97.235417	A5	81	100	852	98.016927	A5	81	127	
885	97.542708	A4	69	92	853	98.294271	A4	69	127	
886	97.875000	D3	50	85	855	98.571615	D3	50	127	
887	97.876042	E5	76	104	854	98.571615	E5	76	127	
888	97.878125	D2	38	78	856	98.571615	D2	38	127	
889	98.130208	D5	74	102	*	-1	*	-1	-1	
890	98.218750	E5	76	99	*	-1	*	-1	-1	
891	98.310417	D5	74	100	857	98.640625	D5	74	127	
892	98.401042	E5	76	100	*	-1	*	-1	-1	
893	98.495833	D5	74	102	*	-1	*	-1	-1	
894	98.589583	E5	76	98	858	98.709635	E5	76	127	
895	98.687500	D5	74	98	859	98.778646	D5	74	127	
*	-1	*	-1	-1	167	19.358073	G5	79	127	
*	-1	*	-1	-1	169	19.496094	G5	79	127	
*	-1	*	-1	-1	182	20.811198	E5	76	127	
*	-1	*	-1	-1	188	21.503906	D4	62	127	
*	-1	*	-1	-1	190	21.781250	C4	60	127	
*	-1	*	-1	-1	199	22.472656	E5	76	127	
*	-1	*	-1	-1	230	26.005208	F5	77	127	
*	-1	*	-1	-1	232	26.143229	F5	77	127	
*	-1	*	-1	-1	249	27.665365	F5	77	127	
*	-1	*	-1	-1	251	27.803385	F5	77	127	
*	-1	*	-1	-1	270	29.463542	F5	77	127	
*	-1	*	-1	-1	304	33.700521	G4	67	127	
*	-1	*	-1	-1	316	34.321615	F4	65	127	
*	-1	*	-1	-1	318	34.459635	F4	65	127	
*	-1	*	-1	-1	335	35.981771	F4	65	127	
*	-1	*	-1	-1	337	36.119792	F4	65	127	
*	-1	*	-1	-1	367	39.514323	F3	53	127	
*	-1	*	-1	-1	437	50.332031	E4	64	127	
*	-1	*	-1	-1	461	53.660156	D4	62	127	
*	-1	*	-1	-1	486	56.084635	E5	76	127	
*	-1	*	-1	-1	498	57.399740	C5	72	127	
*	-1	*	-1	-1	514	59.130208	Bb4	70	127	
*	-1	*	-1	-1	538	62.805990	D4	62	127	
*	-1	*	-1	-1	634	75.296875	Bb5	82	127	
*	-1	*	-1	-1	639	75.572917	Bb5	82	127	
*	-1	*	-1	-1	642	75.710938	Bb5	82	127	
*	-1	*	-1	-1	646	75.917969	A5	81	127	
*	-1	*	-1	-1	648	76.055990	A5	81	127	
*	-1	*	-1	-1	662	77.371094	C5	72	127	
*	-1	*	-1	-1	679	79.101562	Bb4	70	127	
*	-1	*	-1	-1	708	82.565104	D5	74	127	
*	-1	*	-1	-1	710	82.703125	D5	74	127	
*	-1	*	-1	-1	725	84.156250	E5	76	127	
*	-1	*	-1	-1	727	84.225260	D5	74	127	
*	-1	*	-1	-1	729	84.363281	D5	74	127	
*	-1	*	-1	-1	744	85.816406	E5	76	127	
*	-1	*	-1	-1	746	85.885417	D5	74	127	
*	-1	*	-1	-1	748	86.023438	D5	74	127	
*	-1	*	-1	-1	756	86.924479	D4	62	127	
*	-1	*	-1	-1	796	90.880208	D4	62	127	
*	-1	*	-1	-1	798	91.018229	D4	62	127	
*	-1	*	-1	-1	817	92.678385	D4	62	127	
*	-1	*	-1	-1	821	93.579427	D4	62	127	
*	-1	*	-1	-1	166	19.289062	A5	81	127	
*	-1	*	-1	-1	168	19.427083	A5	81	127	
*	-1	*	-1	-1	183	20.880208	D5	74	127	
*	-1	*	-1	-1	200	22.541667	D5	74	127	
*	-1	*	-1	-1	228	25.936198	G5	79	127	
*	-1	*	-1	-1	231	26.074219	G5	79	127	
*	-1	*	-1	-1	247	27.596354	G5	79	127	
*	-1	*	-1	-1	250	27.734375	G5	79	127	
*	-1	*	-1	-1	266	29.256510	G5	79	127	
*	-1	*	-1	-1	268	29.325521	F5	77	127	
*	-1	*	-1	-1	269	29.394531	G5	79	127	
*	-1	*	-1	-1	314	34.252604	G4	67	127	
*	-1	*	-1	-1	317	34.390625	G4	67	127	
*	-1	*	-1	-1	333	35.912760	G4	67	127	
*	-1	*	-1	-1	336	36.050781	G4	67	127	
*	-1	*	-1	-1	474	55.394531	E5	76	127	
*	-1	*	-1	-1	485	56.015625	F5	77	127	
*	-1	*	-1	-1	499	57.468750	Bb4	70	127	
*	-1	*	-1	-1	513	59.061198	C5	72	127	
*	-1	*	-1	-1	641	75.641927	A5	81	127	
*	-1	*	-1	-1	643	75.779948	A5	81	127	
*	-1	*	-1	-1	644	75.848958	Bb5	82	127	
*	-1	*	-1	-1	647	75.986979	Bb5	82	127	
*	-1	*	-1	-1	663	77.440104	Bb4	70	127	
*	-1	*	-1	-1	678	79.032552	C5	72	127	
*	-1	*	-1	-1	706	82.496094	E5	76	127	
*	-1	*	-1	-1	709	82.634115	E5	76	127	
*	-1	*	-1	-1	728	84.294271	E5	76	127	
*	-1	*	-1	-1	747	85.954427	E5	76	127	
*	-1	*	-1	-1	794	90.811198	E4	64	127	
*	-1	*	-1	-1	797	90.949219	E4	64	127	
*	-1	*	-1	-1	813	92.471354	E4	64	127	
*	-1	*	-1	-1	815	92.540365	D4	62	127	
*	-1	*	-1	-1	816	92.609375	E4	64	127	
