// alignID alignOntime alignSitch alignPitch alignOnvel refID refOntime refSitch refPitch refOnvel
0	6.690104	C6	84	68	1	0.187500	C6	84	127	
1	6.692708	C3	48	39	0	0.187500	C3	48	127	
2	7.157552	E3	52	49	2	0.656250	E3	52	127	
3	7.160156	G5	79	59	3	0.656250	G5	79	127	
4	7.226562	E5	76	57	5	0.750000	E5	76	127	
5	7.231771	G3	55	52	4	0.750000	G3	55	127	
6	7.289062	C5	72	62	7	0.843750	C5	72	127	
7	7.299479	C4	60	53	6	0.843750	C4	60	127	
8	7.382812	E4	64	67	8	0.937500	E4	64	127	
9	7.382812	G4	67	66	9	0.937500	G4	67	127	
10	7.936198	E4	64	58	10	1.687500	E4	64	127	
11	7.942708	A4	69	49	*	-1	*	-1	-1	
12	8.005208	G4	67	62	*	-1	*	-1	-1	
13	8.041667	A4	69	64	11	1.687500	A4	69	127	
14	8.101562	G4	67	78	12	1.781250	G4	67	127	
15	8.794271	C6	84	80	20	2.453125	C6	84	127	
16	8.795573	C3	48	55	19	2.453125	C3	48	127	
17	9.196615	F3	53	58	21	2.921875	F3	53	127	
18	9.203125	A5	81	65	22	2.921875	A5	81	127	
19	9.270833	F5	77	71	24	3.015625	F5	77	127	
20	9.283854	A3	57	56	23	3.015625	A3	57	127	
21	9.330729	C5	72	78	26	3.109375	C5	72	127	
22	9.335938	C4	60	74	25	3.109375	C4	60	127	
23	9.420573	A4	69	79	28	3.203125	A4	69	127	
24	9.432292	F4	65	75	27	3.203125	F4	65	127	
25	9.936198	F4	65	58	29	3.953125	F4	65	127	
26	9.973958	B4	71	69	30	3.953125	B4	71	127	
27	10.042969	A4	69	53	31	4.046875	A4	69	127	
28	10.119792	A4	69	62	33	4.234375	A4	69	127	
29	10.759115	C3	48	40	38	4.718750	C3	48	127	
30	10.785156	C6	84	57	39	4.718750	C6	84	127	
31	11.194010	E3	52	43	40	5.187500	E3	52	127	
32	11.221354	G5	79	57	41	5.187500	G5	79	127	
33	11.285156	E5	76	51	43	5.281250	E5	76	127	
34	11.290365	G3	55	52	42	5.281250	G3	55	127	
35	11.352865	C5	72	67	*	-1	*	-1	-1	
36	11.356771	C4	60	55	44	5.375000	C4	60	127	
37	11.446615	G4	67	66	47	5.468750	G4	67	127	
38	11.446615	E4	64	65	46	5.468750	E4	64	127	
39	11.634115	E4	64	31	45	5.375000	C5	72	127	
40	11.950521	E4	64	54	48	6.218750	E4	64	127	
41	11.971354	A4	69	48	49	6.218750	A4	69	127	
42	12.037760	G4	67	58	50	6.312500	G4	67	127	
43	12.083333	A4	69	67	51	6.406250	A4	69	127	
44	12.145833	G4	67	78	52	6.500000	G4	67	127	
45	12.765625	F5	77	76	58	6.984375	F5	77	127	
46	12.822917	G2	43	42	57	6.984375	G2	43	127	
47	12.942708	D5	74	66	59	7.171875	D5	74	127	
48	13.085938	B4	71	70	60	7.359375	B4	71	127	
49	13.213542	G4	67	68	61	7.546875	G4	67	127	
50	13.360677	F5	77	82	64	7.734375	F5	77	127	
51	13.372396	D5	74	72	63	7.734375	D5	74	127	
52	13.381510	G2	43	56	62	7.734375	G2	43	127	
53	13.384115	B4	71	50	*	-1	*	-1	-1	
54	13.720052	E5	76	72	66	8.109375	E5	76	127	
55	13.723958	C5	72	69	65	8.109375	C5	72	127	
56	14.076823	G2	43	39	67	8.484375	G2	43	127	
57	14.407552	D5	74	62	69	8.859375	D5	74	127	
58	14.411458	B4	71	54	68	8.859375	B4	71	127	
59	14.744792	C2	36	40	70	9.234375	C2	36	127	
60	14.843750	G5	79	63	72	9.234375	G5	79	127	
61	14.983073	E5	76	62	73	9.421875	E5	76	127	
62	15.130208	E5	76	62	74	9.609375	E5	76	127	
63	15.270833	C5	72	61	75	9.796875	C5	72	127	
64	15.424479	C5	72	56	76	9.984375	C5	72	127	
65	15.559896	G4	67	58	77	10.171875	G4	67	127	
66	15.747396	G4	67	55	78	10.359375	G4	67	127	
67	15.902344	C5	72	57	79	10.546875	C5	72	127	
68	16.158854	C5	72	65	*	-1	*	-1	-1	
69	16.218750	D5	74	49	80	10.734375	D5	74	127	
70	16.303385	C5	72	54	81	10.828125	C5	72	127	
71	17.346354	C6	84	52	*	-1	*	-1	-1	
72	17.372396	C3	48	29	88	11.562500	C3	48	127	
73	17.839844	G5	79	61	91	12.031250	G5	79	127	
74	17.839844	E3	52	46	90	12.031250	E3	52	127	
75	17.916667	E5	76	50	93	12.125000	E5	76	127	
76	17.919271	G3	55	58	92	12.125000	G3	55	127	
77	17.977865	C5	72	57	95	12.218750	C5	72	127	
78	17.985677	C4	60	55	94	12.218750	C4	60	127	
79	18.074219	G4	67	57	97	12.312500	G4	67	127	
80	18.111979	E4	64	29	96	12.312500	E4	64	127	
81	18.591146	E4	64	51	98	13.062500	E4	64	127	
82	18.641927	A4	69	50	99	13.062500	A4	69	127	
83	18.712240	G4	67	67	100	13.156250	G4	67	127	
84	18.744792	A4	69	66	101	13.250000	A4	69	127	
85	19.526042	C6	84	75	108	13.843750	C6	84	127	
86	19.529948	C3	48	41	107	13.843750	C3	48	127	
87	19.964844	F3	53	50	109	14.312500	F3	53	127	
88	19.968750	A5	81	57	110	14.312500	A5	81	127	
89	20.044271	F5	77	70	112	14.406250	F5	77	127	
90	20.049479	A3	57	54	111	14.406250	A3	57	127	
91	20.111979	C4	60	67	113	14.500000	C4	60	127	
92	20.114583	C5	72	68	114	14.500000	C5	72	127	
93	20.204427	A4	69	65	116	14.593750	A4	69	127	
94	20.205729	F4	65	65	115	14.593750	F4	65	127	
95	20.739583	F4	65	53	117	15.343750	F4	65	127	
96	20.776042	B4	71	66	*	-1	*	-1	-1	
97	20.834635	A4	69	61	*	-1	*	-1	-1	
98	20.876302	B4	71	64	118	15.343750	B4	71	127	
99	20.937500	A4	69	75	119	15.437500	A4	69	127	
100	21.667969	C6	84	56	127	16.125000	C6	84	127	
101	21.673177	C3	48	37	126	16.125000	C3	48	127	
102	22.118490	E3	52	48	128	16.593750	E3	52	127	
103	22.145833	G5	79	53	129	16.593750	G5	79	127	
104	22.201823	E5	76	57	131	16.687500	E5	76	127	
105	22.205729	G3	55	55	130	16.687500	G3	55	127	
106	22.272135	C5	72	63	133	16.781250	C5	72	127	
107	22.273438	C4	60	57	132	16.781250	C4	60	127	
108	22.372396	G4	67	62	135	16.875000	G4	67	127	
109	22.373698	E4	64	62	134	16.875000	E4	64	127	
110	22.884115	E4	64	54	136	17.625000	E4	64	127	
111	22.915365	A4	69	58	*	-1	*	-1	-1	
112	22.973958	G4	67	69	*	-1	*	-1	-1	
113	23.028646	A4	69	70	137	17.625000	A4	69	127	
114	23.085938	G4	67	65	138	17.718750	G4	67	127	
115	23.774740	F5	77	68	146	18.390625	F5	77	127	
116	23.776042	G2	43	47	145	18.390625	G2	43	127	
117	23.944010	D5	74	65	147	18.578125	D5	74	127	
118	24.089844	B4	71	72	148	18.765625	B4	71	127	
119	24.220052	G4	67	71	149	18.953125	G4	67	127	
120	24.369792	F5	77	82	152	19.140625	F5	77	127	
121	24.372396	D5	74	78	151	19.140625	D5	74	127	
122	24.385417	G2	43	54	150	19.140625	G2	43	127	
123	24.721354	E5	76	74	154	19.515625	E5	76	127	
124	24.726562	C5	72	67	153	19.515625	C5	72	127	
125	25.088542	G2	43	34	155	19.890625	G2	43	127	
126	25.417969	D5	74	61	157	20.265625	D5	74	127	
127	25.420573	B4	71	51	156	20.265625	B4	71	127	
128	25.753906	C2	36	38	158	20.640625	C2	36	127	
129	25.877604	G5	79	63	160	20.640625	G5	79	127	
130	26.036458	E5	76	54	161	20.828125	E5	76	127	
131	26.177083	E5	76	57	162	21.015625	E5	76	127	
132	26.311198	C5	72	61	163	21.203125	C5	72	127	
133	26.459635	C5	72	55	164	21.390625	C5	72	127	
134	26.597656	G4	67	59	165	21.578125	G4	67	127	
135	26.787760	G4	67	41	166	21.765625	G4	67	127	
136	26.923177	C5	72	59	167	21.953125	C5	72	127	
137	27.154948	D5	74	50	168	22.140625	D5	74	127	
138	27.204427	C5	72	57	169	22.234375	C5	72	127	
139	27.264323	D5	74	56	170	22.328125	D5	74	127	
140	28.377604	C5	72	62	175	22.796875	C5	72	127	
141	28.381510	C4	60	34	176	22.953125	C4	60	127	
142	28.419271	A4	69	27	177	22.953125	A4	69	127	
143	28.611979	C6	84	52	178	23.140625	C6	84	127	
144	28.773438	D5	74	65	179	23.328125	D5	74	127	
145	28.915365	B5	83	74	180	23.515625	B5	83	127	
146	28.945312	D5	74	33	*	-1	*	-1	-1	
147	29.074219	E5	76	71	183	23.703125	E5	76	127	
148	29.074219	C4	60	59	181	23.703125	C4	60	127	
149	29.083333	A4	69	58	182	23.703125	A4	69	127	
150	29.227865	C6	84	71	184	23.890625	C6	84	127	
151	29.373698	A4	69	77	185	24.078125	A4	69	127	
152	29.511719	F#5	78	85	186	24.265625	F#5	78	127	
153	29.660156	B4	71	84	189	24.453125	B4	71	127	
154	29.664062	C4	60	65	187	24.453125	C4	60	127	
155	29.678385	A4	69	58	188	24.453125	A4	69	127	
156	29.798177	G5	79	85	190	24.640625	G5	79	127	
157	29.957031	C5	72	81	191	24.828125	C5	72	127	
158	30.102865	A5	81	77	192	25.015625	A5	81	127	
159	30.326823	A4	69	73	194	25.203125	A4	69	127	
160	30.338542	B3	59	64	193	25.203125	B3	59	127	
161	30.455729	E5	76	56	195	25.203125	E5	76	127	
162	30.524740	D5	74	64	196	25.296875	D5	74	127	
163	30.604167	E5	76	68	197	25.390625	E5	76	127	
164	30.683594	D5	74	65	198	25.484375	D5	74	127	
165	30.729167	E5	76	70	199	25.578125	E5	76	127	
166	30.796875	D5	74	74	200	25.671875	D5	74	127	
167	30.946615	C#5	73	74	201	25.765625	C#5	73	127	
168	31.096354	G4	67	53	*	-1	*	-1	-1	
169	31.106771	D5	74	65	203	25.953125	D5	74	127	
170	31.186198	A4	69	55	202	25.953125	A4	69	127	
171	31.264323	G4	67	55	204	26.046875	G4	67	127	
172	31.360677	A4	69	53	205	26.140625	A4	69	127	
173	31.466146	G4	67	50	206	26.234375	G4	67	127	
174	31.552083	A4	69	45	207	26.328125	A4	69	127	
175	31.651042	G4	67	43	208	26.421875	G4	67	127	
176	31.774740	F#4	66	47	209	26.515625	F#4	66	127	
177	32.028646	F#4	66	41	210	26.703125	F#4	66	127	
178	32.204427	G4	67	35	211	27.078125	G4	67	127	
179	32.914062	B3	59	39	212	27.468750	B3	59	127	
180	32.915365	G4	67	34	213	27.468750	G4	67	127	
181	32.916667	B4	71	46	214	27.468750	B4	71	127	
182	33.102865	B5	83	54	215	27.671875	B5	83	127	
183	33.244792	C5	72	60	216	27.859375	C5	72	127	
184	33.388021	A5	81	60	217	28.046875	A5	81	127	
185	33.527344	D5	74	66	220	28.234375	D5	74	127	
186	33.535156	B3	59	51	218	28.234375	B3	59	127	
187	33.563802	G4	67	50	219	28.234375	G4	67	127	
188	33.695312	B5	83	56	221	28.421875	B5	83	127	
189	33.695312	A5	81	49	*	-1	*	-1	-1	
190	33.839844	G4	67	73	222	28.609375	G4	67	127	
191	33.964844	E5	76	72	223	28.796875	E5	76	127	
192	34.111979	A4	69	66	226	28.984375	A4	69	127	
193	34.111979	B3	59	48	224	28.984375	B3	59	127	
194	34.154948	G4	67	51	225	28.984375	G4	67	127	
195	34.250000	F#5	78	82	227	29.171875	F#5	78	127	
196	34.398438	B4	71	75	228	29.359375	B4	71	127	
197	34.523438	G5	79	75	229	29.546875	G5	79	127	
198	34.657552	A3	57	58	230	29.734375	A3	57	127	
199	34.785156	D5	74	50	232	29.734375	D5	74	127	
200	34.789062	G4	67	43	231	29.734375	G4	67	127	
201	34.819010	C5	72	73	233	29.828125	C5	72	127	
202	34.904948	D5	74	76	234	29.921875	D5	74	127	
203	34.973958	C5	72	70	235	30.015625	C5	72	127	
204	35.024740	D5	74	70	236	30.109375	D5	74	127	
205	35.105469	C5	72	70	237	30.203125	C5	72	127	
206	35.264323	B4	71	68	238	30.296875	B4	71	127	
207	35.415365	F#4	66	52	*	-1	*	-1	-1	
208	35.446615	C5	72	63	240	30.484375	C5	72	127	
209	35.532552	G4	67	55	239	30.484375	G4	67	127	
210	35.626302	F#4	66	61	241	30.578125	F#4	66	127	
211	35.721354	G4	67	58	242	30.671875	G4	67	127	
212	35.795573	F#4	66	57	243	30.765625	F#4	66	127	
213	35.888021	G4	67	51	244	30.859375	G4	67	127	
214	36.007812	F#4	66	59	245	30.953125	F#4	66	127	
215	36.119792	E4	64	56	246	31.046875	E4	64	127	
216	36.382812	E4	64	49	247	31.234375	E4	64	127	
217	36.562500	F#4	66	47	248	31.609375	F#4	66	127	
218	37.169271	A3	57	53	249	32.000000	A3	57	127	
219	37.234375	C4	60	39	250	32.000000	C4	60	127	
220	37.243490	D4	62	50	251	32.000000	D4	62	127	
221	37.253906	A4	69	52	253	32.000000	A4	69	127	
222	37.263021	F#4	66	48	252	32.000000	F#4	66	127	
223	37.445312	A5	81	59	254	32.187500	A5	81	127	
224	37.578125	B4	71	67	255	32.375000	B4	71	127	
225	37.716146	G5	79	75	256	32.562500	G5	79	127	
226	37.786458	A3	57	55	257	32.750000	A3	57	127	
227	37.854167	D4	62	55	259	32.750000	D4	62	127	
228	37.854167	C5	72	78	261	32.750000	C5	72	127	
229	37.856771	F#4	66	64	260	32.750000	F#4	66	127	
230	37.997396	A5	81	76	262	32.937500	A5	81	127	
231	38.166667	F#4	66	87	263	33.125000	F#4	66	127	
232	38.299479	A4	69	75	264	33.312500	A4	69	127	
233	38.394531	D3	50	57	265	33.500000	D3	50	127	
234	38.464844	A3	57	66	266	33.500000	A3	57	127	
235	38.464844	G4	67	81	268	33.500000	G4	67	127	
236	38.471354	D4	62	71	267	33.500000	D4	62	127	
237	38.600260	B4	71	88	269	33.687500	B4	71	127	
238	38.748698	A4	69	85	270	33.875000	A4	69	127	
239	38.901042	C5	72	89	271	34.062500	C5	72	127	
240	39.165365	G3	55	54	272	34.250000	G3	55	127	
241	39.173177	C5	72	80	273	34.250000	C5	72	127	
242	39.195312	B4	71	63	*	-1	*	-1	-1	
243	39.815104	G2	43	44	274	35.000000	G2	43	127	
244	39.855469	C5	72	65	275	35.000000	C5	72	127	
245	39.928385	B4	71	65	276	35.093750	B4	71	127	
246	39.997396	C5	72	71	277	35.187500	C5	72	127	
247	40.085938	B4	71	69	278	35.281250	B4	71	127	
248	40.144531	C5	72	61	279	35.375000	C5	72	127	
249	40.230469	B4	71	69	280	35.468750	B4	71	127	
250	40.453125	A4	69	49	281	35.562500	A4	69	127	
251	40.789062	B4	71	49	282	35.750000	B4	71	127	
252	41.798177	D6	86	51	285	36.561458	D6	86	127	
253	41.798177	G3	55	47	283	36.561458	G3	55	127	
254	41.808594	D5	74	39	284	36.561458	D5	74	127	
255	42.014323	Bb3	58	51	286	36.748958	Bb3	58	127	
256	42.184896	A3	57	56	287	36.936458	A3	57	127	
257	42.320312	C4	60	60	288	37.123958	C4	60	127	
258	42.484375	D6	86	75	291	37.311458	D6	86	127	
259	42.486979	Bb3	58	61	289	37.311458	Bb3	58	127	
260	42.488281	D5	74	67	290	37.311458	D5	74	127	
261	42.640625	D4	62	77	292	37.498958	D4	62	127	
262	42.795573	C4	60	82	293	37.686458	C4	60	127	
263	42.941406	Eb4	63	83	294	37.873958	Eb4	63	127	
264	43.093750	D4	62	84	295	38.061458	D4	62	127	
265	43.111979	D6	86	88	297	38.061458	D6	86	127	
266	43.114583	D5	74	81	296	38.061458	D5	74	127	
267	43.257812	G4	67	81	298	38.248958	G4	67	127	
268	43.419271	F#4	66	76	299	38.436458	F#4	66	127	
269	43.571615	G4	67	80	300	38.623958	G4	67	127	
270	43.847656	D2	38	81	301	38.811458	D2	38	127	
271	44.040365	Bb5	82	80	302	38.998958	Bb5	82	127	
272	44.188802	A5	81	80	303	39.186458	A5	81	127	
273	44.333333	G5	79	80	304	39.373958	G5	79	127	
274	44.493490	F#5	78	77	306	39.561458	F#5	78	127	
275	44.494792	D2	38	54	305	39.561458	D2	38	127	
276	44.639323	Eb5	75	68	307	39.748958	Eb5	75	127	
277	44.792969	D5	74	61	308	39.936458	D5	74	127	
278	44.941406	C5	72	56	309	40.123958	C5	72	127	
279	45.092448	Bb4	70	60	311	40.311458	Bb4	70	127	
280	45.092448	D2	38	36	310	40.311458	D2	38	127	
281	45.243490	A4	69	49	312	40.498958	A4	69	127	
282	45.388021	G4	67	53	313	40.686458	G4	67	127	
283	45.571615	F#4	66	33	314	40.873958	F#4	66	127	
284	45.882812	D6	86	57	317	41.092708	D6	86	127	
285	45.894531	G3	55	51	315	41.092708	G3	55	127	
286	46.065104	Bb3	58	55	318	41.280208	Bb3	58	127	
287	46.217448	A3	57	66	319	41.467708	A3	57	127	
288	46.355469	C4	60	72	320	41.655208	C4	60	127	
289	46.503906	Bb3	58	67	321	41.842708	Bb3	58	127	
290	46.527344	D6	86	88	323	41.842708	D6	86	127	
291	46.532552	D5	74	81	322	41.842708	D5	74	127	
292	46.669271	D4	62	84	324	42.030208	D4	62	127	
293	46.821615	C4	60	89	325	42.217708	C4	60	127	
294	46.967448	Eb4	63	86	326	42.405208	Eb4	63	127	
295	47.125000	D4	62	92	327	42.592708	D4	62	127	
296	47.134115	D6	86	86	329	42.592708	D6	86	127	
297	47.136719	D5	74	85	328	42.592708	D5	74	127	
298	47.282552	G4	67	83	330	42.780208	G4	67	127	
299	47.436198	F#4	66	74	331	42.967708	F#4	66	127	
300	47.595052	G4	67	72	332	43.155208	G4	67	127	
301	47.858073	D2	38	84	333	43.342708	D2	38	127	
302	47.994792	D6	86	82	335	43.530208	D6	86	127	
303	47.996094	Bb5	82	78	334	43.530208	Bb5	82	127	
304	48.152344	A5	81	78	336	43.717708	A5	81	127	
305	48.152344	C6	84	72	337	43.717708	C6	84	127	
306	48.285156	G5	79	77	338	43.905208	G5	79	127	
307	48.286458	Bb5	82	79	339	43.905208	Bb5	82	127	
308	48.446615	F#5	78	80	341	44.092708	F#5	78	127	
309	48.451823	A5	81	64	342	44.092708	A5	81	127	
310	48.453125	D2	38	63	340	44.092708	D2	38	127	
311	48.587240	Eb5	75	67	343	44.280208	Eb5	75	127	
312	48.589844	G5	79	65	344	44.280208	G5	79	127	
313	48.733073	F#5	78	75	346	44.467708	F#5	78	127	
314	48.735677	D5	74	59	345	44.467708	D5	74	127	
315	48.868490	Eb5	75	70	348	44.655208	Eb5	75	127	
316	48.871094	C5	72	73	347	44.655208	C5	72	127	
317	49.032552	D5	74	63	351	44.842708	D5	74	127	
318	49.033854	Bb4	70	67	350	44.842708	Bb4	70	127	
319	49.045573	D2	38	46	349	44.842708	D2	38	127	
320	49.175781	A4	69	55	352	45.030208	A4	69	127	
321	49.183594	C5	72	57	353	45.030208	C5	72	127	
322	49.325521	Bb4	70	67	355	45.217708	Bb4	70	127	
323	49.328125	G4	67	50	354	45.217708	G4	67	127	
324	49.483073	A4	69	54	357	45.405208	A4	69	127	
325	49.506510	F#4	66	53	356	45.405208	F#4	66	127	
326	49.713542	G3	55	47	358	45.623958	G3	55	127	
327	49.755208	G5	79	57	360	45.623958	G5	79	127	
328	49.906250	B3	59	55	361	45.811458	B3	59	127	
329	50.067708	A3	57	66	362	45.998958	A3	57	127	
330	50.222656	C4	60	72	363	46.186458	C4	60	127	
331	50.376302	G5	79	80	366	46.373958	G5	79	127	
332	50.377604	B3	59	70	364	46.373958	B3	59	127	
333	50.377604	G4	67	68	365	46.373958	G4	67	127	
334	50.536458	D4	62	83	367	46.561458	D4	62	127	
335	50.687500	C4	60	83	368	46.748958	C4	60	127	
336	50.835938	Eb4	63	86	369	46.936458	Eb4	63	127	
337	50.990885	D4	62	91	370	47.123958	D4	62	127	
338	50.998698	G5	79	90	372	47.123958	G5	79	127	
339	51.149740	G4	67	87	373	47.311458	G4	67	127	
340	51.308594	F#4	66	80	374	47.498958	F#4	66	127	
341	51.462240	G4	67	85	375	47.686458	G4	67	127	
342	51.704427	G2	43	87	376	47.873958	G2	43	127	
343	51.867188	Eb5	75	82	377	48.061458	Eb5	75	127	
344	52.018229	D5	74	79	378	48.248958	D5	74	127	
345	52.175781	C5	72	75	379	48.436458	C5	72	127	
346	52.334635	B4	71	69	381	48.623958	B4	71	127	
347	52.346354	G2	43	54	380	48.623958	G2	43	127	
348	52.488281	G#4	68	66	382	48.811458	G#4	68	127	
349	52.649740	G4	67	58	383	48.998958	G4	67	127	
350	52.809896	F4	65	55	384	49.186458	F4	65	127	
351	52.964844	Eb4	63	59	386	49.373958	Eb4	63	127	
352	52.972656	G2	43	41	385	49.373958	G2	43	127	
353	53.105469	D4	62	58	387	49.561458	D4	62	127	
354	53.265625	C4	60	52	388	49.748958	C4	60	127	
355	53.420573	B3	59	50	389	49.936458	B3	59	127	
356	53.723958	G5	79	64	392	50.155208	G5	79	127	
357	53.756510	G3	55	55	390	50.155208	G3	55	127	
358	53.903646	B3	59	55	393	50.342708	B3	59	127	
359	54.067708	A3	57	70	394	50.530208	A3	57	127	
360	54.221354	C4	60	80	395	50.717708	C4	60	127	
361	54.390625	B3	59	73	396	50.905208	B3	59	127	
362	54.391927	G5	79	91	398	50.905208	G5	79	127	
363	54.394531	G4	67	84	397	50.905208	G4	67	127	
364	54.531250	D4	62	84	399	51.092708	D4	62	127	
365	54.683594	C4	60	84	400	51.280208	C4	60	127	
366	54.830729	Eb4	63	87	401	51.467708	Eb4	63	127	
367	54.979167	D4	62	93	402	51.655208	D4	62	127	
368	55.003906	G5	79	90	404	51.655208	G5	79	127	
369	55.145833	G4	67	90	405	51.842708	G4	67	127	
370	55.307292	F#4	66	87	406	52.030208	F#4	66	127	
371	55.464844	G4	67	86	407	52.217708	G4	67	127	
372	55.682292	G2	43	80	408	52.405208	G2	43	127	
373	55.846354	G5	79	79	410	52.592708	G5	79	127	
374	55.850260	Eb5	75	79	409	52.592708	Eb5	75	127	
375	56.005208	F5	77	79	412	52.780208	F5	77	127	
376	56.006510	D5	74	78	411	52.780208	D5	74	127	
377	56.148438	C5	72	81	413	52.967708	C5	72	127	
378	56.151042	Eb5	75	83	414	52.967708	Eb5	75	127	
379	56.324219	D5	74	64	417	53.155208	D5	74	127	
380	56.324219	G2	43	50	415	53.155208	G2	43	127	
381	56.324219	B4	71	67	416	53.155208	B4	71	127	
382	56.463542	C5	72	75	419	53.342708	C5	72	127	
383	56.468750	G#4	68	65	418	53.342708	G#4	68	127	
384	56.618490	B4	71	71	421	53.530208	B4	71	127	
385	56.641927	G4	67	55	420	53.530208	G4	67	127	
386	56.756510	G#4	68	71	423	53.717708	G#4	68	127	
387	56.763021	F4	65	66	422	53.717708	F4	65	127	
388	56.947917	G2	43	40	424	53.905208	G2	43	127	
389	56.953125	Eb4	63	56	425	53.905208	Eb4	63	127	
390	56.953125	G4	67	41	426	53.905208	G4	67	127	
391	57.084635	D4	62	56	427	54.092708	D4	62	127	
392	57.105469	F4	65	49	428	54.092708	F4	65	127	
393	57.274740	Eb4	63	51	430	54.280208	Eb4	63	127	
394	57.464844	B3	59	28	431	54.467708	B3	59	127	
395	57.464844	D4	62	34	432	54.467708	D4	62	127	
396	57.833333	Eb4	63	31	434	54.675000	Eb4	63	127	
397	57.835938	C4	60	21	433	54.675000	C4	60	127	
398	57.843750	G4	67	28	435	54.675000	G4	67	127	
399	58.388021	G5	79	53	436	55.248958	G5	79	127	
400	58.475260	Eb5	75	61	437	55.342708	Eb5	75	127	
401	58.563802	C#5	73	58	441	55.436458	C#5	73	127	
402	58.585938	D4	62	35	439	55.436458	D4	62	127	
403	58.602865	G4	67	30	440	55.436458	G4	67	127	
404	58.602865	Bb3	58	38	438	55.436458	Bb3	58	127	
405	59.138021	G5	79	72	442	55.998958	G5	79	127	
406	59.216146	D5	74	79	443	56.092708	D5	74	127	
407	59.309896	B4	71	79	448	56.186458	B4	71	127	
408	59.313802	F#4	66	59	447	56.186458	F#4	66	127	
409	59.316406	D4	62	56	446	56.186458	D4	62	127	
410	59.320312	A3	57	47	444	56.186458	A3	57	127	
411	59.322917	C4	60	42	445	56.186458	C4	60	127	
412	59.776042	G5	79	75	449	56.748958	G5	79	127	
413	59.876302	C5	72	79	*	-1	*	-1	-1	
414	60.074219	C5	72	74	450	56.842708	C5	72	127	
415	60.113281	G3	55	55	451	56.936458	G3	55	127	
416	60.123698	Bb4	70	75	452	56.936458	Bb4	70	127	
417	60.273438	A4	69	65	453	57.123958	A4	69	127	
418	60.472656	G4	67	68	454	57.311458	G4	67	127	
419	60.815104	Eb5	75	56	455	57.561458	Eb5	75	127	
420	60.941406	D3	50	30	456	57.686458	D3	50	127	
421	60.944010	G4	67	55	459	57.686458	G4	67	127	
422	60.954427	Bb3	58	34	458	57.686458	Bb3	58	127	
423	60.955729	G3	55	33	457	57.686458	G3	55	127	
424	61.104167	A4	69	53	460	57.811458	A4	69	127	
425	61.212240	G4	67	60	461	57.936458	G4	67	127	
426	61.299479	F#4	66	66	462	58.061458	F#4	66	127	
427	61.424479	G4	67	57	463	58.186458	G4	67	127	
428	61.554688	A4	69	54	464	58.311458	A4	69	127	
429	61.656250	F#3	54	44	466	58.436458	F#3	54	127	
430	61.744792	Bb4	70	62	468	58.436458	Bb4	70	127	
431	61.744792	A3	57	38	467	58.436458	A3	57	127	
432	61.813802	A4	69	56	469	58.530208	A4	69	127	
433	61.873698	Bb4	70	70	470	58.623958	Bb4	70	127	
434	61.955729	A4	69	59	471	58.717708	A4	69	127	
435	62.101562	A4	69	46	472	58.811458	Bb4	70	127	
436	62.891927	G4	67	35	*	-1	*	-1	-1	
437	62.915365	Eb4	63	31	477	59.233333	Eb4	63	127	
438	63.466146	G5	79	59	479	59.795833	G5	79	127	
439	63.545573	Eb5	75	68	480	59.889583	Eb5	75	127	
440	63.627604	D4	62	30	482	59.983333	D4	62	127	
441	63.634115	C#5	73	79	484	59.983333	C#5	73	127	
442	63.634115	Bb3	58	41	481	59.983333	Bb3	58	127	
443	63.640625	G4	67	43	483	59.983333	G4	67	127	
444	64.192708	G5	79	74	485	60.545833	G5	79	127	
445	64.272135	D5	74	84	486	60.639583	D5	74	127	
446	64.375000	A3	57	49	487	60.733333	A3	57	127	
447	64.375000	B4	71	81	491	60.733333	B4	71	127	
448	64.381510	D4	62	52	489	60.733333	D4	62	127	
449	64.382812	F#4	66	58	490	60.733333	F#4	66	127	
450	64.384115	C4	60	36	488	60.733333	C4	60	127	
451	64.856771	G5	79	80	492	61.295833	G5	79	127	
452	64.985677	C5	72	74	493	61.389583	C5	72	127	
453	65.151042	G3	55	50	494	61.483333	G3	55	127	
454	65.204427	Bb4	70	70	495	61.483333	Bb4	70	127	
455	65.274740	C5	72	76	*	-1	*	-1	-1	
456	65.346354	Bb4	70	73	*	-1	*	-1	-1	
457	65.404948	A4	69	77	496	61.670833	A4	69	127	
458	65.507812	G4	67	83	497	61.858333	G4	67	127	
459	65.804688	Eb5	75	86	498	62.108333	Eb5	75	127	
460	65.915365	D3	50	46	499	62.233333	D3	50	127	
461	65.954427	G3	55	54	500	62.233333	G3	55	127	
462	65.998698	Bb3	58	54	501	62.233333	Bb3	58	127	
463	66.054688	G4	67	79	502	62.233333	G4	67	127	
464	66.240885	A4	69	70	503	62.358333	A4	69	127	
465	66.356771	G4	67	72	504	62.483333	G4	67	127	
466	66.454427	F#4	66	73	505	62.608333	F#4	66	127	
467	66.575521	G4	67	69	506	62.733333	G4	67	127	
468	66.686198	A4	69	67	507	62.858333	A4	69	127	
469	66.763021	D3	50	41	508	62.983333	D3	50	127	
470	66.809896	F#3	54	48	509	62.983333	F#3	54	127	
471	66.904948	Bb4	70	68	511	62.983333	Bb4	70	127	
472	66.945312	A3	57	41	510	62.983333	A3	57	127	
473	66.953125	A4	69	55	512	63.077083	A4	69	127	
474	66.960938	F#3	54	46	*	-1	*	-1	-1	
475	67.010417	Bb4	70	77	513	63.170833	Bb4	70	127	
476	67.091146	A4	69	57	514	63.260417	A4	69	127	
477	67.837240	G4	67	55	517	63.530208	G4	67	127	
478	68.057292	G2	43	48	518	63.733333	G2	43	127	
479	68.087240	G4	67	70	521	63.827083	G4	67	127	
480	68.131510	A4	69	59	522	63.920833	A4	69	127	
481	68.209635	G4	67	65	523	64.014583	G4	67	127	
482	68.445312	B4	71	70	525	64.202083	B4	71	127	
483	68.485677	C5	72	78	526	64.295833	C5	72	127	
484	68.562500	B4	71	82	527	64.389583	B4	71	127	
485	68.765625	D5	74	80	531	64.577083	D5	74	127	
486	68.768229	G2	43	62	528	64.483333	G2	43	127	
487	68.803385	E5	76	76	532	64.670833	E5	76	127	
488	68.869792	D5	74	85	533	64.764583	D5	74	127	
489	69.070312	G5	79	78	535	64.952083	G5	79	127	
490	69.104167	G2	43	48	*	-1	*	-1	-1	
491	69.113281	A5	81	79	536	65.045833	A5	81	127	
492	69.174479	G5	79	83	537	65.139583	G5	79	127	
493	69.391927	G2	43	67	542	65.420833	C6	84	127	
494	69.433594	B5	83	66	543	65.510417	B5	83	127	
495	69.471354	C6	84	80	544	65.600000	C6	84	127	
496	69.542969	B5	83	86	545	65.690625	B5	83	127	
497	69.552083	G3	55	65	539	65.233333	G3	55	127	
498	70.299479	C3	48	47	548	65.994792	C3	48	127	
499	70.356771	E5	76	76	550	65.994792	E5	76	127	
500	70.394531	C5	72	43	*	-1	*	-1	-1	
501	70.545573	C5	72	81	551	66.182292	C5	72	127	
502	70.708333	B4	71	75	552	66.369792	B4	71	127	
503	70.752604	C4	60	30	*	-1	*	-1	-1	
504	70.872396	A4	69	62	553	66.557292	A4	69	127	
505	71.084635	G2	43	37	*	-1	*	-1	-1	
506	71.084635	A4	69	55	*	-1	*	-1	-1	
507	71.085938	G3	55	40	555	66.744792	G3	55	127	
508	71.087240	D3	50	37	554	66.744792	D3	50	127	
509	71.093750	B3	59	35	556	66.744792	B3	59	127	
510	71.190104	G4	67	68	557	66.744792	G4	67	127	
511	71.304688	F#4	66	74	558	66.932292	F#4	66	127	
512	71.485677	G4	67	55	559	67.119792	G4	67	127	
513	71.669271	A4	69	58	560	67.307292	A4	69	127	
514	71.824219	D3	50	43	561	67.494792	D3	50	127	
515	71.876302	A3	57	46	562	67.494792	A3	57	127	
516	71.915365	B4	71	58	563	67.494792	B4	71	127	
517	71.972656	A4	69	52	564	67.588542	A4	69	127	
518	72.033854	B4	71	67	565	67.682292	B4	71	127	
519	72.114583	A4	69	64	566	67.776042	A4	69	127	
520	72.744792	G4	67	47	569	68.057292	G4	67	127	
521	72.984375	G2	43	48	570	68.276042	G2	43	127	
522	72.989583	G4	67	63	573	68.369792	G4	67	127	
523	73.023438	A4	69	58	574	68.463542	A4	69	127	
524	73.095052	G4	67	69	575	68.557292	G4	67	127	
525	73.313802	B4	71	71	577	68.744792	B4	71	127	
526	73.351562	C5	72	76	578	68.838542	C5	72	127	
527	73.419271	B4	71	78	579	68.932292	B4	71	127	
528	73.626302	G2	43	61	580	69.026042	G2	43	127	
529	73.628906	D5	74	79	583	69.119792	D5	74	127	
530	73.667969	E5	76	79	584	69.213542	E5	76	127	
531	73.736979	D5	74	84	585	69.307292	D5	74	127	
532	73.852865	G3	55	43	586	69.401042	A5	81	127	
533	73.934896	G5	79	83	587	69.494792	G5	79	127	
534	73.976562	A5	81	78	588	69.588542	A5	81	127	
535	74.036458	G5	79	85	589	69.682292	G5	79	127	
536	74.251302	G2	43	58	592	69.776042	C6	84	127	
537	74.326823	E6	88	81	593	69.869792	B5	83	127	
538	74.390625	D6	86	75	594	69.963542	C6	84	127	
539	74.433594	E6	88	76	595	70.053125	B5	83	127	
540	74.437500	G3	55	52	591	69.776042	G3	55	127	
541	74.497396	D6	86	87	596	70.143750	C6	84	127	
542	75.203125	C3	48	43	600	70.534375	C3	48	127	
543	75.352865	E5	76	75	*	-1	*	-1	-1	
544	75.397135	C5	72	49	*	-1	*	-1	-1	
545	75.403646	C4	60	51	601	70.534375	C4	60	127	
546	75.882812	D5	74	65	603	70.909375	D5	74	127	
547	75.971354	C5	72	65	604	71.003125	C5	72	127	
548	76.048177	B4	71	70	605	71.096875	B4	71	127	
549	76.144531	A4	69	59	606	71.190625	A4	69	127	
550	76.272135	G4	67	60	610	71.284375	G4	67	127	
551	76.295573	B3	59	40	609	71.284375	B3	59	127	
552	76.307292	G3	55	26	608	71.284375	G3	55	127	
553	76.442708	A4	69	52	611	71.409375	A4	69	127	
554	76.585938	G4	67	56	612	71.534375	G4	67	127	
555	76.713542	F#4	66	60	613	71.659375	F#4	66	127	
556	76.889323	G4	67	43	614	71.784375	G4	67	127	
557	77.026042	A4	69	51	615	71.909375	A4	69	127	
558	77.151042	D3	50	37	616	72.034375	D3	50	127	
559	77.205729	A3	57	34	617	72.034375	A3	57	127	
560	77.264323	B4	71	59	618	72.034375	B4	71	127	
561	77.333333	A4	69	53	619	72.128125	A4	69	127	
562	77.388021	B4	71	69	620	72.221875	B4	71	127	
563	77.493490	A4	69	63	621	72.311458	A4	69	127	
564	78.437500	G4	67	43	624	72.581250	G4	67	127	
565	78.864583	G5	79	52	627	72.815625	G5	79	127	
566	78.912760	G3	55	36	626	72.815625	G3	55	127	
567	78.914062	G2	43	33	625	72.815625	G2	43	127	
568	79.216146	D5	74	47	628	73.003125	D5	74	127	
569	79.403646	B5	83	61	629	73.190625	B5	83	127	
570	79.565104	G5	79	67	630	73.378125	G5	79	127	
571	79.746094	G5	79	58	632	73.565625	G5	79	127	
572	79.751302	B4	71	55	631	73.565625	B4	71	127	
573	79.930990	D5	74	65	633	73.753125	D5	74	127	
574	80.091146	B5	83	72	634	73.940625	B5	83	127	
575	80.244792	G5	79	78	635	74.128125	G5	79	127	
576	80.411458	C5	72	48	636	74.315625	C5	72	127	
577	80.412760	G5	79	65	637	74.315625	G5	79	127	
578	80.567708	E5	76	63	638	74.503125	E5	76	127	
579	80.748698	B5	83	62	639	74.690625	B5	83	127	
580	80.901042	G5	79	60	640	74.878125	G5	79	127	
581	81.084635	G5	79	53	642	75.065625	G5	79	127	
582	81.085938	B4	71	48	641	75.065625	B4	71	127	
583	81.265625	D5	74	59	643	75.253125	D5	74	127	
584	81.421875	B5	83	73	644	75.440625	B5	83	127	
585	81.563802	G5	79	74	645	75.628125	G5	79	127	
586	81.734375	C4	60	53	646	75.815625	C4	60	127	
587	81.735677	G5	79	67	647	75.815625	G5	79	127	
588	81.898438	E5	76	63	648	76.003125	E5	76	127	
589	82.075521	E5	76	56	649	76.190625	E5	76	127	
590	82.210938	C5	72	64	650	76.378125	C5	72	127	
591	82.393229	D4	62	50	651	76.565625	D4	62	127	
592	82.394531	C5	72	62	652	76.565625	C5	72	127	
593	82.578125	A4	69	44	653	76.753125	A4	69	127	
594	82.730469	A4	69	53	654	76.940625	A4	69	127	
595	82.895833	F#4	66	56	655	77.128125	F#4	66	127	
596	83.125000	G3	55	64	656	77.315625	G3	55	127	
597	83.324219	D4	62	64	658	77.503125	D4	62	127	
598	83.502604	B4	71	67	659	77.690625	B4	71	127	
599	83.651042	G4	67	71	660	77.878125	G4	67	127	
600	83.822917	B3	59	76	661	78.065625	B3	59	127	
601	83.824219	G4	67	64	662	78.065625	G4	67	127	
602	83.988281	D4	62	69	663	78.253125	D4	62	127	
603	84.158854	B4	71	68	664	78.440625	B4	71	127	
604	84.296875	G4	67	65	665	78.628125	G4	67	127	
605	84.468750	C4	60	71	666	78.815625	C4	60	127	
606	84.473958	G4	67	60	667	78.815625	G4	67	127	
607	84.627604	E4	64	62	668	79.003125	E4	64	127	
608	84.800781	B4	71	64	669	79.190625	B4	71	127	
609	84.937500	G4	67	56	670	79.378125	G4	67	127	
610	85.104167	B3	59	53	671	79.565625	B3	59	127	
611	85.125000	G4	67	56	672	79.565625	G4	67	127	
612	85.291667	D4	62	59	673	79.753125	D4	62	127	
613	85.457031	B4	71	61	674	79.940625	B4	71	127	
614	85.583333	G4	67	57	675	80.128125	G4	67	127	
615	85.773438	C3	48	45	676	80.315625	C3	48	127	
616	85.773438	G4	67	61	677	80.315625	G4	67	127	
617	85.928385	E4	64	66	678	80.503125	E4	64	127	
618	86.098958	E4	64	66	679	80.690625	E4	64	127	
619	86.246094	C4	60	59	680	80.878125	C4	60	127	
620	86.445312	C4	60	54	682	81.065625	C4	60	127	
621	86.446615	D3	50	41	681	81.065625	D3	50	127	
622	86.643229	A3	57	56	683	81.253125	A3	57	127	
623	86.839844	A3	57	44	684	81.440625	A3	57	127	
624	87.055990	F#3	54	52	685	81.628125	F#3	54	127	
625	87.403646	G2	43	34	686	81.827083	G2	43	127	
626	87.406250	F#3	54	40	*	-1	*	-1	-1	
627	88.170573	G3	55	33	687	81.827083	G3	55	127	
628	90.210938	E4	64	56	688	84.175000	E4	64	127	
629	90.236979	G4	67	60	689	84.175000	G4	67	127	
630	90.274740	Bb4	70	71	690	84.175000	Bb4	70	127	
631	90.307292	C5	72	71	691	84.175000	C5	72	127	
632	90.365885	G5	79	89	692	84.175000	G5	79	127	
633	91.082031	F4	65	62	693	84.956250	F4	65	127	
634	91.125000	Bb4	70	73	694	84.956250	Bb4	70	127	
635	91.187500	C5	72	78	695	84.956250	C5	72	127	
636	91.239583	C#5	73	79	696	84.956250	C#5	73	127	
637	91.298177	G#5	80	93	698	85.050000	G#5	80	127	
638	91.450521	Bb5	82	77	699	85.143750	Bb5	82	127	
639	91.567708	G#5	80	65	700	85.237500	G#5	80	127	
640	91.610677	Bb5	82	68	701	85.331250	Bb5	82	127	
641	91.679688	G#5	80	75	710	85.800000	G#5	80	127	
642	91.722656	Bb5	82	75	711	85.893750	Bb5	82	127	
643	91.777344	G#5	80	81	712	85.987500	G#5	80	127	
644	91.949219	F4	65	50	705	85.706250	F4	65	127	
645	91.981771	C#5	73	58	708	85.706250	C#5	73	127	
646	91.983073	C5	72	48	707	85.706250	C5	72	127	
647	91.996094	Bb4	70	45	713	86.081250	Bb5	82	127	
648	92.330729	G5	79	63	715	86.268750	G5	79	127	
649	92.468750	F5	77	54	716	86.362500	F5	77	127	
650	92.580729	E4	64	43	717	86.456250	E4	64	127	
651	92.679688	C5	72	39	*	-1	*	-1	-1	
652	92.684896	G5	79	56	721	86.456250	G5	79	127	
653	92.779948	F5	77	64	722	86.550000	F5	77	127	
654	92.845052	G5	79	53	723	86.643750	G5	79	127	
655	92.914062	G#5	80	66	724	86.737500	G#5	80	127	
656	93.024740	G5	79	68	725	86.831250	G5	79	127	
657	93.233073	G#5	80	84	726	87.018750	G#5	80	127	
658	93.320312	Bb5	82	89	727	87.112500	Bb5	82	127	
659	93.363281	F4	65	78	728	87.206250	F4	65	127	
660	93.393229	Bb4	70	73	729	87.206250	Bb4	70	127	
661	93.455729	C5	72	86	730	87.206250	C5	72	127	
662	93.497396	C#5	73	91	731	87.206250	C#5	73	127	
663	93.555990	G#5	80	87	733	87.300000	G#5	80	127	
664	93.609375	A5	81	37	734	87.393750	Bb5	82	127	
665	93.673177	Bb5	82	68	736	87.581250	Bb5	82	127	
666	93.756510	G#5	80	63	737	87.675000	G#5	80	127	
667	93.787760	Bb5	82	83	738	87.768750	Bb5	82	127	
668	93.867188	G#5	80	87	739	87.862500	G#5	80	127	
669	93.915365	Bb5	82	73	744	87.956250	Bb5	82	127	
670	93.962240	G#5	80	72	745	88.050000	G#5	80	127	
671	94.174479	F4	65	48	740	87.956250	F4	65	127	
672	94.194010	C5	72	55	742	87.956250	C5	72	127	
673	94.200521	C#5	73	56	743	87.956250	C#5	73	127	
674	94.223958	Bb4	70	57	748	88.331250	Bb5	82	127	
675	94.518229	G5	79	66	750	88.518750	G5	79	127	
676	94.654948	F5	77	62	751	88.612500	F5	77	127	
677	94.760417	E4	64	39	752	88.706250	E4	64	127	
678	94.824219	G5	79	69	756	88.706250	G5	79	127	
679	94.825521	G4	67	46	753	88.706250	G4	67	127	
680	94.832031	C5	72	51	755	88.706250	C5	72	127	
681	94.933594	F5	77	74	757	88.800000	F5	77	127	
682	95.016927	G5	79	71	758	88.893750	G5	79	127	
683	95.114583	G#5	80	69	759	88.987500	G#5	80	127	
684	95.213542	G5	79	65	760	89.081250	G5	79	127	
685	95.389323	G#5	80	80	761	89.268750	G#5	80	127	
686	95.488281	Bb5	82	84	762	89.362500	Bb5	82	127	
687	95.545573	F4	65	69	763	89.456250	F4	65	127	
688	95.651042	G#4	68	78	764	89.456250	G#4	68	127	
689	95.667969	C5	72	87	765	89.456250	C5	72	127	
690	95.720052	G#5	80	89	767	89.550000	G#5	80	127	
691	95.847656	Bb5	82	72	768	89.643750	Bb5	82	127	
692	95.954427	G#5	80	59	769	89.737500	G#5	80	127	
693	96.003906	Bb5	82	74	770	89.831250	Bb5	82	127	
694	96.075521	G#5	80	80	771	89.925000	G#5	80	127	
695	96.135417	Bb5	82	80	772	90.018750	Bb5	82	127	
696	96.195312	G#5	80	73	773	90.112500	G#5	80	127	
697	96.240885	Bb5	82	69	777	90.206250	Bb5	82	127	
698	96.291667	G#5	80	73	778	90.300000	G#5	80	127	
699	96.447917	C#4	61	48	774	90.206250	C#4	61	127	
700	96.451823	C#5	73	56	780	90.487500	G#5	80	127	
701	96.454427	F4	65	51	775	90.206250	F4	65	127	
702	96.464844	Bb4	70	50	776	90.206250	Bb4	70	127	
703	96.748698	G5	79	86	783	90.768750	G5	79	127	
704	96.971354	F5	77	89	784	90.862500	F5	77	127	
705	97.214844	C4	60	50	785	90.956250	C4	60	127	
706	97.214844	C5	72	50	787	90.956250	C5	72	127	
707	97.222656	G#4	68	53	786	90.956250	G#4	68	127	
708	97.291667	G5	79	77	788	90.956250	G5	79	127	
709	97.432292	F5	77	70	789	91.050000	F5	77	127	
710	97.516927	G5	79	70	790	91.143750	G5	79	127	
711	97.609375	F5	77	72	791	91.237500	F5	77	127	
712	97.648438	G5	79	81	792	91.331250	G5	79	127	
713	97.717448	F5	77	84	793	91.425000	F5	77	127	
714	97.877604	E5	76	77	794	91.518750	E5	76	127	
715	98.057292	F5	77	73	795	91.612500	F5	77	127	
716	98.305990	G4	67	36	796	91.706250	G4	67	127	
717	98.424479	E5	76	56	797	91.706250	E5	76	127	
718	99.356771	D4	62	53	798	92.487500	D4	62	127	
719	99.425781	G5	79	57	799	92.487500	G5	79	127	
720	99.566406	F#5	78	63	800	92.581250	F#5	78	127	
721	99.638021	G5	79	61	*	-1	*	-1	-1	
722	99.720052	F#5	78	73	*	-1	*	-1	-1	
723	99.770833	G5	79	71	801	92.675000	G5	79	127	
724	99.833333	F#5	78	82	802	92.768750	F#5	78	127	
725	99.881510	G5	79	73	803	92.862500	G5	79	127	
726	99.962240	F#5	78	83	804	92.956250	F#5	78	127	
727	100.118490	E5	76	81	805	93.050000	E5	76	127	
728	100.260417	F#5	78	91	806	93.143750	F#5	78	127	
729	100.464844	Eb4	63	66	807	93.237500	Eb4	63	127	
730	100.492188	F#5	78	78	808	93.237500	F#5	78	127	
731	100.628906	G5	79	68	809	93.331250	G5	79	127	
732	100.736979	A5	81	53	810	93.425000	A5	81	127	
733	100.843750	G5	79	59	811	93.518750	G5	79	127	
734	100.895833	C5	72	83	812	93.612500	C5	72	127	
735	100.972656	G5	79	63	814	93.706250	G5	79	127	
736	101.048177	A5	81	53	815	93.800000	A5	81	127	
737	101.117188	G5	79	68	816	93.893750	G5	79	127	
738	101.175781	A5	81	63	818	93.987500	A5	81	127	
739	101.261719	G5	79	61	819	94.081250	G5	79	127	
740	101.324219	Bb4	70	88	817	93.987500	Bb4	70	127	
741	101.453125	A5	81	65	820	94.175000	A5	81	127	
742	101.553385	G5	79	65	821	94.268750	G5	79	127	
743	101.652344	A4	69	81	822	94.362500	A4	69	127	
744	101.678385	G5	79	70	823	94.362500	A5	81	127	
745	101.809896	G5	79	67	824	94.456250	G5	79	127	
746	101.960938	G5	79	57	826	94.643750	G5	79	127	
747	102.020833	A4	69	62	828	94.737500	A5	81	127	
748	102.125000	G5	79	65	829	94.831250	G5	79	127	
749	102.134115	G4	67	72	827	94.737500	G4	67	127	
750	102.251302	F#4	66	77	830	94.925000	F#4	66	127	
751	102.259115	G5	79	67	832	95.018750	G5	79	127	
752	102.333333	A5	81	42	834	95.112500	A5	81	127	
753	102.363281	G4	67	75	833	95.112500	G4	67	127	
754	102.425781	G5	79	63	835	95.206250	G5	79	127	
755	102.477865	A4	69	72	836	95.300000	A4	69	127	
756	102.574219	G5	79	66	837	95.300000	A5	81	127	
757	102.613281	Bb4	70	70	840	95.487500	Bb4	70	127	
758	102.648438	D4	62	53	839	95.487500	D4	62	127	
759	102.730469	G5	79	59	838	95.393750	G5	79	127	
760	102.795573	A5	81	50	841	95.487500	A5	81	127	
761	102.871094	G5	79	60	842	95.581250	G5	79	127	
762	102.923177	A5	81	59	843	95.675000	A5	81	127	
763	102.984375	G4	67	54	845	95.862500	G4	67	127	
764	103.023438	G5	79	59	844	95.768750	G5	79	127	
765	103.074219	A5	81	58	846	95.862500	A5	81	127	
766	103.156250	G5	79	61	847	95.956250	G5	79	127	
767	103.195312	A5	81	66	848	96.050000	A5	81	127	
768	103.292969	G5	79	66	849	96.143750	G5	79	127	
769	103.332031	A5	81	60	852	96.237500	A5	81	127	
770	103.333333	Bb4	70	55	851	96.237500	Bb4	70	127	
771	103.343750	D4	62	46	850	96.237500	D4	62	127	
772	103.442708	G5	79	56	853	96.331250	G5	79	127	
773	103.486979	A5	81	39	854	96.425000	A5	81	127	
774	103.576823	G5	79	44	855	96.518750	G5	79	127	
775	103.622396	A5	81	44	857	96.612500	A5	81	127	
776	103.682292	G4	67	46	856	96.612500	G4	67	127	
777	103.736979	G5	79	34	858	96.706250	G5	79	127	
778	103.742188	A5	81	32	859	96.800000	A5	81	127	
779	104.049479	Bb4	70	43	862	96.987500	Bb4	70	127	
780	104.049479	D4	62	36	861	96.987500	D4	62	127	
781	104.126302	G5	79	40	864	97.081250	G5	79	127	
782	104.315104	A5	81	20	865	97.175000	A5	81	127	
783	104.481771	G4	67	36	867	97.362500	G4	67	127	
784	104.828125	C#4	61	34	872	97.768750	C4	60	127	
785	104.890625	G4	67	43	874	97.768750	G4	67	127	
786	104.895833	E4	64	37	873	97.768750	Eb4	63	127	
787	104.955729	A4	69	37	875	97.768750	A4	69	127	
788	105.305990	D6	86	83	876	98.143750	D6	86	127	
789	105.571615	C#4	61	47	877	98.518750	C#4	61	127	
790	105.641927	E4	64	47	878	98.518750	E4	64	127	
791	105.645833	G4	67	45	879	98.518750	G4	67	127	
792	105.678385	C#6	85	87	881	98.518750	C#6	85	127	
793	105.714844	A4	69	40	880	98.518750	A4	69	127	
794	106.022135	Bb5	82	75	882	98.893750	Bb5	82	127	
795	106.274740	C#4	61	47	883	99.268750	C#4	61	127	
796	106.342448	E4	64	38	884	99.268750	E4	64	127	
797	106.375000	G5	79	75	887	99.268750	G5	79	127	
798	106.386719	G4	67	35	885	99.268750	G4	67	127	
799	106.390625	A4	69	36	886	99.268750	A4	69	127	
800	106.744792	E5	76	67	888	99.643750	E5	76	127	
801	107.006510	D4	62	49	889	100.018750	D4	62	127	
802	107.063802	F4	65	25	890	100.018750	F4	65	127	
803	107.113281	G5	79	73	892	100.018750	G5	79	127	
804	107.115885	A4	69	33	891	100.018750	A4	69	127	
805	107.244792	F5	77	65	893	100.112500	F5	77	127	
806	107.309896	G5	79	60	894	100.206250	G5	79	127	
807	107.432292	F5	77	32	897	100.487500	F5	77	127	
808	107.582031	E5	76	75	898	100.581250	E5	76	127	
809	107.682292	F5	77	81	899	100.675000	F5	77	127	
810	107.721354	E4	64	57	900	100.768750	E4	64	127	
811	107.766927	G4	67	60	901	100.768750	G4	67	127	
812	107.833333	C#5	73	61	903	100.768750	C#5	73	127	
813	107.850260	A5	81	83	904	100.768750	A5	81	127	
814	107.971354	G5	79	69	905	100.862500	G5	79	127	
815	108.044271	A5	81	71	906	100.956250	A5	81	127	
816	108.108073	G5	79	57	907	101.050000	G5	79	127	
817	108.138021	A5	81	83	908	101.143750	A5	81	127	
818	108.204427	G5	79	90	909	101.237500	G5	79	127	
819	108.302083	F5	77	84	910	101.331250	F5	77	127	
820	108.404948	G5	79	93	911	101.425000	G5	79	127	
821	108.454427	F4	65	67	912	101.518750	F4	65	127	
822	108.544271	A4	69	61	913	101.518750	A4	69	127	
823	108.571615	D5	74	73	914	101.518750	D5	74	127	
824	108.585938	Bb5	82	90	915	101.518750	Bb5	82	127	
825	108.705729	A5	81	79	916	101.612500	A5	81	127	
826	108.795573	Bb5	82	74	917	101.706250	Bb5	82	127	
827	108.852865	A5	81	49	918	101.800000	A5	81	127	
828	108.882812	Bb5	82	83	919	101.893750	Bb5	82	127	
829	108.963542	A5	81	94	920	101.987500	A5	81	127	
830	109.087240	G5	79	88	921	102.081250	G5	79	127	
831	109.230469	A5	81	90	922	102.175000	A5	81	127	
832	109.364583	G4	67	60	923	102.268750	G4	67	127	
833	109.518229	Bb5	82	93	924	102.268750	Bb5	82	127	
834	110.305990	G3	55	48	925	103.018750	G3	55	127	
835	110.493490	A5	81	64	926	103.206250	A5	81	127	
836	110.653646	G5	79	69	927	103.393750	G5	79	127	
837	110.812500	F5	77	70	928	103.581250	F5	77	127	
838	111.001302	Bb3	58	45	929	103.768750	Bb3	58	127	
839	111.003906	E5	76	57	930	103.768750	E5	76	127	
840	111.186198	D5	74	59	931	103.956250	D5	74	127	
841	111.372396	C#5	73	59	932	104.143750	C#5	73	127	
842	111.580729	D5	74	57	933	104.331250	D5	74	127	
843	111.817708	A3	57	32	935	104.518750	A3	57	127	
844	111.934896	D5	74	50	936	104.518750	D5	74	127	
845	112.095052	A4	69	26	938	104.706250	D5	74	127	
846	112.158854	C#5	73	59	939	104.800000	C#5	73	127	
847	112.270833	D5	74	53	940	104.893750	D5	74	127	
848	112.367188	C#5	73	64	941	104.987500	C#5	73	127	
849	112.433594	D5	74	60	944	105.268750	D5	74	127	
850	112.515625	C#5	73	63	945	105.362500	C#5	73	127	
851	112.566406	D5	74	60	946	105.456250	D5	74	127	
852	112.657552	C#5	73	61	947	105.550000	C#5	73	127	
853	113.144531	B4	71	43	948	105.643750	B4	71	127	
854	113.945312	A4	69	36	949	106.018750	A4	69	127	
855	115.966146	A2	45	38	950	106.815625	A2	45	127	
856	115.967448	A5	81	55	951	106.815625	A5	81	127	
857	116.549479	C#3	49	46	952	107.284375	C#3	49	127	
858	116.563802	E5	76	43	953	107.284375	E5	76	127	
859	116.625000	C#5	73	61	955	107.378125	C#5	73	127	
860	116.639323	E3	52	46	954	107.378125	E3	52	127	
861	116.705729	A3	57	58	956	107.471875	A3	57	127	
862	116.705729	A4	69	57	957	107.471875	A4	69	127	
863	116.807292	E4	64	58	959	107.565625	E4	64	127	
864	116.813802	C#4	61	43	958	107.565625	C#4	61	127	
865	117.446615	C#4	61	43	962	108.409375	E4	64	127	
866	117.526042	F4	65	64	963	108.503125	F4	65	127	
867	117.619792	E4	64	76	964	108.596875	E4	64	127	
868	118.382812	Bb5	82	86	970	109.084375	Bb5	82	127	
869	118.385417	G2	43	47	969	109.084375	G2	43	127	
870	118.854167	C#3	49	50	971	109.553125	C#3	49	127	
871	118.855469	G5	79	67	972	109.553125	G5	79	127	
872	118.911458	E3	52	68	973	109.646875	E3	52	127	
873	118.915365	E5	76	64	974	109.646875	E5	76	127	
874	118.977865	C#5	73	81	976	109.740625	C#5	73	127	
875	118.981771	G3	55	72	975	109.740625	G3	55	127	
876	119.083333	E4	64	81	978	109.834375	E4	64	127	
877	119.087240	C#4	61	65	977	109.834375	C#4	61	127	
878	119.664062	C#4	61	52	979	110.584375	C#4	61	127	
879	119.674479	F4	65	61	*	-1	*	-1	-1	
880	119.723958	E4	64	74	*	-1	*	-1	-1	
881	119.776042	F4	65	75	980	110.584375	F4	65	127	
882	119.828125	E4	64	72	981	110.678125	E4	64	127	
883	120.574219	F2	41	55	988	111.354167	F2	41	127	
884	120.576823	A5	81	73	989	111.354167	A5	81	127	
885	121.052083	A2	45	51	990	111.822917	A2	45	127	
886	121.082031	F5	77	64	991	111.822917	F5	77	127	
887	121.144531	D3	50	60	992	111.916667	D3	50	127	
888	121.145833	D5	74	58	993	111.916667	D5	74	127	
889	121.212240	F3	53	60	994	112.010417	F3	53	127	
890	121.214844	A4	69	63	995	112.010417	A4	69	127	
891	121.313802	D4	62	68	996	112.104167	D4	62	127	
892	121.313802	F4	65	70	997	112.104167	F4	65	127	
893	121.888021	D4	62	59	998	112.854167	D4	62	127	
894	121.890625	G4	67	61	*	-1	*	-1	-1	
895	121.946615	F4	65	62	1000	112.947917	F4	65	127	
896	122.001302	G4	67	78	999	112.854167	G4	67	127	
897	122.811198	E2	40	47	1007	113.635417	E2	40	127	
898	122.813802	G5	79	64	1008	113.635417	G5	79	127	
899	123.303385	G2	43	44	1009	114.104167	G2	43	127	
900	123.303385	E5	76	54	1010	114.104167	E5	76	127	
901	123.373698	C#5	73	65	1012	114.197917	C#5	73	127	
902	123.377604	C#3	49	61	1011	114.197917	C#3	49	127	
903	123.446615	G4	67	62	1014	114.291667	G4	67	127	
904	123.447917	E3	52	48	1013	114.291667	E3	52	127	
905	123.553385	E4	64	67	1016	114.385417	E4	64	127	
906	123.567708	C#4	61	50	1015	114.385417	C#4	61	127	
907	124.143229	C#4	61	49	1017	115.135417	C#4	61	127	
908	124.145833	F4	65	54	1018	115.135417	F4	65	127	
909	124.208333	E4	64	68	1019	115.229167	E4	64	127	
910	124.264323	F4	65	61	1020	115.322917	F4	65	127	
911	124.313802	E4	64	66	1021	115.416667	E4	64	127	
912	124.950521	D3	50	48	1026	115.885417	D3	50	127	
913	125.106771	F4	65	70	1024	115.697917	F4	65	127	
914	125.109375	D4	62	49	1025	115.791667	E4	64	127	
915	125.260417	G4	67	71	1028	115.885417	G4	67	127	
916	125.377604	F4	65	79	1029	115.979167	F4	65	127	
917	125.460938	G4	67	68	1030	116.072917	G4	67	127	
918	125.574219	F4	65	76	1033	116.354167	F4	65	127	
919	125.660156	G4	67	74	1034	116.447917	G4	67	127	
920	125.785156	F4	65	67	1035	116.541667	F4	65	127	
921	125.790365	A3	57	55	1037	116.635417	A3	57	127	
922	125.796875	D3	50	41	1036	116.635417	D3	50	127	
923	125.953125	G4	67	55	1040	116.822917	G4	67	127	
924	126.158854	F4	65	75	1041	116.916667	F4	65	127	
925	126.321615	E4	64	74	1042	117.010417	E4	64	127	
926	126.472656	D4	62	81	1043	117.197917	D4	62	127	
927	126.736979	D4	62	67	1046	117.404167	D4	62	127	
928	126.738281	A3	57	48	1045	117.404167	A3	57	127	
929	127.523438	D3	50	45	1047	118.244792	D3	50	127	
930	127.565104	G3	55	48	1048	118.244792	G3	55	127	
931	127.641927	A3	57	42	1049	118.244792	A3	57	127	
932	127.721354	C4	60	47	1050	118.244792	C4	60	127	
933	127.852865	Eb4	63	81	1051	118.432292	Eb4	63	127	
934	128.100260	F#4	66	74	1052	118.541667	F#4	66	127	
935	128.207031	A4	69	79	1053	118.648958	A4	69	127	
936	128.316406	C5	72	85	1054	118.760417	C5	72	127	
937	128.407552	Eb5	75	75	1055	118.867708	Eb5	75	127	
938	128.579427	C4	60	39	1059	119.023958	C4	60	127	
939	128.583333	A3	57	43	1058	119.023958	A3	57	127	
940	128.587240	G3	55	34	1057	119.023958	G3	55	127	
941	129.434896	C4	60	31	1064	119.868750	C4	60	127	
942	129.480469	G3	55	36	1062	119.868750	G3	55	127	
943	129.484375	D3	50	37	1061	119.868750	D3	50	127	
944	129.696615	D5	74	64	1065	119.954167	D5	74	127	
945	129.813802	C5	72	72	1066	120.071875	C5	72	127	
946	129.912760	Bb4	70	78	1067	120.165625	Bb4	70	127	
947	130.003906	A4	69	70	1068	120.310417	A4	69	127	
948	130.108073	G4	67	74	1069	120.430208	G4	67	127	
949	130.223958	F#4	66	73	1070	120.567708	F#4	66	127	
950	130.377604	F#4	66	62	1073	120.716667	F#4	66	127	
951	130.415365	Bb3	58	35	1071	120.716667	Bb3	58	127	
952	130.420573	D4	62	42	1072	120.716667	D4	62	127	
953	130.776042	G4	67	60	1074	121.103125	G4	67	127	
954	131.156250	D4	62	50	1076	121.493750	D4	62	127	
955	131.157552	Bb3	58	48	1075	121.493750	Bb3	58	127	
956	131.548177	D5	74	82	1077	122.089583	D5	74	127	
957	131.964844	C5	72	84	1080	122.287500	C5	72	127	
958	131.973958	Bb3	58	48	1078	122.287500	Bb3	58	127	
959	131.985677	D4	62	50	1079	122.287500	D4	62	127	
960	132.195312	Bb4	70	84	1081	122.483333	Bb4	70	127	
961	132.359375	A4	69	84	1082	122.678125	A4	69	127	
962	132.511719	G4	67	88	1083	122.873958	G4	67	127	
963	132.738281	G#3	56	51	1084	123.068750	G#3	56	127	
964	132.774740	G4	67	74	1086	123.068750	G4	67	127	
965	132.776042	C4	60	42	1085	123.068750	C4	60	127	
966	133.020833	F4	65	81	1087	123.579167	F4	65	127	
967	133.170573	G#4	68	81	1088	123.678125	G#4	68	127	
968	133.289062	B4	71	85	1089	123.777083	B4	71	127	
969	133.416667	B4	71	76	1092	123.884375	B4	71	127	
970	133.514323	D5	74	82	1093	124.001042	D5	74	127	
971	133.571615	F5	77	82	1094	124.118750	F5	77	127	
972	133.705729	G#5	80	83	1095	124.237500	G#5	80	127	
973	133.805990	C4	60	47	1091	123.884375	C4	60	127	
974	133.813802	G#3	56	47	1090	123.884375	G#3	56	127	
975	134.804688	G#3	56	46	1096	124.706250	G#3	56	127	
976	134.855469	C4	60	34	1097	124.706250	C4	60	127	
977	134.946615	G5	79	69	1098	124.813542	G5	79	127	
978	135.074219	F5	77	70	1099	124.914583	F5	77	127	
979	135.164062	Eb5	75	78	1100	125.014583	Eb5	75	127	
980	135.264323	D5	74	82	1101	125.114583	D5	74	127	
981	135.368490	C5	72	87	1102	125.214583	C5	72	127	
982	135.492188	B4	71	84	1103	125.315625	B4	71	127	
983	135.626302	C5	72	87	1104	125.415625	C5	72	127	
984	135.804688	G3	55	49	1105	125.510417	G3	55	127	
985	135.821615	D5	74	80	1106	125.510417	D5	74	127	
986	136.014323	C5	72	64	1107	125.603125	C5	72	127	
987	136.144531	D5	74	58	1108	125.693750	D5	74	127	
988	136.261719	C5	72	57	1109	125.786458	C5	72	127	
989	136.304688	D5	74	70	1110	125.879167	D5	74	127	
990	136.375000	C5	72	81	1111	125.971875	C5	72	127	
991	136.415365	D5	74	67	1112	126.060417	D5	74	127	
992	136.475260	C5	72	76	1113	126.152083	C5	72	127	
993	136.666667	B4	71	66	1114	126.244792	B4	71	127	
994	136.839844	C5	72	77	1115	126.336458	C5	72	127	
995	137.255208	G2	43	20	1116	126.428125	G2	43	127	
996	137.334635	C5	72	62	*	-1	*	-1	-1	
997	138.295573	B4	71	46	1117	126.428125	B4	71	127	
998	139.716146	C6	84	84	1119	128.273958	C6	84	127	
999	139.718750	C3	48	67	1118	128.273958	C3	48	127	
1000	140.223958	Eb3	51	55	1120	128.742708	Eb3	51	127	
1001	140.227865	G5	79	64	1121	128.742708	G5	79	127	
1002	140.285156	Eb5	75	72	1123	128.836458	Eb5	75	127	
1003	140.294271	G3	55	68	1122	128.836458	G3	55	127	
1004	140.352865	C5	72	72	1125	128.930208	C5	72	127	
1005	140.355469	C4	60	60	1124	128.930208	C4	60	127	
1006	140.430990	G4	67	86	1127	129.023958	G4	67	127	
1007	140.447917	Eb4	63	74	1126	129.023958	Eb4	63	127	
1008	141.042969	G#4	68	71	1129	129.773958	G#4	68	127	
1009	141.044271	Eb4	63	56	*	-1	*	-1	-1	
1010	141.098958	G4	67	75	1130	129.867708	G4	67	127	
1011	141.154948	G#4	68	82	1131	129.961458	G#4	68	127	
1012	141.214844	G4	67	81	1132	130.055208	G4	67	127	
1013	141.894531	C3	48	72	1137	130.555208	C3	48	127	
1014	141.894531	C6	84	83	1138	130.555208	C6	84	127	
1015	142.360677	F3	53	62	1139	131.023958	F3	53	127	
1016	142.365885	G#5	80	68	1140	131.023958	G#5	80	127	
1017	142.420573	F5	77	75	1142	131.117708	F5	77	127	
1018	142.428385	G#3	56	73	1141	131.117708	G#3	56	127	
1019	142.476562	C5	72	79	1144	131.211458	C5	72	127	
1020	142.476562	C4	60	77	1143	131.211458	C4	60	127	
1021	142.576823	F4	65	87	1145	131.305208	F4	65	127	
1022	142.576823	G#4	68	86	1146	131.305208	G#4	68	127	
1023	143.145833	F4	65	63	1147	132.055208	F4	65	127	
1024	143.175781	Bb4	70	72	*	-1	*	-1	-1	
1025	143.239583	G#4	68	72	*	-1	*	-1	-1	
1026	143.282552	Bb4	70	80	1148	132.055208	Bb4	70	127	
1027	143.334635	G#4	68	79	1149	132.148958	G#4	68	127	
1028	143.994792	C6	84	74	1157	132.836458	C6	84	127	
1029	143.998698	C3	48	53	1156	132.836458	C3	48	127	
1030	144.430990	Eb3	51	54	1158	133.305208	Eb3	51	127	
1031	144.464844	G5	79	64	1159	133.305208	G5	79	127	
1032	144.514323	G3	55	63	1160	133.398958	G3	55	127	
1033	144.515625	Eb5	75	61	1161	133.398958	Eb5	75	127	
1034	144.578125	C4	60	60	1162	133.492708	C4	60	127	
1035	144.582031	C5	72	67	1163	133.492708	C5	72	127	
1036	144.674479	G4	67	71	1165	133.586458	G4	67	127	
1037	144.675781	Eb4	63	64	1164	133.586458	Eb4	63	127	
1038	145.225260	Eb4	63	66	1166	134.336458	Eb4	63	127	
1039	145.265625	G#4	68	56	1167	134.336458	G#4	68	127	
1040	145.319010	G4	67	72	1168	134.430208	G4	67	127	
1041	145.377604	G#4	68	78	1169	134.523958	G#4	68	127	
1042	145.449219	G4	67	86	1170	134.617708	G4	67	127	
1043	146.087240	F3	53	43	1175	135.086458	F3	53	127	
1044	146.109375	G#3	56	63	1176	135.086458	G#3	56	127	
1045	146.174479	C4	60	51	1177	135.086458	C4	60	127	
1046	146.214844	G#4	68	95	1178	135.086458	G#4	68	127	
1047	146.432292	G4	67	81	1179	135.273958	G4	67	127	
1048	146.602865	C5	72	87	1180	135.461458	C5	72	127	
1049	146.755208	B4	71	71	1181	135.648958	B4	71	127	
1050	146.822917	F3	53	46	1182	135.836458	F3	53	127	
1051	146.852865	G#3	56	46	1183	135.836458	G#3	56	127	
1052	146.934896	Eb5	75	67	1185	135.836458	Eb5	75	127	
1053	146.940104	C4	60	54	1184	135.836458	C4	60	127	
1054	147.088542	D5	74	67	1186	136.023958	D5	74	127	
1055	147.268229	F5	77	68	1187	136.211458	F5	77	127	
1056	147.416667	Eb5	75	66	1188	136.398958	Eb5	75	127	
1057	147.570312	F3	53	35	1189	136.586458	F3	53	127	
1058	147.571615	G#3	56	42	1190	136.586458	G#3	56	127	
1059	147.619792	C4	60	32	1191	136.586458	C4	60	127	
1060	147.625000	G5	79	60	1192	136.586458	G5	79	127	
1061	147.794271	F5	77	67	1193	136.773958	F5	77	127	
1062	148.011719	G#5	80	52	1194	136.961458	G#5	80	127	
1063	148.186198	G5	79	60	1195	137.148958	G5	79	127	
1064	148.363281	Eb3	51	64	1196	137.336458	Eb3	51	127	
1065	148.375000	G3	55	68	1197	137.336458	G3	55	127	
1066	148.424479	C4	60	90	1198	137.336458	C4	60	127	
1067	148.424479	G#4	68	92	1199	137.336458	G#4	68	127	
1068	148.640625	G4	67	77	1200	137.523958	G4	67	127	
1069	148.832031	C5	72	91	1201	137.711458	C5	72	127	
1070	148.996094	B4	71	78	1202	137.898958	B4	71	127	
1071	149.128906	Eb3	51	45	1203	138.086458	Eb3	51	127	
1072	149.164062	G3	55	56	1204	138.086458	G3	55	127	
1073	149.182292	Eb5	75	83	1206	138.086458	Eb5	75	127	
1074	149.214844	C4	60	65	1205	138.086458	C4	60	127	
1075	149.354167	D5	74	73	1207	138.273958	D5	74	127	
1076	149.540365	F5	77	76	1208	138.461458	F5	77	127	
1077	149.692708	Eb5	75	70	1209	138.648958	Eb5	75	127	
1078	149.824219	Eb3	51	27	1210	138.836458	Eb3	51	127	
1079	149.884115	G3	55	46	1211	138.836458	G3	55	127	
1080	149.884115	C4	60	45	1212	138.836458	C4	60	127	
1081	149.888021	G5	79	69	1213	138.836458	G5	79	127	
1082	150.071615	F5	77	68	1214	139.023958	F5	77	127	
1083	150.296875	G#5	80	57	1215	139.211458	G#5	80	127	
1084	150.476562	G5	79	59	1216	139.398958	G5	79	127	
1085	150.664062	D3	50	44	1217	139.586458	D3	50	127	
1086	150.684896	F3	53	48	1218	139.586458	F3	53	127	
1087	150.739583	G#3	56	41	1219	139.586458	G#3	56	127	
1088	150.770833	G4	67	61	1221	139.586458	G4	67	127	
1089	150.773438	C4	60	49	1220	139.586458	C4	60	127	
1090	150.971354	F4	65	69	1222	139.773958	F4	65	127	
1091	151.128906	G#4	68	87	1223	139.961458	G#4	68	127	
1092	151.285156	G4	67	86	1224	140.148958	G4	67	127	
1093	151.395833	D3	50	55	1225	140.336458	D3	50	127	
1094	151.433594	G#3	56	74	1227	140.336458	G#3	56	127	
1095	151.442708	C4	60	83	1228	140.336458	C4	60	127	
1096	151.468750	C5	72	90	1229	140.336458	C5	72	127	
1097	151.652344	B4	71	92	1230	140.523958	B4	71	127	
1098	151.822917	Eb5	75	92	1231	140.711458	Eb5	75	127	
1099	151.983073	D5	74	88	1232	140.898958	D5	74	127	
1100	152.044271	G3	55	66	1233	141.086458	G3	55	127	
1101	152.054688	C4	60	51	1235	141.086458	C4	60	127	
1102	152.128906	B3	59	59	1234	141.086458	B3	59	127	
1103	152.134115	D4	62	70	1236	141.086458	D4	62	127	
1104	152.204427	F5	77	88	1237	141.086458	F5	77	127	
1105	152.381510	Eb5	75	87	1238	141.273958	Eb5	75	127	
1106	152.587240	G5	79	86	1239	141.461458	G5	79	127	
1107	152.787760	F5	77	87	1240	141.648958	F5	77	127	
1108	153.026042	C4	60	59	1241	141.836458	C4	60	127	
1109	153.061198	F5	77	84	1242	141.836458	F5	77	127	
1110	153.257812	Eb5	75	80	1243	141.930208	Eb5	75	127	
1111	153.384115	F5	77	70	1244	142.023958	F5	77	127	
1112	153.485677	Eb5	75	63	1245	142.117708	Eb5	75	127	
1113	153.524740	F5	77	66	1246	142.211458	F5	77	127	
1114	153.589844	Eb5	75	76	1247	142.305208	Eb5	75	127	
1115	153.626302	F5	77	79	1248	142.398958	F5	77	127	
1116	153.684896	Eb5	75	74	1249	142.492708	Eb5	75	127	
1117	154.016927	C3	48	42	1250	142.586458	C3	48	127	
1118	154.440104	D5	74	53	1255	142.961458	D5	74	127	
1119	155.013021	C5	72	50	1256	143.336458	C5	72	127	
1120	156.292969	C5	72	31	1259	144.117708	C5	72	127	
1121	156.307292	F4	65	23	1257	144.117708	F4	65	127	
1122	156.313802	G#4	68	29	1258	144.117708	G#4	68	127	
1123	156.950521	C6	84	42	1260	144.680208	C6	84	127	
1124	157.024740	G#5	80	61	1261	144.773958	G#5	80	127	
1125	157.128906	F#5	78	47	1265	144.867708	F#5	78	127	
1126	157.132812	C5	72	39	1264	144.867708	C5	72	127	
1127	157.134115	Eb4	63	45	1262	144.867708	Eb4	63	127	
1128	157.136719	G4	67	38	1263	144.867708	G4	67	127	
1129	157.729167	C6	84	37	1266	145.430208	C6	84	127	
1130	157.792969	G5	79	70	1267	145.523958	G5	79	127	
1131	157.877604	D4	62	43	1268	145.617708	D4	62	127	
1132	157.886719	F4	65	42	1269	145.617708	F4	65	127	
1133	157.890625	E5	76	61	1272	145.617708	E5	76	127	
1134	157.893229	B4	71	46	1271	145.617708	B4	71	127	
1135	157.903646	G4	67	43	1270	145.617708	G4	67	127	
1136	158.417969	C6	84	56	1273	146.180208	C6	84	127	
1137	158.524740	F5	77	67	*	-1	*	-1	-1	
1138	158.747396	F5	77	75	1274	146.273958	F5	77	127	
1139	158.811198	Eb5	75	71	1276	146.367708	Eb5	75	127	
1140	158.811198	C4	60	56	1275	146.367708	C4	60	127	
1141	158.957031	D5	74	69	1277	146.555208	D5	74	127	
1142	159.132812	C5	72	66	1278	146.742708	C5	72	127	
1143	159.451823	G#5	80	71	1279	146.992708	G#5	80	127	
1144	159.552083	G3	55	38	1280	147.117708	G3	55	127	
1145	159.574219	C4	60	35	1281	147.117708	C4	60	127	
1146	159.641927	Eb4	63	21	1282	147.117708	Eb4	63	127	
1147	159.669271	C5	72	65	1283	147.117708	C5	72	127	
1148	159.895833	D5	74	63	1284	147.242708	D5	74	127	
1149	160.003906	C5	72	69	1285	147.367708	C5	72	127	
1150	160.127604	B4	71	57	1286	147.492708	B4	71	127	
1151	160.238281	C5	72	62	1287	147.617708	C5	72	127	
1152	160.365885	D5	74	56	1288	147.742708	D5	74	127	
1153	160.415365	G3	55	40	1289	147.867708	G3	55	127	
1154	160.483073	D4	62	21	1290	147.867708	D4	62	127	
1155	160.566406	Eb5	75	52	1291	147.867708	Eb5	75	127	
1156	160.615885	D5	74	66	1292	147.961458	D5	74	127	
1157	160.692708	Eb5	75	65	1293	148.055208	Eb5	75	127	
1158	160.755208	D5	74	63	1294	148.148958	D5	74	127	
1159	161.566406	C4	60	56	1301	148.680208	C4	60	127	
1160	161.572917	G#3	56	56	1300	148.680208	G#3	56	127	
1161	161.578125	F3	53	50	1299	148.680208	F3	53	127	
1162	162.053385	F3	53	28	*	-1	*	-1	-1	
1163	162.203125	C5	72	70	1302	149.242708	C5	72	127	
1164	162.283854	G#4	68	73	1303	149.336458	G#4	68	127	
1165	162.355469	C4	60	63	1306	149.430208	C4	60	127	
1166	162.359375	F#4	66	84	1307	149.430208	F#4	66	127	
1167	162.364583	G3	55	57	1305	149.430208	G3	55	127	
1168	162.365885	Eb3	51	40	1304	149.430208	Eb3	51	127	
1169	162.944010	C5	72	73	1308	149.992708	C5	72	127	
1170	163.024740	G4	67	80	1309	150.086458	G4	67	127	
1171	163.117188	E4	64	84	1314	150.180208	E4	64	127	
1172	163.130208	D3	50	52	1310	150.180208	D3	50	127	
1173	163.135417	G3	55	51	1311	150.180208	G3	55	127	
1174	163.141927	B3	59	56	1313	150.180208	B3	59	127	
1175	163.596354	C5	72	80	1315	150.742708	C5	72	127	
1176	163.716146	F4	65	75	1316	150.836458	F4	65	127	
1177	163.845052	C3	48	55	1317	150.930208	C3	48	127	
1178	163.915365	Eb4	63	68	1320	150.930208	Eb4	63	127	
1179	163.992188	F4	65	74	*	-1	*	-1	-1	
1180	164.065104	Eb4	63	74	*	-1	*	-1	-1	
1181	164.123698	D4	62	87	1321	151.117708	D4	62	127	
1182	164.213542	C4	60	86	1322	151.305208	C4	60	127	
1183	164.503906	G#4	68	81	1323	151.555208	G#4	68	127	
1184	164.625000	G2	43	52	1324	151.680208	G2	43	127	
1185	164.625000	C3	48	48	1325	151.680208	C3	48	127	
1186	164.684896	Eb3	51	40	1326	151.680208	Eb3	51	127	
1187	164.730469	C4	60	84	1327	151.680208	C4	60	127	
1188	164.923177	D4	62	80	1328	151.805208	D4	62	127	
1189	165.032552	C4	60	88	1329	151.930208	C4	60	127	
1190	165.143229	B3	59	78	1330	152.055208	B3	59	127	
1191	165.253906	C4	60	77	1331	152.180208	C4	60	127	
1192	165.369792	D4	62	81	1332	152.305208	D4	62	127	
1193	165.451823	G2	43	52	1333	152.430208	G2	43	127	
1194	165.552083	Eb4	63	80	1338	152.617708	Eb4	63	127	
1195	165.631510	D4	62	80	1339	152.711458	D4	62	127	
1196	165.688802	Eb4	63	72	1340	152.805208	Eb4	63	127	
1197	165.763021	D4	62	83	1341	152.898958	D4	62	127	
1198	166.404948	C4	60	48	1342	152.992708	C4	60	127	
1199	166.631510	C2	36	49	1343	153.218750	C2	36	127	
1200	166.651042	C4	60	66	1346	153.320833	C4	60	127	
1201	166.696615	D4	62	66	1347	153.414583	D4	62	127	
1202	166.772135	C4	60	65	1348	153.508333	C4	60	127	
1203	167.054688	F4	65	69	1351	153.789583	F4	65	127	
1204	167.126302	E4	64	65	1352	153.883333	E4	64	127	
1205	167.325521	G4	67	74	1356	154.070833	G4	67	127	
1206	167.333333	C2	36	57	1353	153.977083	C2	36	127	
1207	167.360677	A4	69	72	1357	154.164583	A4	69	127	
1208	167.433594	G4	67	84	1358	154.258333	G4	67	127	
1209	167.621094	C5	72	80	1360	154.445833	C5	72	127	
1210	167.666667	D5	74	81	1361	154.539583	D5	74	127	
1211	167.735677	C5	72	83	1362	154.633333	C5	72	127	
1212	167.934896	E5	76	80	1366	154.820833	E5	76	127	
1213	167.979167	F5	77	82	1367	154.914583	F5	77	127	
1214	167.981771	C2	36	57	1363	154.727083	C2	36	127	
1215	168.053385	E5	76	83	1368	155.008333	E5	76	127	
1216	168.256510	G5	79	84	*	-1	*	-1	-1	
1217	168.315104	A5	81	85	1369	155.102083	A5	81	127	
1218	168.368490	G5	79	84	1370	155.195833	G5	79	127	
1219	168.694010	F2	41	54	1373	155.492708	F2	41	127	
1220	168.779948	A5	81	84	1375	155.492708	A5	81	127	
1221	168.986979	F5	77	83	1376	155.680208	F5	77	127	
1222	169.153646	E5	76	74	1377	155.867708	E5	76	127	
1223	169.305990	D5	74	76	1378	156.055208	D5	74	127	
1224	169.494792	D5	74	62	*	-1	*	-1	-1	
1225	169.505208	C3	48	38	1380	156.242708	C3	48	127	
1226	169.510417	E3	52	45	1381	156.242708	E3	52	127	
1227	169.513021	G2	43	42	1379	156.242708	G2	43	127	
1228	169.625000	C5	72	75	1382	156.242708	C5	72	127	
1229	169.739583	B4	71	71	1383	156.430208	B4	71	127	
1230	169.868490	C5	72	67	1384	156.617708	C5	72	127	
1231	170.048177	D5	74	63	1390	157.086458	D5	74	127	
1232	170.253906	G1	31	32	*	-1	*	-1	-1	
1233	170.256510	G2	43	35	1386	156.992708	G2	43	127	
1234	170.300781	E5	76	58	1391	157.180208	E5	76	127	
1235	170.367188	D5	74	65	1392	157.273958	D5	74	127	
1236	170.425781	E5	76	61	1393	157.367708	E5	76	127	
1237	170.518229	D5	74	68	1394	157.461458	D5	74	127	
1238	171.311198	C2	36	40	1398	157.773958	D4	62	127	
1239	171.354167	C4	60	68	1399	157.867708	C4	60	127	
1240	171.424479	D4	62	66	1400	157.961458	D4	62	127	
1241	171.494792	C4	60	58	1401	158.055208	C4	60	127	
1242	171.722656	E4	64	75	1403	158.242708	E4	64	127	
1243	171.776042	F4	65	79	1404	158.336458	F4	65	127	
1244	171.851562	E4	64	79	1405	158.430208	E4	64	127	
1245	172.036458	G4	67	82	1408	158.617708	G4	67	127	
1246	172.037760	C2	36	63	*	-1	*	-1	-1	
1247	172.074219	A4	69	78	1409	158.711458	A4	69	127	
1248	172.143229	G4	67	82	1410	158.805208	G4	67	127	
1249	172.334635	C5	72	84	1412	158.992708	C5	72	127	
1250	172.386719	D5	74	82	1413	159.086458	D5	74	127	
1251	172.445312	C5	72	77	1414	159.180208	C5	72	127	
1252	172.636719	E5	76	82	1417	159.367708	E5	76	127	
1253	172.649740	C2	36	60	1415	159.273958	C3	48	127	
1254	172.687500	F5	77	78	1418	159.461458	F5	77	127	
1255	172.750000	E5	76	71	1419	159.555208	E5	76	127	
1256	172.985677	A5	81	72	1420	159.648958	A5	81	127	
1257	173.066406	G5	79	79	1421	159.742708	G5	79	127	
1258	173.173177	G5	79	95	1422	159.836458	A5	81	127	
1259	173.281250	F5	77	87	1423	159.930208	G5	79	127	
1260	173.376302	G5	79	92	1426	160.055208	A5	81	127	
1261	173.515625	F2	41	48	1424	160.055208	F2	41	127	
1262	173.595052	A5	81	90	1426	160.055208	A5	81	127	
1263	174.130208	F3	53	41	1425	160.055208	F3	53	127	
1264	174.134115	G5	79	73	1427	160.430208	G5	79	127	
1265	174.212240	F5	77	74	1428	160.523958	F5	77	127	
1266	174.304688	E5	76	71	1429	160.617708	E5	76	127	
1267	174.402344	D5	74	69	1430	160.711458	D5	74	127	
1268	174.514323	C5	72	70	1434	160.805208	C5	72	127	
1269	174.520833	E3	52	37	1433	160.805208	E3	52	127	
1270	174.523438	G2	43	36	1431	160.805208	G2	43	127	
1271	174.533854	C3	48	26	1432	160.805208	C3	48	127	
1272	175.009115	B4	71	62	1435	161.273958	B4	71	127	
1273	175.182292	A4	69	45	1436	161.367708	A4	69	127	
1274	175.352865	G4	67	47	1437	161.461458	G4	67	127	
1275	175.470052	G2	43	34	1438	161.555208	G2	43	127	
1276	175.526042	D3	50	19	1439	161.555208	D3	50	127	
1277	175.593750	E5	76	56	1441	161.555208	E5	76	127	
1278	175.674479	D5	74	59	1442	161.648958	D5	74	127	
1279	175.725260	E5	76	60	1443	161.742708	E5	76	127	
1280	175.805990	D5	74	57	1444	161.836458	D5	74	127	
1281	176.968750	C2	36	26	1449	162.336458	C2	36	127	
1282	176.970052	C5	72	49	1451	162.336458	C5	72	127	
1283	177.341146	G4	67	45	1452	162.523958	G4	67	127	
1284	177.553385	E5	76	51	1453	162.711458	E5	76	127	
1285	177.717448	C5	72	62	1454	162.898958	C5	72	127	
1286	177.894531	C5	72	63	1456	163.086458	C5	72	127	
1287	177.899740	E4	64	51	1455	163.086458	E4	64	127	
1288	178.065104	G4	67	63	1457	163.273958	G4	67	127	
1289	178.235677	E5	76	70	1458	163.461458	E5	76	127	
1290	178.388021	C5	72	75	1459	163.648958	C5	72	127	
1291	178.572917	C5	72	65	1461	163.836458	C5	72	127	
1292	178.580729	F4	65	44	1460	163.836458	F4	65	127	
1293	178.740885	A4	69	54	1462	164.023958	A4	69	127	
1294	178.908854	E5	76	62	1463	164.211458	E5	76	127	
1295	179.053385	C5	72	60	1464	164.398958	C5	72	127	
1296	179.235677	C5	72	57	1466	164.586458	C5	72	127	
1297	179.236979	E4	64	46	1465	164.586458	E4	64	127	
1298	179.401042	G4	67	56	1467	164.773958	G4	67	127	
1299	179.585938	G5	79	82	1469	164.961458	G5	79	127	
1300	179.585938	E5	76	68	1468	164.961458	E5	76	127	
1301	179.742188	C5	72	75	1470	165.148958	C5	72	127	
1302	179.920573	A5	81	85	1473	165.336458	A5	81	127	
1303	179.933594	F5	77	72	1472	165.336458	F5	77	127	
1304	179.936198	F4	65	61	1471	165.336458	F4	65	127	
1305	180.111979	D5	74	64	1474	165.523958	D5	74	127	
1306	180.283854	D5	74	60	1475	165.711458	D5	74	127	
1307	180.417969	F5	77	56	1476	165.898958	F5	77	127	
1308	180.636719	G5	79	66	1479	166.086458	G5	79	127	
1309	180.643229	D5	74	49	1478	166.086458	D5	74	127	
1310	180.662760	G4	67	42	1477	166.086458	G4	67	127	
1311	180.821615	B4	71	51	1480	166.273958	B4	71	127	
1312	180.993490	B4	71	47	1481	166.461458	B4	71	127	
1313	181.210938	D5	74	41	1482	166.648958	D5	74	127	
1314	181.585938	C3	48	37	1483	166.867708	C3	48	127	
1315	181.593750	C4	60	43	1484	166.867708	C4	60	127	
1316	181.832031	G3	55	50	1485	167.055208	G3	55	127	
1317	182.016927	E4	64	62	1486	167.242708	E4	64	127	
1318	182.166667	C4	60	65	1487	167.430208	C4	60	127	
1319	182.352865	C4	60	57	1489	167.617708	C4	60	127	
1320	182.354167	E3	52	51	1488	167.617708	E3	52	127	
1321	182.524740	G3	55	62	1490	167.805208	G3	55	127	
1322	182.705729	E4	64	64	1491	167.992708	E4	64	127	
1323	182.842448	C4	60	64	1492	168.180208	C4	60	127	
1324	183.045573	C4	60	51	1494	168.367708	C4	60	127	
1325	183.048177	F3	53	45	1493	168.367708	F3	53	127	
1326	183.225260	A3	57	55	1495	168.555208	A3	57	127	
1327	183.403646	E4	64	57	1496	168.742708	E4	64	127	
1328	183.545573	C4	60	56	1497	168.930208	C4	60	127	
1329	183.753906	C4	60	49	1499	169.117708	C4	60	127	
1330	183.755208	E3	52	45	1498	169.117708	E3	52	127	
1331	183.921875	G3	55	58	1500	169.305208	G3	55	127	
1332	184.135417	G4	67	72	1502	169.492708	G4	67	127	
1333	184.138021	E4	64	66	1501	169.492708	E4	64	127	
1334	184.311198	C4	60	59	1503	169.680208	C4	60	127	
1335	184.510417	A4	69	69	1506	169.867708	A4	69	127	
1336	184.513021	F3	53	55	1504	169.867708	F3	53	127	
1337	184.514323	F4	65	55	1505	169.867708	F4	65	127	
1338	184.712240	D4	62	59	1507	170.055208	D4	62	127	
1339	184.876302	D4	62	57	1508	170.242708	D4	62	127	
1340	185.096354	F4	65	55	1509	170.430208	F4	65	127	
1341	185.325521	F4	65	59	1512	170.617708	F4	65	127	
1342	185.334635	D4	62	54	1511	170.617708	D4	62	127	
1343	185.347656	G3	55	49	1510	170.617708	G3	55	127	
1344	185.552083	B3	59	50	1513	170.805208	B3	59	127	
1345	185.782552	B3	59	49	1514	170.992708	B3	59	127	
1346	186.036458	D4	62	56	1515	171.180208	D4	62	127	
1347	186.584635	D4	62	53	1518	171.367708	D4	62	127	
1348	186.591146	C3	48	36	1517	171.367708	C3	48	127	
1349	186.596354	C2	36	36	1516	171.367708	C2	36	127	
1350	186.619792	F3	53	23	*	-1	*	-1	-1	
1351	186.955729	G3	55	42	*	-1	*	-1	-1	
1352	187.046875	F3	53	30	*	-1	*	-1	-1	
1353	187.048177	F2	41	23	*	-1	*	-1	-1	
1354	187.194010	G3	55	60	*	-1	*	-1	-1	
1355	187.299479	F3	53	50	*	-1	*	-1	-1	
1356	187.375000	G3	55	54	*	-1	*	-1	-1	
1357	187.476562	F3	53	49	*	-1	*	-1	-1	
1358	187.774740	E3	52	36	*	-1	*	-1	-1	
1359	188.309896	F3	53	31	*	-1	*	-1	-1	
1360	189.414062	C2	36	37	*	-1	*	-1	-1	
1361	189.453125	F3	53	33	*	-1	*	-1	-1	
1362	189.457031	C4	60	36	*	-1	*	-1	-1	
1363	189.545573	E3	52	48	*	-1	*	-1	-1	
1364	189.695312	F3	53	29	*	-1	*	-1	-1	
1365	189.837240	E3	52	26	*	-1	*	-1	-1	
1366	189.977865	E3	52	18	*	-1	*	-1	-1	
*	-1	*	-1	-1	16	2.156250	G4	67	127	
*	-1	*	-1	-1	18	2.343750	G4	67	127	
*	-1	*	-1	-1	36	4.515625	B4	71	127	
*	-1	*	-1	-1	71	9.234375	C3	48	127	
*	-1	*	-1	-1	82	10.921875	D5	74	127	
*	-1	*	-1	-1	84	11.109375	D5	74	127	
*	-1	*	-1	-1	86	11.296875	B4	71	127	
*	-1	*	-1	-1	89	11.562500	C6	84	127	
*	-1	*	-1	-1	102	13.343750	G4	67	127	
*	-1	*	-1	-1	106	13.718750	G4	67	127	
*	-1	*	-1	-1	123	15.812500	A4	69	127	
*	-1	*	-1	-1	125	16.000000	A4	69	127	
*	-1	*	-1	-1	142	18.093750	G4	67	127	
*	-1	*	-1	-1	144	18.281250	G4	67	127	
*	-1	*	-1	-1	159	20.640625	C3	48	127	
*	-1	*	-1	-1	174	22.703125	B4	71	127	
*	-1	*	-1	-1	258	32.750000	C4	60	127	
*	-1	*	-1	-1	316	41.092708	D5	74	127	
*	-1	*	-1	-1	359	45.623958	G4	67	127	
*	-1	*	-1	-1	371	47.123958	G4	67	127	
*	-1	*	-1	-1	391	50.155208	G4	67	127	
*	-1	*	-1	-1	403	51.655208	G4	67	127	
*	-1	*	-1	-1	429	54.280208	C4	60	127	
*	-1	*	-1	-1	465	58.436458	D3	50	127	
*	-1	*	-1	-1	474	58.998958	Bb4	70	127	
*	-1	*	-1	-1	476	59.233333	C4	60	127	
*	-1	*	-1	-1	478	59.233333	G4	67	127	
*	-1	*	-1	-1	519	63.733333	G3	55	127	
*	-1	*	-1	-1	520	63.733333	A4	69	127	
*	-1	*	-1	-1	524	64.108333	C5	72	127	
*	-1	*	-1	-1	529	64.483333	G3	55	127	
*	-1	*	-1	-1	540	65.233333	C6	84	127	
*	-1	*	-1	-1	547	65.869792	B5	83	127	
*	-1	*	-1	-1	549	65.994792	C4	60	127	
*	-1	*	-1	-1	571	68.276042	G3	55	127	
*	-1	*	-1	-1	572	68.276042	A4	69	127	
*	-1	*	-1	-1	576	68.651042	C5	72	127	
*	-1	*	-1	-1	581	69.026042	G3	55	127	
*	-1	*	-1	-1	582	69.026042	E5	76	127	
*	-1	*	-1	-1	597	70.233333	B5	83	127	
*	-1	*	-1	-1	599	70.412500	B5	83	127	
*	-1	*	-1	-1	607	71.284375	D3	50	127	
*	-1	*	-1	-1	657	77.315625	G4	67	127	
*	-1	*	-1	-1	697	84.956250	Bb5	82	127	
*	-1	*	-1	-1	706	85.706250	Bb4	70	127	
*	-1	*	-1	-1	709	85.706250	Bb5	82	127	
*	-1	*	-1	-1	714	86.175000	G#5	80	127	
*	-1	*	-1	-1	718	86.456250	G4	67	127	
*	-1	*	-1	-1	719	86.456250	Bb4	70	127	
*	-1	*	-1	-1	732	87.206250	G#5	80	127	
*	-1	*	-1	-1	741	87.956250	Bb4	70	127	
*	-1	*	-1	-1	747	88.237500	G#5	80	127	
*	-1	*	-1	-1	749	88.425000	G#5	80	127	
*	-1	*	-1	-1	754	88.706250	Bb4	70	127	
*	-1	*	-1	-1	766	89.456250	Bb5	82	127	
*	-1	*	-1	-1	813	93.612500	A5	81	127	
*	-1	*	-1	-1	831	94.925000	A5	81	127	
*	-1	*	-1	-1	860	96.893750	G5	79	127	
*	-1	*	-1	-1	863	96.987500	A5	81	127	
*	-1	*	-1	-1	866	97.268750	G5	79	127	
*	-1	*	-1	-1	868	97.362500	A5	81	127	
*	-1	*	-1	-1	869	97.456250	G5	79	127	
*	-1	*	-1	-1	871	97.643750	G5	79	127	
*	-1	*	-1	-1	902	100.768750	A4	69	127	
*	-1	*	-1	-1	934	104.518750	A2	45	127	
*	-1	*	-1	-1	937	104.612500	C#5	73	127	
*	-1	*	-1	-1	961	108.315625	F4	65	127	
*	-1	*	-1	-1	966	108.784375	E4	64	127	
*	-1	*	-1	-1	968	108.971875	E4	64	127	
*	-1	*	-1	-1	985	111.053125	E4	64	127	
*	-1	*	-1	-1	987	111.240625	E4	64	127	
*	-1	*	-1	-1	1002	113.135417	F4	65	127	
*	-1	*	-1	-1	1004	113.322917	F4	65	127	
*	-1	*	-1	-1	1006	113.510417	F4	65	127	
*	-1	*	-1	-1	1023	115.604167	E4	64	127	
*	-1	*	-1	-1	1038	116.635417	G4	67	127	
*	-1	*	-1	-1	1039	116.729167	F4	65	127	
*	-1	*	-1	-1	1044	117.404167	D3	50	127	
*	-1	*	-1	-1	1056	119.023958	D3	50	127	
*	-1	*	-1	-1	1060	119.023958	Eb5	75	127	
*	-1	*	-1	-1	1063	119.868750	A3	57	127	
*	-1	*	-1	-1	1133	130.148958	G#4	68	127	
*	-1	*	-1	-1	1153	132.523958	G#4	68	127	
*	-1	*	-1	-1	1155	132.711458	G#4	68	127	
*	-1	*	-1	-1	1172	134.805208	G4	67	127	
*	-1	*	-1	-1	1174	134.992708	G4	67	127	
*	-1	*	-1	-1	1226	140.336458	F3	53	127	
*	-1	*	-1	-1	1253	142.773958	F5	77	127	
*	-1	*	-1	-1	1296	148.336458	D5	74	127	
*	-1	*	-1	-1	1298	148.523958	D5	74	127	
*	-1	*	-1	-1	1312	150.180208	G#3	56	127	
*	-1	*	-1	-1	1318	150.930208	G3	55	127	
*	-1	*	-1	-1	1319	150.930208	C4	60	127	
*	-1	*	-1	-1	1334	152.430208	D3	50	127	
*	-1	*	-1	-1	1335	152.430208	G3	55	127	
*	-1	*	-1	-1	1336	152.430208	Eb4	63	127	
*	-1	*	-1	-1	1337	152.523958	D4	62	127	
*	-1	*	-1	-1	1344	153.218750	C3	48	127	
*	-1	*	-1	-1	1345	153.218750	D4	62	127	
*	-1	*	-1	-1	1354	153.977083	C3	48	127	
*	-1	*	-1	-1	1355	153.977083	A4	69	127	
*	-1	*	-1	-1	1359	154.352083	D5	74	127	
*	-1	*	-1	-1	1364	154.727083	C3	48	127	
*	-1	*	-1	-1	1365	154.727083	F5	77	127	
*	-1	*	-1	-1	1374	155.492708	F3	53	127	
*	-1	*	-1	-1	1387	156.992708	D3	50	127	
*	-1	*	-1	-1	1388	156.992708	G3	55	127	
*	-1	*	-1	-1	1389	156.992708	E5	76	127	
*	-1	*	-1	-1	1396	157.648958	D5	74	127	
*	-1	*	-1	-1	1402	158.148958	F4	65	127	
*	-1	*	-1	-1	1411	158.898958	D5	74	127	
*	-1	*	-1	-1	1440	161.555208	G3	55	127	
*	-1	*	-1	-1	1446	162.023958	D5	74	127	
*	-1	*	-1	-1	1448	162.211458	D5	74	127	
*	-1	*	-1	-1	1450	162.336458	C3	48	127	
*	-1	*	-1	-1	1519	171.994792	C4	60	127	
*	-1	*	-1	-1	13	1.875000	A4	69	127	
*	-1	*	-1	-1	14	1.968750	G4	67	127	
*	-1	*	-1	-1	15	2.062500	A4	69	127	
*	-1	*	-1	-1	17	2.250000	A4	69	127	
*	-1	*	-1	-1	32	4.140625	B4	71	127	
*	-1	*	-1	-1	34	4.328125	B4	71	127	
*	-1	*	-1	-1	35	4.421875	A4	69	127	
*	-1	*	-1	-1	37	4.609375	A4	69	127	
*	-1	*	-1	-1	53	6.593750	A4	69	127	
*	-1	*	-1	-1	54	6.687500	G4	67	127	
*	-1	*	-1	-1	55	6.781250	A4	69	127	
*	-1	*	-1	-1	56	6.875000	G4	67	127	
*	-1	*	-1	-1	83	11.015625	C5	72	127	
*	-1	*	-1	-1	85	11.203125	C5	72	127	
*	-1	*	-1	-1	87	11.390625	C5	72	127	
*	-1	*	-1	-1	103	13.437500	A4	69	127	
*	-1	*	-1	-1	104	13.531250	G4	67	127	
*	-1	*	-1	-1	105	13.625000	A4	69	127	
*	-1	*	-1	-1	120	15.531250	B4	71	127	
*	-1	*	-1	-1	121	15.625000	A4	69	127	
*	-1	*	-1	-1	122	15.718750	B4	71	127	
*	-1	*	-1	-1	124	15.906250	B4	71	127	
*	-1	*	-1	-1	139	17.812500	A4	69	127	
*	-1	*	-1	-1	140	17.906250	G4	67	127	
*	-1	*	-1	-1	141	18.000000	A4	69	127	
*	-1	*	-1	-1	143	18.187500	A4	69	127	
*	-1	*	-1	-1	171	22.421875	C5	72	127	
*	-1	*	-1	-1	172	22.515625	D5	74	127	
*	-1	*	-1	-1	173	22.609375	C5	72	127	
*	-1	*	-1	-1	473	58.905208	A4	69	127	
*	-1	*	-1	-1	475	59.092708	A4	69	127	
*	-1	*	-1	-1	515	63.350000	Bb4	70	127	
*	-1	*	-1	-1	516	63.440625	A4	69	127	
*	-1	*	-1	-1	530	64.483333	E5	76	127	
*	-1	*	-1	-1	534	64.858333	A5	81	127	
*	-1	*	-1	-1	538	65.233333	G2	43	127	
*	-1	*	-1	-1	541	65.327083	B5	83	127	
*	-1	*	-1	-1	546	65.780208	A5	81	127	
*	-1	*	-1	-1	567	67.869792	B4	71	127	
*	-1	*	-1	-1	568	67.963542	A4	69	127	
*	-1	*	-1	-1	590	69.776042	G2	43	127	
*	-1	*	-1	-1	598	70.322917	A5	81	127	
*	-1	*	-1	-1	602	70.534375	E5	76	127	
*	-1	*	-1	-1	622	72.401042	B4	71	127	
*	-1	*	-1	-1	623	72.490625	A4	69	127	
*	-1	*	-1	-1	702	85.425000	G#5	80	127	
*	-1	*	-1	-1	703	85.518750	Bb5	82	127	
*	-1	*	-1	-1	704	85.612500	G#5	80	127	
*	-1	*	-1	-1	720	86.456250	C5	72	127	
*	-1	*	-1	-1	735	87.487500	G#5	80	127	
*	-1	*	-1	-1	746	88.143750	Bb5	82	127	
*	-1	*	-1	-1	779	90.393750	Bb5	82	127	
*	-1	*	-1	-1	781	90.581250	Bb5	82	127	
*	-1	*	-1	-1	782	90.675000	G#5	80	127	
*	-1	*	-1	-1	825	94.550000	A5	81	127	
*	-1	*	-1	-1	870	97.550000	A5	81	127	
*	-1	*	-1	-1	895	100.300000	F5	77	127	
*	-1	*	-1	-1	896	100.393750	G5	79	127	
*	-1	*	-1	-1	942	105.081250	D5	74	127	
*	-1	*	-1	-1	943	105.175000	C#5	73	127	
*	-1	*	-1	-1	960	108.315625	C#4	61	127	
*	-1	*	-1	-1	965	108.690625	F4	65	127	
*	-1	*	-1	-1	967	108.878125	F4	65	127	
*	-1	*	-1	-1	982	110.771875	F4	65	127	
*	-1	*	-1	-1	983	110.865625	E4	64	127	
*	-1	*	-1	-1	984	110.959375	F4	65	127	
*	-1	*	-1	-1	986	111.146875	F4	65	127	
*	-1	*	-1	-1	1001	113.041667	G4	67	127	
*	-1	*	-1	-1	1003	113.229167	G4	67	127	
*	-1	*	-1	-1	1005	113.416667	G4	67	127	
*	-1	*	-1	-1	1022	115.510417	F4	65	127	
*	-1	*	-1	-1	1027	115.885417	D4	62	127	
*	-1	*	-1	-1	1031	116.166667	F4	65	127	
*	-1	*	-1	-1	1032	116.260417	G4	67	127	
*	-1	*	-1	-1	1128	129.773958	Eb4	63	127	
*	-1	*	-1	-1	1134	130.242708	G4	67	127	
*	-1	*	-1	-1	1135	130.336458	G#4	68	127	
*	-1	*	-1	-1	1136	130.430208	G4	67	127	
*	-1	*	-1	-1	1150	132.242708	Bb4	70	127	
*	-1	*	-1	-1	1151	132.336458	G#4	68	127	
*	-1	*	-1	-1	1152	132.430208	Bb4	70	127	
*	-1	*	-1	-1	1154	132.617708	Bb4	70	127	
*	-1	*	-1	-1	1171	134.711458	G#4	68	127	
*	-1	*	-1	-1	1173	134.898958	G#4	68	127	
*	-1	*	-1	-1	1251	142.586458	F5	77	127	
*	-1	*	-1	-1	1252	142.680208	Eb5	75	127	
*	-1	*	-1	-1	1254	142.867708	Eb5	75	127	
*	-1	*	-1	-1	1295	148.242708	Eb5	75	127	
*	-1	*	-1	-1	1297	148.430208	Eb5	75	127	
*	-1	*	-1	-1	1349	153.602083	F4	65	127	
*	-1	*	-1	-1	1350	153.695833	E4	64	127	
*	-1	*	-1	-1	1371	155.289583	A5	81	127	
*	-1	*	-1	-1	1372	155.383333	G5	79	127	
*	-1	*	-1	-1	1385	156.805208	D5	74	127	
*	-1	*	-1	-1	1395	157.555208	C5	72	127	
*	-1	*	-1	-1	1397	157.773958	C3	48	127	
*	-1	*	-1	-1	1407	158.523958	A4	69	127	
*	-1	*	-1	-1	1406	158.523958	C3	48	127	
*	-1	*	-1	-1	1416	159.273958	F5	77	127	
*	-1	*	-1	-1	1445	161.930208	E5	76	127	
*	-1	*	-1	-1	1447	162.117708	C5	72	127	
