// alignID alignOntime alignSitch alignPitch alignOnvel refID refOntime refSitch refPitch refOnvel
0	5.943750	B4	71	43	2	0.000000	B4	71	36	
1	5.954167	D3	50	37	3	0.000000	D3	50	36	
2	5.962500	D4	62	29	0	0.000000	D4	62	36	
3	5.963542	F#4	66	32	1	0.000000	F#4	66	36	
4	5.964583	F#3	54	33	4	0.000000	F#3	54	36	
5	5.966667	B3	59	31	5	0.000000	B3	59	36	
6	7.042708	A3	57	39	7	0.750000	A3	57	36	
7	7.044792	A4	69	52	6	0.750000	A4	69	36	
8	7.551042	A4	69	60	*	-1	*	-1	-1	
9	7.586458	A3	57	31	13	1.125000	A3	57	36	
10	7.593750	D3	50	38	11	1.125000	D3	50	36	
11	7.593750	F#3	54	41	12	1.125000	F#3	54	36	
12	7.593750	F#4	66	43	8	1.125000	D4	62	36	
13	8.013542	A4	69	59	10	1.125000	A4	69	36	
14	8.034375	F#3	54	34	9	1.125000	F#4	66	36	
15	8.041667	D3	50	35	*	-1	*	-1	-1	
16	8.044792	A3	57	26	*	-1	*	-1	-1	
17	8.489583	A4	69	50	*	-1	*	-1	-1	
18	8.516667	A3	57	26	19	1.500000	A3	57	36	
19	8.519792	F#4	66	37	*	-1	*	-1	-1	
20	8.520833	D3	50	28	17	1.500000	D3	50	36	
21	8.521875	F#3	54	28	18	1.500000	F#3	54	36	
22	8.523958	D4	62	27	14	1.500000	D4	62	36	
23	9.088542	F#4	66	38	21	1.875000	F#4	66	36	
24	9.103125	A4	69	36	22	1.875000	A4	69	36	
25	9.120833	F#3	54	35	24	1.875000	F#3	54	36	
26	9.120833	D4	62	25	20	1.875000	D4	62	36	
27	9.123958	D3	50	27	23	1.875000	D3	50	36	
28	9.123958	A3	57	21	25	1.875000	A3	57	36	
29	10.656250	D4	62	33	*	-1	*	-1	-1	
30	10.681250	D3	50	25	28	2.250000	D3	50	36	
31	10.687500	F#3	54	17	29	2.250000	F#3	54	36	
32	11.144792	F#5	78	48	*	-1	*	-1	-1	
33	11.145833	F#4	66	52	27	2.250000	F#4	66	36	
34	11.175000	D3	50	26	31	3.375000	D3	50	36	
35	11.588542	D4	62	57	30	3.375000	D4	62	36	
36	11.589583	D5	74	50	*	-1	*	-1	-1	
37	11.610417	D3	50	35	37	4.125000	D3	50	36	
38	12.145833	B4	71	58	41	4.500000	B4	71	36	
39	12.165625	E3	52	39	43	4.500000	E3	52	36	
40	12.170833	G4	67	50	40	4.500000	G4	67	36	
41	12.171875	G3	55	35	44	4.500000	G3	55	36	
42	12.175000	B3	59	31	45	4.500000	B3	59	36	
43	12.176042	C#3	49	36	42	4.500000	C#3	49	36	
44	12.178125	E4	64	39	39	4.500000	E4	64	36	
45	13.269792	A4	69	52	46	5.250000	A4	69	36	
46	13.301042	A3	57	20	47	5.250000	A3	57	36	
47	13.792708	A4	69	57	50	5.625000	A4	69	36	
48	13.815625	C#3	49	27	51	5.625000	C#3	49	36	
49	13.818750	E3	52	32	52	5.625000	E3	52	36	
50	13.822917	A3	57	28	54	5.625000	A3	57	36	
51	13.826042	G3	55	38	53	5.625000	G3	55	36	
52	13.833333	G4	67	41	49	5.625000	G4	67	36	
53	14.263542	A4	69	55	57	6.000000	A4	69	36	
54	14.265625	C#3	49	29	58	6.000000	C#3	49	36	
55	14.271875	E3	52	32	59	6.000000	E3	52	36	
56	14.275000	A3	57	30	61	6.000000	A3	57	36	
57	14.277083	G3	55	39	60	6.000000	G3	55	36	
58	14.301042	G4	67	42	56	6.000000	G4	67	36	
59	14.718750	A4	69	57	64	6.375000	A4	69	36	
60	14.742708	C#3	49	28	65	6.375000	C#3	49	36	
61	14.743750	G3	55	35	67	6.375000	G3	55	36	
62	14.744792	A3	57	29	68	6.375000	A3	57	36	
63	14.747917	G4	67	39	63	6.375000	G4	67	36	
64	14.748958	E3	52	26	66	6.375000	E3	52	36	
65	14.754167	E4	64	31	62	6.375000	E4	64	36	
66	15.285417	C#3	49	26	*	-1	*	-1	-1	
67	15.285417	A4	69	37	*	-1	*	-1	-1	
68	15.289583	E4	64	39	*	-1	*	-1	-1	
69	15.290625	A3	57	28	*	-1	*	-1	-1	
70	15.291667	G4	67	29	*	-1	*	-1	-1	
71	15.292708	G3	55	29	*	-1	*	-1	-1	
72	16.917708	E3	52	36	75	7.875000	E3	52	36	
73	16.932292	C#3	49	32	74	7.875000	C#3	49	36	
74	16.937500	A4	69	37	*	-1	*	-1	-1	
75	16.943750	E4	64	40	73	7.875000	E4	64	36	
76	16.945833	A3	57	26	76	7.875000	A3	57	36	
77	17.422917	G4	67	62	77	8.250000	G4	67	36	
78	17.435417	C#3	49	23	78	8.250000	C#3	49	36	
79	17.435417	A3	57	32	80	8.250000	A3	57	36	
80	17.436458	G3	55	38	79	8.250000	G3	55	36	
81	17.440625	E3	52	25	*	-1	*	-1	-1	
82	17.884375	E4	64	61	81	8.625000	E4	64	36	
83	17.891667	A3	57	37	84	8.625000	A3	57	36	
84	17.894792	C#3	49	34	82	8.625000	C#3	49	36	
85	17.894792	E3	52	35	83	8.625000	E3	52	36	
86	17.895833	G3	55	33	*	-1	*	-1	-1	
87	18.535417	B4	71	59	87	9.000000	B4	71	36	
88	18.565625	D4	62	41	85	9.000000	D4	62	36	
89	18.572917	D3	50	37	88	9.000000	D3	50	36	
90	18.573958	F#4	66	37	86	9.000000	F#4	66	36	
91	18.576042	B3	59	34	90	9.000000	B3	59	36	
92	18.584375	F#3	54	29	89	9.000000	F#3	54	36	
93	19.671875	A4	69	55	91	9.750000	A4	69	36	
94	19.672917	A3	57	32	92	9.750000	A3	57	36	
95	20.225000	A4	69	62	95	10.125000	A4	69	36	
96	20.233333	D3	50	38	96	10.125000	D3	50	36	
97	20.233333	A3	57	37	98	10.125000	A3	57	36	
98	20.253125	F#3	54	41	97	10.125000	F#3	54	36	
99	20.261458	D4	62	36	93	10.125000	D4	62	36	
100	20.265625	F#4	66	39	94	10.125000	F#4	66	36	
101	20.692708	A4	69	64	101	10.500000	A4	69	36	
102	20.707292	D3	50	39	102	10.500000	D3	50	36	
103	20.709375	A3	57	37	104	10.500000	A3	57	36	
104	20.713542	F#3	54	36	103	10.500000	F#3	54	36	
105	20.713542	D4	62	40	99	10.500000	D4	62	36	
106	21.162500	D5	74	58	107	10.875000	D5	74	36	
107	21.172917	D3	50	42	108	10.875000	D3	50	36	
108	21.175000	A3	57	29	*	-1	*	-1	-1	
109	21.182292	D4	62	41	105	10.875000	D4	62	36	
110	21.187500	F#3	54	36	109	10.875000	F#3	54	36	
111	21.187500	F#4	66	40	106	10.875000	F#4	66	36	
112	21.776042	F#4	66	53	112	11.250000	F#4	66	88	
113	21.813542	C#4	61	38	111	11.250000	C#4	61	72	
114	21.815625	G3	55	45	114	11.250000	G3	55	62	
115	21.823958	A2	45	34	113	11.250000	A2	45	54	
116	21.823958	G4	67	42	*	-1	*	-1	-1	
117	22.910417	E4	64	44	115	12.000000	E4	64	36	
118	23.462500	E4	64	49	117	12.375000	E4	64	36	
119	23.475000	A2	45	32	118	12.375000	A2	45	36	
120	23.482292	C#4	61	32	116	12.375000	C#4	61	36	
121	23.484375	G3	55	33	119	12.375000	G3	55	36	
122	23.959375	A2	45	38	122	12.750000	A2	45	36	
123	23.961458	E4	64	56	121	12.750000	E4	64	36	
124	23.964583	G3	55	37	123	12.750000	G3	55	36	
125	24.008333	C#4	61	30	120	12.750000	C#4	61	36	
126	24.388542	A2	45	40	126	13.125000	A2	45	36	
127	24.396875	G3	55	40	127	13.125000	G3	55	36	
128	24.414583	A4	69	66	125	13.125000	A4	69	36	
129	24.456250	C#4	61	38	124	13.125000	C#4	61	36	
130	24.954167	F#3	54	47	130	13.500000	F#3	54	36	
131	24.964583	B2	47	35	129	13.500000	B2	47	36	
132	24.964583	D4	62	56	128	13.500000	D4	62	64	
133	24.969792	A4	69	47	*	-1	*	-1	-1	
134	25.855208	E4	64	52	131	14.062500	E4	64	36	
135	25.984375	F#4	66	66	132	14.156250	F#4	66	36	
136	26.156250	G4	67	63	133	14.250000	G4	67	36	
137	26.161458	E4	64	51	134	14.250000	E4	64	64	
138	26.164583	C#3	49	41	135	14.250000	C#3	49	36	
139	26.164583	A3	57	37	136	14.250000	A3	57	36	
140	27.117708	B4	71	52	137	14.812500	B4	71	36	
141	27.292708	A4	69	52	138	14.906250	A4	69	36	
142	27.537500	D3	50	33	141	15.000000	D3	50	36	
143	27.539583	F#4	66	38	139	15.000000	F#4	66	36	
144	27.544792	D4	62	33	140	15.000000	D4	62	64	
145	29.273958	B4	71	43	144	15.750000	B4	71	62	
146	29.303125	B3	59	32	147	15.750000	B3	59	62	
147	29.306250	F#3	54	30	146	15.750000	F#3	54	57	
148	29.307292	D4	62	29	142	15.750000	D4	62	52	
149	29.308333	F#4	66	30	143	15.750000	F#4	66	57	
150	29.312500	D3	50	36	145	15.750000	D3	50	52	
151	30.451042	A4	69	45	148	16.500000	A4	69	36	
152	30.453125	A3	57	35	149	16.500000	A3	57	36	
153	30.958333	A4	69	54	152	16.875000	A4	69	36	
154	30.964583	A3	57	38	155	16.875000	A3	57	36	
155	30.988542	F#3	54	34	154	16.875000	F#3	54	36	
156	30.995833	D3	50	30	153	16.875000	D3	50	36	
157	30.995833	F#4	66	32	151	16.875000	F#4	66	36	
158	31.005208	D4	62	25	150	16.875000	D4	62	36	
159	31.443750	A4	69	56	158	17.250000	A4	69	36	
160	31.475000	D3	50	32	159	17.250000	D3	50	36	
161	31.475000	F#3	54	34	160	17.250000	F#3	54	36	
162	31.475000	A3	57	29	161	17.250000	A3	57	36	
163	31.487500	F#4	66	33	157	17.250000	F#4	66	36	
164	31.492708	D4	62	28	156	17.250000	D4	62	36	
165	31.915625	A4	69	55	164	17.625000	A4	69	36	
166	31.922917	A3	57	34	167	17.625000	A3	57	36	
167	31.935417	D3	50	29	165	17.625000	D3	50	36	
168	31.935417	F#4	66	36	163	17.625000	F#4	66	36	
169	31.936458	F#3	54	34	166	17.625000	F#3	54	36	
170	32.478125	F#4	66	39	169	18.000000	F#4	66	36	
171	32.484375	D3	50	32	170	18.000000	D3	50	36	
172	32.484375	F#3	54	37	171	18.000000	F#3	54	36	
173	32.500000	D4	62	27	168	18.000000	D4	62	36	
174	34.105208	D4	62	33	172	19.125000	D4	62	36	
175	34.107292	D3	50	36	173	19.125000	D3	50	36	
176	34.640625	F#3	54	48	177	19.500000	F#3	54	36	
177	34.641667	D3	50	30	176	19.500000	D3	50	36	
178	34.643750	F#4	66	39	175	19.500000	F#4	66	36	
179	35.166667	B4	71	49	180	19.875000	B4	71	36	
180	35.181250	B3	59	43	183	19.875000	B3	59	36	
181	35.186458	D3	50	38	181	19.875000	D3	50	36	
182	35.192708	D4	62	32	178	19.875000	D4	62	36	
183	35.891667	C#5	73	53	186	20.250000	C#5	73	62	
184	35.905208	C#4	61	41	189	20.250000	C#4	61	62	
185	35.914583	F#3	54	39	188	20.250000	F#3	54	57	
186	35.916667	B2	47	36	187	20.250000	B2	47	52	
187	35.917708	F#4	66	34	185	20.250000	F#4	66	57	
188	37.091667	B4	71	46	190	21.000000	B4	71	36	
189	37.123958	B3	59	38	191	21.000000	B3	59	36	
190	37.635417	B4	71	49	194	21.375000	B4	71	36	
191	37.656250	B3	59	36	197	21.375000	B3	59	36	
192	37.657292	D4	62	37	192	21.375000	D4	62	36	
193	37.667708	F#4	66	34	193	21.375000	F#4	66	36	
194	37.670833	B2	47	31	195	21.375000	B2	47	36	
195	37.672917	F#3	54	34	196	21.375000	F#3	54	36	
196	37.676042	D3	50	27	*	-1	*	-1	-1	
197	38.129167	B4	71	51	200	21.750000	B4	71	36	
198	38.134375	B3	59	46	203	21.750000	B3	59	36	
199	38.140625	F#3	54	36	202	21.750000	F#3	54	36	
200	38.151042	B2	47	31	201	21.750000	B2	47	36	
201	38.151042	D4	62	36	198	21.750000	D4	62	36	
202	38.152083	D3	50	27	*	-1	*	-1	-1	
203	38.154167	F#4	66	38	199	21.750000	F#4	66	36	
204	38.614583	B4	71	52	206	22.125000	B4	71	36	
205	38.643750	B2	47	31	207	22.125000	B2	47	36	
206	38.643750	F#3	54	36	208	22.125000	F#3	54	36	
207	38.644792	B3	59	33	209	22.125000	B3	59	36	
208	38.645833	D4	62	31	204	22.125000	D4	62	36	
209	38.646875	F#4	66	33	205	22.125000	F#4	66	36	
210	39.204167	F#4	66	46	211	22.500000	F#4	66	49	
211	39.225000	D4	62	34	210	22.500000	D4	62	49	
212	39.230208	F#3	54	40	213	22.500000	F#3	54	36	
213	39.239583	B3	59	28	*	-1	*	-1	-1	
214	39.243750	B2	47	32	212	22.500000	B2	47	36	
215	41.005208	B4	71	50	214	23.625000	B4	71	49	
216	41.037500	B3	59	42	215	23.625000	B3	59	36	
217	41.535417	D5	74	55	217	24.000000	D5	74	49	
218	41.542708	D4	62	38	219	24.000000	D4	62	36	
219	41.542708	B4	71	42	216	24.000000	B4	71	49	
220	41.562500	B3	59	29	218	24.000000	B3	59	36	
221	41.994792	F#5	78	71	222	24.375000	F#5	78	75	
222	42.023958	F#4	66	45	225	24.375000	F#4	66	62	
223	42.034375	D4	62	35	224	24.375000	D4	62	62	
224	42.036458	B4	71	43	220	24.375000	B4	71	75	
225	42.055208	B3	59	37	223	24.375000	B3	59	62	
226	42.593750	G5	79	70	228	24.750000	G5	79	75	
227	42.602083	D5	74	40	227	24.750000	D5	74	75	
228	42.604167	B4	71	50	226	24.750000	B4	71	75	
229	42.605208	D4	62	38	230	24.750000	D4	62	83	
230	42.622917	G4	67	42	231	24.750000	G4	67	88	
231	42.623958	B3	59	41	229	24.750000	B3	59	78	
232	43.744792	F#5	78	55	232	25.500000	F#5	78	75	
233	43.747917	B4	71	33	*	-1	*	-1	-1	
234	43.754167	F#4	66	36	233	25.500000	F#4	66	62	
235	44.266667	F#5	78	72	236	25.875000	F#5	78	75	
236	44.302083	B4	71	50	234	25.875000	B4	71	75	
237	44.305208	D5	74	44	235	25.875000	D5	74	75	
238	44.306250	F#4	66	44	239	25.875000	F#4	66	62	
239	44.307292	B3	59	45	237	25.875000	B3	59	62	
240	44.307292	D4	62	40	238	25.875000	D4	62	62	
241	44.771875	F#5	78	80	242	26.250000	F#5	78	88	
242	44.781250	F#4	66	56	245	26.250000	F#4	66	62	
243	44.782292	B4	71	61	240	26.250000	B4	71	88	
244	44.786458	D4	62	46	244	26.250000	D4	62	62	
245	44.790625	D5	74	50	241	26.250000	D5	74	88	
246	44.794792	B3	59	54	243	26.250000	B3	59	62	
247	45.271875	F#5	78	91	248	26.625000	F#5	78	88	
248	45.282292	D4	62	60	250	26.625000	D4	62	62	
249	45.282292	F#4	66	60	251	26.625000	F#4	66	62	
250	45.285417	B4	71	63	246	26.625000	B4	71	88	
251	45.285417	D5	74	62	247	26.625000	D5	74	88	
252	45.294792	B3	59	61	249	26.625000	B3	59	62	
253	45.995833	B5	83	95	254	27.000000	B5	83	114	
254	46.004167	D5	74	71	253	27.000000	D5	74	109	
255	46.005208	D4	62	62	256	27.000000	D4	62	75	
256	46.006250	A4	69	76	252	27.000000	A4	69	104	
257	46.013542	F#4	66	67	257	27.000000	F#4	66	75	
258	47.125000	A5	81	83	258	27.750000	A5	81	88	
259	47.648958	A5	81	85	261	28.125000	A5	81	88	
260	47.676042	D4	62	46	263	28.125000	D4	62	75	
261	47.676042	A4	69	61	259	28.125000	A4	69	88	
262	47.677083	F#3	54	49	262	28.125000	F#3	54	75	
263	47.677083	D5	74	55	260	28.125000	D5	74	88	
264	48.171875	A5	81	89	267	28.500000	A5	81	88	
265	48.172917	F#3	54	51	268	28.500000	F#3	54	75	
266	48.177083	D4	62	48	269	28.500000	D4	62	75	
267	48.180208	D5	74	67	266	28.500000	D5	74	88	
268	48.185417	A4	69	62	265	28.500000	A4	69	88	
269	48.732292	D6	86	89	272	28.875000	D6	86	88	
270	48.743750	D5	74	53	271	28.875000	D5	74	88	
271	48.744792	A4	69	50	*	-1	*	-1	-1	
272	48.745833	F#4	66	41	275	28.875000	F#4	66	75	
273	48.758333	D4	62	41	274	28.875000	D4	62	75	
274	48.765625	A3	57	38	273	28.875000	A3	57	75	
275	49.493750	F#5	78	59	277	29.250000	F#5	78	75	
276	49.509375	C#5	73	47	276	29.250000	C#5	73	67	
277	49.514583	A4	69	42	*	-1	*	-1	-1	
278	49.520833	A3	57	37	278	29.250000	A3	57	54	
279	49.523958	G4	67	41	279	29.250000	G4	67	62	
280	50.626042	E5	76	45	280	30.000000	E5	76	49	
281	51.141667	E5	76	46	282	30.375000	E5	76	49	
282	51.144792	C#5	73	44	281	30.375000	C#5	73	49	
283	51.152083	A3	57	31	283	30.375000	A3	57	36	
284	51.154167	A4	69	37	*	-1	*	-1	-1	
285	51.165625	G4	67	29	284	30.375000	G4	67	36	
286	51.645833	E5	76	45	286	30.750000	E5	76	49	
287	51.652083	C#5	73	43	285	30.750000	C#5	73	49	
288	51.657292	A4	69	36	*	-1	*	-1	-1	
289	51.664583	A3	57	32	287	30.750000	A3	57	36	
290	51.664583	G4	67	36	288	30.750000	G4	67	36	
291	52.162500	A3	57	26	291	31.125000	A3	57	36	
292	52.162500	A5	81	57	290	31.125000	A5	81	49	
293	52.165625	G4	67	31	292	31.125000	G4	67	36	
294	52.166667	A4	69	34	*	-1	*	-1	-1	
295	52.176042	C#5	73	32	289	31.125000	C#5	73	49	
296	52.802083	F#4	66	30	295	31.500000	F#4	66	36	
297	52.816667	D4	62	27	294	31.500000	D4	62	36	
298	52.816667	D5	74	41	293	31.500000	D5	74	49	
299	53.196875	A4	69	35	296	31.687500	A4	69	49	
300	53.454167	G#4	68	44	297	31.875000	G#4	68	49	
301	53.676042	A4	69	51	298	32.062500	A4	69	49	
302	53.942708	B4	71	51	299	32.250000	B4	71	49	
303	54.191667	A4	69	58	300	32.437500	A4	69	49	
304	54.422917	B4	71	63	301	32.625000	B4	71	49	
305	54.655208	C#5	73	66	302	32.812500	C#5	73	49	
306	54.893750	D5	74	55	303	33.000000	D5	74	49	
307	55.155208	C#5	73	59	304	33.187500	C#5	73	49	
308	55.404167	D5	74	52	305	33.375000	D5	74	49	
309	55.636458	E5	76	56	306	33.562500	E5	76	49	
310	55.933333	Bb3	58	34	308	33.750000	Bb3	58	36	
311	55.994792	G5	79	63	307	33.750000	G5	79	36	
312	56.294792	C#4	61	35	309	33.937500	C#4	61	36	
313	56.560417	F#4	66	40	310	34.125000	F#4	66	36	
314	56.786458	C#4	61	45	311	34.312500	C#4	61	36	
315	57.021875	Bb3	58	42	313	34.500000	Bb3	58	36	
316	57.032292	F#5	78	62	312	34.500000	F#5	78	36	
317	57.250000	C#4	61	40	314	34.687500	C#4	61	36	
318	57.518750	F#5	78	73	315	34.875000	F#5	78	36	
319	57.523958	F#4	66	43	316	34.875000	F#4	66	36	
320	57.740625	C#4	61	42	317	35.062500	C#4	61	36	
321	57.973958	F#5	78	77	318	35.250000	F#5	78	36	
322	57.982292	Bb3	58	47	319	35.250000	Bb3	58	36	
323	58.187500	C#4	61	46	320	35.437500	C#4	61	36	
324	58.436458	F#5	78	79	321	35.625000	F#5	78	36	
325	58.445833	Bb3	58	39	*	-1	*	-1	-1	
326	58.452083	F#4	66	48	322	35.625000	F#4	66	36	
327	58.670833	C#4	61	40	323	35.812500	C#4	61	36	
328	58.959375	G#3	56	38	325	36.000000	G#3	56	36	
329	59.025000	C#6	85	76	324	36.000000	C#6	85	36	
330	59.328125	B3	59	40	326	36.187500	B3	59	36	
331	59.546875	F4	65	44	327	36.375000	F4	65	36	
332	59.753125	B3	59	51	328	36.562500	B3	59	36	
333	59.998958	G#3	56	54	329	36.750000	G#3	56	36	
334	60.242708	B3	59	49	330	36.937500	B3	59	36	
335	60.454167	F4	65	45	331	37.125000	F4	65	36	
336	60.681250	B3	59	43	332	37.312500	B3	59	36	
337	60.941667	G#3	56	43	333	37.500000	G#3	56	36	
338	61.165625	B3	59	39	334	37.687500	B3	59	36	
339	61.422917	F4	65	38	335	37.875000	F4	65	36	
340	61.643750	B3	59	45	336	38.062500	B3	59	36	
341	61.936458	A3	57	40	338	38.250000	A3	57	36	
342	61.971875	G#5	80	57	337	38.250000	G#5	80	36	
343	62.225000	C#4	61	45	339	38.437500	C#4	61	36	
344	62.437500	F#4	66	46	340	38.625000	F#4	66	36	
345	62.670833	C#4	61	49	341	38.812500	C#4	61	36	
346	62.915625	F#5	78	64	342	39.000000	F#5	78	36	
347	62.920833	A3	57	45	343	39.000000	A3	57	36	
348	63.146875	C#4	61	50	344	39.187500	C#4	61	36	
349	63.383333	F#5	78	72	345	39.375000	F#5	78	36	
350	63.393750	F#4	66	45	346	39.375000	F#4	66	36	
351	63.584375	C#4	61	46	347	39.562500	C#4	61	36	
352	63.805208	F#5	78	77	348	39.750000	F#5	78	36	
353	63.833333	A3	57	40	349	39.750000	A3	57	36	
354	63.833333	A4	69	47	*	-1	*	-1	-1	
355	64.018750	C#4	61	49	350	39.937500	C#4	61	36	
356	64.277083	F#5	78	83	351	40.125000	F#5	78	36	
357	64.284375	F#4	66	51	352	40.125000	F#4	66	36	
358	64.484375	C#4	61	45	353	40.312500	C#4	61	36	
359	64.805208	G#3	56	47	355	40.500000	G#3	56	36	
360	64.911458	D6	86	85	354	40.500000	D6	86	36	
361	65.254167	B3	59	33	356	40.687500	B3	59	36	
362	65.495833	F4	65	38	357	40.875000	F4	65	36	
363	65.706250	B3	59	43	358	41.062500	B3	59	36	
364	65.943750	G#3	56	47	359	41.250000	G#3	56	36	
365	66.188542	B3	59	38	360	41.437500	B3	59	36	
366	66.422917	F4	65	38	361	41.625000	F4	65	36	
367	66.633333	B3	59	47	362	41.812500	B3	59	36	
368	66.884375	G#3	56	48	363	42.000000	G#3	56	36	
369	67.123958	B3	59	41	364	42.187500	B3	59	36	
370	67.357292	F4	65	36	365	42.375000	F4	65	36	
371	67.578125	B3	59	41	366	42.562500	B3	59	36	
372	67.898958	A3	57	43	368	42.750000	A3	57	36	
373	68.003125	C#6	85	68	367	42.750000	C#6	85	36	
374	68.275000	C#4	61	39	369	42.937500	C#4	61	36	
375	68.505208	F#4	66	45	370	43.125000	F#4	66	36	
376	68.742708	F#3	54	53	371	43.312500	F#3	54	36	
377	69.016667	B3	59	42	374	43.500000	B3	59	62	
378	69.023958	G#3	56	42	373	43.500000	G#3	56	62	
379	69.120833	B5	83	71	372	43.500000	B5	83	75	
380	69.391667	F#4	66	44	375	43.687500	F#4	66	62	
381	69.623958	C#4	61	40	378	43.875000	C#4	61	62	
382	69.662500	A3	57	41	377	43.875000	A3	57	62	
383	69.675000	A5	81	78	376	43.875000	A5	81	75	
384	69.875000	F#4	66	46	379	44.062500	F#4	66	62	
385	70.140625	G#5	80	72	380	44.250000	G#5	80	62	
386	70.144792	D4	62	38	382	44.250000	D4	62	49	
387	70.150000	B3	59	34	381	44.250000	B3	59	49	
388	70.350000	F#4	66	46	383	44.437500	F#4	66	49	
389	70.610417	C#4	61	41	386	44.625000	C#4	61	49	
390	70.614583	A3	57	40	385	44.625000	A3	57	49	
391	70.615625	F#5	78	73	384	44.625000	F#5	78	62	
392	70.619792	A4	69	47	*	-1	*	-1	-1	
393	70.826042	F#4	66	52	387	44.812500	F#4	66	49	
394	71.160417	B2	47	46	389	45.000000	B2	47	49	
395	71.183333	D5	74	61	388	45.000000	D5	74	62	
396	71.459375	D3	50	49	390	45.187500	D3	50	49	
397	71.701042	B3	59	49	391	45.375000	B3	59	49	
398	71.917708	B2	47	46	392	45.562500	B2	47	49	
399	72.152083	C#3	49	44	394	45.750000	C#3	49	62	
400	72.170833	F3	53	38	395	45.750000	E3	52	62	
401	72.197917	C#5	73	70	393	45.750000	C#5	73	75	
402	72.463542	B3	59	49	396	45.937500	B3	59	62	
403	72.685417	F#3	54	50	399	46.125000	F#3	54	62	
404	72.693750	D3	50	43	398	46.125000	D3	50	62	
405	72.723958	B4	71	68	397	46.125000	B4	71	75	
406	72.943750	B3	59	46	400	46.312500	B3	59	62	
407	73.157292	C#3	49	46	402	46.500000	C#3	49	49	
408	73.164583	F#3	54	47	403	46.500000	F#3	54	49	
409	73.193750	A4	69	72	401	46.500000	A4	69	62	
410	73.410417	C#4	61	52	404	46.687500	C#4	61	49	
411	73.638542	B2	47	48	406	46.875000	B2	47	49	
412	73.645833	F#3	54	45	407	46.875000	F#3	54	49	
413	73.676042	G#4	68	67	405	46.875000	G#4	68	62	
414	73.915625	D4	62	54	408	47.062500	D4	62	49	
415	74.204167	C#3	49	49	410	47.250000	C#3	49	36	
416	74.242708	F#4	66	62	409	47.250000	F#4	66	36	
417	74.531250	A3	57	45	411	47.437500	A3	57	36	
418	74.785417	C#4	61	50	412	47.625000	C#4	61	36	
419	75.001042	A3	57	40	413	47.812500	A3	57	36	
420	75.239583	C#3	49	41	414	48.000000	C#3	49	36	
421	75.480208	G#4	68	46	416	48.375000	G#4	68	36	
422	75.515625	A3	57	35	415	48.187500	A3	57	36	
423	75.526042	C#3	49	30	*	-1	*	-1	-1	
424	75.719792	F#4	66	54	418	48.468750	F#4	66	36	
425	75.784375	C#4	61	38	417	48.375000	C#4	61	36	
426	75.915625	F4	65	56	419	48.562500	F4	65	36	
427	76.009375	A3	57	34	420	48.562500	A3	57	36	
428	76.072917	F#4	66	56	421	48.656250	F#4	66	36	
429	76.260417	C#3	49	40	423	48.750000	C#3	49	36	
430	76.327083	A4	69	59	422	48.750000	A4	69	36	
431	76.635417	B3	59	45	424	48.937500	B3	59	36	
432	76.639583	F#4	66	31	*	-1	*	-1	-1	
433	76.902083	C#4	61	46	425	49.125000	C#4	61	36	
434	77.155208	B3	59	43	427	49.312500	B3	59	36	
435	77.161458	G#4	68	56	426	49.312500	G#4	68	36	
436	77.709375	A3	57	34	430	49.500000	A3	57	36	
437	77.713542	F#3	54	38	429	49.500000	F#3	54	36	
438	77.786458	C#6	85	73	428	49.500000	C#6	85	36	
439	78.145833	C#4	61	42	431	49.687500	C#4	61	36	
440	78.152083	G#4	68	32	*	-1	*	-1	-1	
441	78.376042	F#4	66	44	432	49.875000	F#4	66	36	
442	78.610417	F#3	54	50	433	50.062500	F#3	54	36	
443	78.873958	B3	59	42	436	50.250000	B3	59	62	
444	78.914583	G#3	56	35	435	50.250000	G#3	56	62	
445	78.994792	B5	83	71	434	50.250000	B5	83	75	
446	79.242708	F#4	66	42	437	50.437500	F#4	66	62	
447	79.459375	C#4	61	45	440	50.625000	C#4	61	62	
448	79.500000	A3	57	40	439	50.625000	A3	57	62	
449	79.505208	A5	81	78	438	50.625000	A5	81	75	
450	79.682292	F#4	66	53	441	50.812500	F#4	66	62	
451	79.947917	D5	74	39	*	-1	*	-1	-1	
452	79.956250	D4	62	43	444	51.000000	D4	62	49	
453	79.984375	B3	59	40	443	51.000000	B3	59	49	
454	79.992708	G#5	80	78	442	51.000000	G#5	80	62	
455	80.182292	F#4	66	46	445	51.187500	F#4	66	49	
456	80.432292	C#5	73	53	*	-1	*	-1	-1	
457	80.443750	C#4	61	44	448	51.375000	C#4	61	49	
458	80.454167	A3	57	47	447	51.375000	A3	57	49	
459	80.472917	F#5	78	78	446	51.375000	F#5	78	62	
460	80.682292	F#4	66	54	449	51.562500	F#4	66	49	
461	81.030208	B2	47	42	452	51.750000	B2	47	49	
462	81.126042	E5	76	61	450	51.656250	E5	76	62	
463	81.134375	B3	59	41	*	-1	*	-1	-1	
464	81.435417	D3	50	43	453	51.937500	D3	50	49	
465	81.509375	D5	74	62	451	51.750000	D5	74	62	
466	81.703125	B3	59	46	454	52.125000	B3	59	49	
467	81.940625	B2	47	45	455	52.312500	B2	47	49	
468	82.156250	C#3	49	44	457	52.500000	C#3	49	62	
469	82.175000	F3	53	43	458	52.500000	E3	52	62	
470	82.193750	C#5	73	64	456	52.500000	C#5	73	75	
471	82.440625	B3	59	45	459	52.687500	B3	59	62	
472	82.646875	F#3	54	52	462	52.875000	F#3	54	62	
473	82.672917	D3	50	45	461	52.875000	D3	50	62	
474	82.676042	B4	71	67	460	52.875000	B4	71	75	
475	82.901042	B3	59	47	463	53.062500	B3	59	62	
476	83.131250	F#3	54	53	466	53.250000	F#3	54	49	
477	83.134375	C#3	49	45	465	53.250000	C#3	49	49	
478	83.169792	A4	69	76	464	53.250000	A4	69	62	
479	83.381250	C#4	61	57	467	53.437500	C#4	61	49	
480	83.622917	B2	47	47	469	53.625000	B2	47	49	
481	83.657292	G#4	68	72	468	53.625000	G#4	68	62	
482	83.898958	D4	62	53	471	53.812500	D4	62	49	
483	84.204167	C#3	49	48	473	54.000000	C#3	49	36	
484	84.305208	C#5	73	70	472	54.000000	C#5	73	62	
485	84.583333	A3	57	45	474	54.187500	A3	57	36	
486	84.832292	C#4	61	51	475	54.375000	C#4	61	36	
487	85.060417	A3	57	50	476	54.562500	A3	57	36	
488	85.297917	C#3	49	51	477	54.750000	C#3	49	36	
489	85.530208	A4	69	53	*	-1	*	-1	-1	
490	85.532292	A3	57	50	478	54.937500	A3	57	36	
491	85.784375	F#4	66	64	479	55.125000	F#4	66	62	
492	85.787500	C#4	61	51	480	55.125000	C#4	61	36	
493	85.973958	A3	57	51	481	55.312500	A3	57	36	
494	86.223958	C#3	49	46	483	55.500000	C#3	49	36	
495	86.343750	A4	69	70	482	55.500000	A4	69	62	
496	86.643750	B3	59	48	484	55.687500	B3	59	36	
497	86.905208	C#4	61	48	485	55.875000	C#4	61	36	
498	87.154167	B3	59	43	487	56.062500	B3	59	36	
499	87.185417	G#4	68	61	486	56.062500	G#4	68	62	
500	87.691667	G#4	68	55	488	56.250000	G#4	68	62	
501	87.722917	D3	50	42	489	56.250000	D3	50	36	
502	87.727083	A3	57	37	490	56.250000	A3	57	36	
503	88.810417	F#4	66	39	491	57.000000	F#4	66	36	
504	89.312500	F#4	66	48	492	57.375000	F#4	66	36	
505	89.817708	F#4	66	49	493	57.750000	F#4	66	36	
506	90.294792	F#4	66	52	494	58.125000	F#4	66	36	
507	90.894792	C4	60	47	495	58.500000	C4	60	36	
508	90.905208	D3	50	37	497	58.500000	D3	50	64	
509	90.914583	G#3	56	41	496	58.500000	G#3	56	36	
510	91.987500	A3	57	36	498	59.250000	A3	57	36	
511	92.531250	A3	57	37	499	59.625000	A3	57	36	
512	93.041667	A3	57	35	500	60.000000	A3	57	36	
513	93.563542	A3	57	31	501	60.375000	A3	57	36	
514	94.265625	G#4	68	42	502	60.750000	G#4	68	62	
515	94.277083	A3	57	32	504	60.750000	A3	57	36	
516	94.285417	C#3	49	34	503	60.750000	C#3	49	36	
517	95.441667	F#5	78	35	*	-1	*	-1	-1	
518	95.443750	F#4	66	39	505	61.500000	F#4	66	36	
519	95.994792	F#5	78	42	*	-1	*	-1	-1	
520	95.995833	F#4	66	48	506	61.875000	F#4	66	36	
521	96.487500	F#4	66	44	507	62.250000	F#4	66	36	
522	96.980208	F#4	66	45	508	62.625000	F#4	66	36	
523	97.631250	C#4	61	35	509	63.000000	C#4	61	36	
524	97.641667	C#3	49	34	512	63.000000	C#3	49	64	
525	97.648958	G#3	56	36	510	63.000000	G#3	56	36	
526	97.648958	B3	59	36	511	63.000000	B3	59	36	
527	98.805208	A3	57	32	514	63.750000	A3	57	36	
528	98.806250	F#3	54	32	513	63.750000	F#3	54	36	
529	99.346875	A3	57	28	516	64.125000	A3	57	36	
530	99.353125	F#3	54	25	515	64.125000	F#3	54	36	
531	99.846875	F#3	54	32	517	64.500000	F#3	54	36	
532	99.846875	A3	57	25	518	64.500000	A3	57	36	
533	100.365625	A3	57	27	520	64.875000	A3	57	36	
534	100.373958	F#3	54	22	519	64.875000	F#3	54	36	
535	100.383333	C#3	49	12	*	-1	*	-1	-1	
536	101.123958	Eb3	51	20	522	65.250000	Eb3	51	36	
537	101.125000	C3	48	21	525	65.250000	C3	48	64	
538	101.125000	A3	57	27	524	65.250000	A3	57	36	
539	101.133333	A4	69	44	521	65.250000	A4	69	36	
540	101.135417	F#3	54	25	523	65.250000	F#3	54	36	
541	102.321875	F#4	66	28	526	66.000000	F#4	66	36	
542	102.898958	F#4	66	38	527	66.375000	F#4	66	36	
543	103.394792	F#4	66	43	528	66.750000	F#4	66	36	
544	103.886458	F#4	66	53	529	67.125000	F#4	66	36	
545	104.565625	A4	69	53	530	67.500000	A4	69	36	
546	104.577083	Eb3	51	28	531	67.500000	Eb3	51	36	
547	104.577083	A3	57	27	533	67.500000	A3	57	36	
548	104.583333	F#3	54	35	532	67.500000	F#3	54	36	
549	104.586458	B2	47	22	534	67.500000	B2	47	64	
550	105.760417	F#4	66	36	535	68.250000	F#4	66	36	
551	106.326042	F#5	78	42	*	-1	*	-1	-1	
552	106.327083	F#4	66	47	536	68.625000	F#4	66	36	
553	106.834375	F#4	66	63	537	69.000000	F#4	66	36	
554	106.834375	F#5	78	53	*	-1	*	-1	-1	
555	107.334375	F#5	78	63	*	-1	*	-1	-1	
556	107.336458	F#4	66	69	538	69.375000	F#4	66	36	
557	107.984375	B4	71	65	539	69.750000	B4	71	49	
558	107.993750	G3	55	33	542	69.750000	G3	55	36	
559	108.010417	D3	50	30	541	69.750000	D3	50	36	
560	108.040625	B2	47	33	540	69.750000	B2	47	36	
561	108.604167	G4	67	74	543	70.125000	G4	67	49	
562	109.211458	E3	52	34	547	70.500000	E3	52	49	
563	109.214583	A3	57	43	548	70.500000	A3	57	49	
564	109.227083	A2	45	39	545	70.500000	A2	45	49	
565	109.228125	C3	48	36	546	70.500000	C3	48	49	
566	109.232292	C5	72	67	544	70.500000	C5	72	62	
567	109.239583	C4	60	34	*	-1	*	-1	-1	
568	109.823958	A4	69	63	549	70.875000	A4	69	62	
569	110.404167	D3	50	33	551	71.250000	D3	50	36	
570	110.410417	A2	45	28	*	-1	*	-1	-1	
571	110.412500	G4	67	46	550	71.250000	G4	67	49	
572	110.421875	A3	57	32	552	71.250000	A3	57	36	
573	110.427083	C4	60	26	553	71.250000	C4	60	36	
574	110.994792	F#4	66	48	554	71.625000	F#4	66	49	
575	111.953125	G2	43	35	558	72.000000	G2	43	36	
576	112.036458	E5	76	53	557	72.000000	E5	76	75	
577	112.071875	B4	71	48	556	72.000000	B4	71	70	
578	112.083333	G4	67	44	555	72.000000	G4	67	65	
579	112.608333	D3	50	52	559	72.248437	D3	50	36	
580	112.932292	G3	55	56	560	72.500000	G3	55	36	
581	113.268750	B3	59	42	562	72.750000	B3	59	36	
582	113.308333	D5	74	47	*	-1	*	-1	-1	
583	113.313542	G4	67	22	*	-1	*	-1	-1	
584	113.613542	D5	74	64	565	72.998437	D5	74	49	
585	113.626042	G3	55	49	566	72.998437	G3	55	36	
586	113.640625	B4	71	50	564	72.998437	B4	71	49	
587	113.652083	G4	67	45	563	72.998437	G4	67	49	
588	113.893750	D5	74	63	569	73.250000	D5	74	49	
589	113.904167	D3	50	48	570	73.250000	D3	50	36	
590	113.911458	B4	71	56	568	73.250000	B4	71	49	
591	113.921875	G4	67	46	567	73.250000	G4	67	49	
592	114.183333	D5	74	67	573	73.500000	D5	74	49	
593	114.216667	B3	59	49	574	73.500000	B3	59	36	
594	114.218750	B4	71	50	572	73.500000	B4	71	49	
595	114.222917	G4	67	46	571	73.500000	G4	67	49	
596	114.466667	D5	74	58	577	73.748437	D5	74	49	
597	114.471875	G3	55	46	578	73.748437	G3	55	36	
598	114.482292	B4	71	49	576	73.748437	B4	71	49	
599	114.509375	G4	67	39	575	73.748437	G4	67	49	
600	114.735417	D3	50	43	582	74.000000	D3	50	36	
601	114.737500	D5	74	60	581	74.000000	D5	74	49	
602	114.758333	B4	71	51	580	74.000000	B4	71	49	
603	114.773958	G4	67	42	579	74.000000	G4	67	49	
604	115.060417	G2	43	45	585	74.250000	G2	43	36	
605	115.131250	B4	71	56	584	74.250000	B4	71	49	
606	115.159375	G4	67	40	583	74.250000	G4	67	49	
607	115.161458	D4	62	45	*	-1	*	-1	-1	
608	115.466667	D3	50	40	586	74.498437	D3	50	36	
609	115.740625	G3	55	47	587	74.750000	G3	55	36	
610	116.000000	B3	59	51	588	75.000000	B3	59	36	
611	116.284375	G3	55	46	590	75.248437	G3	55	36	
612	116.285417	D4	62	48	589	75.248437	D4	62	49	
613	116.547917	G4	67	61	591	75.500000	G4	67	49	
614	116.812500	B4	71	66	593	75.750000	B4	71	49	
615	116.813542	B3	59	56	594	75.750000	B3	59	36	
616	117.056250	G3	55	54	596	75.998437	G3	55	36	
617	117.066667	G4	67	70	595	75.998437	G4	67	49	
618	117.313542	D3	50	42	598	76.250000	D3	50	36	
619	117.320833	B4	71	75	597	76.250000	B4	71	49	
620	117.639583	F#2	42	52	602	76.500000	F#2	42	36	
621	117.751042	E5	76	70	601	76.500000	E5	76	49	
622	117.754167	C5	72	60	600	76.500000	C5	72	49	
623	117.766667	A4	69	61	599	76.500000	A4	69	49	
624	118.232292	D3	50	26	603	76.748437	D3	50	36	
625	118.430208	A3	57	47	604	77.000000	A3	57	36	
626	118.695833	D5	74	60	605	77.250000	D5	74	49	
627	118.707292	A4	69	44	*	-1	*	-1	-1	
628	118.714583	C4	60	45	606	77.250000	C4	60	36	
629	119.014583	D5	74	60	609	77.498437	D5	74	49	
630	119.016667	A4	69	61	607	77.498437	A4	69	49	
631	119.016667	C5	72	67	608	77.498437	C5	72	49	
632	119.026042	A3	57	44	610	77.498437	A3	57	36	
633	119.027083	C4	60	36	*	-1	*	-1	-1	
634	119.265625	D3	50	49	614	77.750000	D3	50	36	
635	119.266667	D5	74	67	613	77.750000	D5	74	49	
636	119.285417	A4	69	65	611	77.750000	A4	69	49	
637	119.286458	C5	72	65	612	77.750000	C5	72	49	
638	119.305208	D4	62	38	*	-1	*	-1	-1	
639	119.532292	D5	74	66	617	78.000000	D5	74	49	
640	119.536458	C5	72	67	616	78.000000	C5	72	49	
641	119.551042	A4	69	64	615	78.000000	A4	69	49	
642	119.555208	C4	60	49	618	78.000000	C4	60	36	
643	119.790625	D5	74	60	621	78.248437	D5	74	49	
644	119.802083	C5	72	70	620	78.248437	C5	72	49	
645	119.808333	A3	57	36	622	78.248437	A3	57	36	
646	119.812500	C4	60	49	*	-1	*	-1	-1	
647	119.812500	A4	69	71	619	78.248437	A4	69	49	
648	120.051042	D3	50	46	626	78.500000	D3	50	36	
649	120.053125	D5	74	59	625	78.500000	D5	74	49	
650	120.055208	C5	72	62	624	78.500000	C5	72	49	
651	120.056250	C4	60	40	*	-1	*	-1	-1	
652	120.068750	A4	69	67	623	78.500000	A4	69	49	
653	120.334375	F#2	42	47	629	78.750000	F#2	42	36	
654	120.393750	A4	69	68	628	78.750000	A4	69	49	
655	120.410417	D4	62	50	627	78.750000	D4	62	49	
656	120.714583	D3	50	52	630	78.998437	D3	50	36	
657	120.942708	A3	57	48	631	79.250000	A3	57	36	
658	121.195833	C4	60	47	632	79.500000	C4	60	36	
659	121.437500	D4	62	56	633	79.748437	D4	62	49	
660	121.463542	A3	57	37	634	79.748437	A3	57	36	
661	121.690625	D3	50	49	636	80.000000	D3	50	36	
662	121.695833	A4	69	70	635	80.000000	A4	69	49	
663	121.972917	C5	72	70	637	80.250000	C5	72	49	
664	121.994792	C4	60	41	638	80.250000	C4	60	36	
665	122.212500	A4	69	79	639	80.498437	A4	69	49	
666	122.214583	A3	57	47	640	80.498437	A3	57	36	
667	122.264583	C4	60	39	*	-1	*	-1	-1	
668	122.441667	D3	50	42	642	80.750000	D3	50	36	
669	122.453125	C5	72	88	641	80.750000	C5	72	49	
670	122.454167	A4	69	67	*	-1	*	-1	-1	
671	122.756250	G2	43	54	646	81.000000	G2	43	36	
672	122.863542	E5	76	71	643	81.000000	E5	76	49	
673	122.878125	B4	71	59	645	81.000000	B4	71	36	
674	122.905208	G4	67	41	644	81.000000	G4	67	36	
675	123.242708	D3	50	49	647	81.248437	D3	50	36	
676	123.544792	D5	74	74	649	81.562500	D5	74	49	
677	123.544792	D6	86	66	*	-1	*	-1	-1	
678	123.545833	G3	55	40	648	81.500000	G3	55	36	
679	123.555208	B4	71	49	*	-1	*	-1	-1	
680	123.885417	B4	71	71	650	81.750000	B4	71	49	
681	123.891667	B3	59	41	652	81.750000	B3	59	36	
682	123.895833	G4	67	57	651	81.750000	G4	67	36	
683	124.193750	C5	72	82	653	81.998437	C5	72	49	
684	124.202083	G3	55	51	656	81.998437	G3	55	36	
685	124.214583	G4	67	61	654	81.998437	G4	67	36	
686	124.223958	A4	69	51	655	81.998437	B4	71	36	
687	124.453125	D5	74	79	657	82.250000	D5	74	49	
688	124.482292	A4	69	55	*	-1	*	-1	-1	
689	124.487500	B4	71	51	659	82.250000	B4	71	36	
690	124.493750	G4	67	56	658	82.250000	G4	67	36	
691	124.722917	E5	76	83	661	82.500000	E5	76	49	
692	124.744792	B4	71	62	663	82.500000	B4	71	36	
693	124.745833	G4	67	55	662	82.500000	G4	67	36	
694	124.747917	B3	59	60	664	82.500000	B3	59	36	
695	124.982292	G3	55	59	668	82.748437	G3	55	36	
696	124.982292	F#5	78	87	665	82.748437	F#5	78	49	
697	124.993750	B4	71	59	667	82.748437	B4	71	36	
698	125.238542	D3	50	56	672	83.000000	D3	50	36	
699	125.238542	G5	79	87	669	83.000000	G5	79	49	
700	125.244792	B4	71	55	671	83.000000	B4	71	36	
701	125.254167	G4	67	55	670	83.000000	G4	67	36	
702	125.581250	D2	38	47	676	83.250000	F#2	42	36	
703	125.596875	A3	57	43	*	-1	*	-1	-1	
704	125.651042	B4	71	75	673	83.250000	B4	71	49	
705	125.665625	D4	62	48	674	83.250000	D4	62	36	
706	125.666667	F#4	66	54	675	83.250000	F#4	66	36	
707	125.973958	D3	50	53	677	83.498437	D3	50	36	
708	126.245833	A4	69	76	679	83.812500	A4	69	49	
709	126.258333	A3	57	53	678	83.750000	A3	57	36	
710	126.566667	C5	72	52	*	-1	*	-1	-1	
711	126.578125	F#4	66	67	680	84.000000	F#4	66	49	
712	126.600000	D4	62	53	681	84.000000	D4	62	36	
713	126.801042	A4	69	60	*	-1	*	-1	-1	
714	126.813542	A3	57	54	686	84.248437	A3	57	36	
715	126.846875	G4	67	79	683	84.248437	G4	67	49	
716	126.853125	D4	62	58	684	84.248437	D4	62	36	
717	127.092708	A5	81	78	*	-1	*	-1	-1	
718	127.093750	A4	69	82	687	84.500000	A4	69	49	
719	127.103125	D3	50	55	690	84.500000	D3	50	36	
720	127.112500	D4	62	51	688	84.500000	D4	62	36	
721	127.354167	B4	71	78	691	84.750000	B4	71	49	
722	127.364583	A3	57	45	694	84.750000	A3	57	36	
723	127.383333	A4	69	61	693	84.750000	F#4	66	36	
724	127.386458	D4	62	27	692	84.750000	D4	62	36	
725	127.603125	C5	72	84	695	84.998437	C5	72	49	
726	127.617708	D3	50	58	698	84.998437	F#3	54	36	
727	127.631250	D4	62	59	696	84.998437	D4	62	36	
728	127.853125	C3	48	65	702	85.250000	C3	48	36	
729	127.853125	D5	74	80	699	85.250000	D5	74	49	
730	127.864583	D3	50	58	*	-1	*	-1	-1	
731	127.865625	D4	62	55	700	85.250000	D4	62	36	
732	127.884375	B4	71	43	701	85.250000	F#4	66	36	
733	128.157292	E2	40	58	705	85.500000	E2	40	36	
734	128.237500	G4	67	71	703	85.500000	G4	67	49	
735	128.242708	B3	59	67	704	85.500000	B3	59	36	
736	128.572917	B2	47	57	706	85.748437	B2	47	36	
737	128.811458	G3	55	69	707	86.000000	G3	55	36	
738	128.813542	G4	67	59	*	-1	*	-1	-1	
739	128.926042	A4	69	80	708	86.062500	A4	69	49	
740	128.926042	A5	81	73	*	-1	*	-1	-1	
741	129.036458	B5	83	79	*	-1	*	-1	-1	
742	129.037500	B4	71	82	709	86.156250	B4	71	49	
743	129.144792	F#2	42	62	713	86.250000	F#2	42	36	
744	129.181250	C6	84	77	*	-1	*	-1	-1	
745	129.186458	C5	72	82	710	86.250000	C5	72	49	
746	129.196875	A4	69	70	712	86.250000	A4	69	36	
747	129.221875	D4	62	66	711	86.250000	D4	62	36	
748	129.508333	D3	50	58	714	86.498437	D3	50	36	
749	129.780208	A4	69	57	*	-1	*	-1	-1	
750	129.782292	A3	57	55	715	86.750000	A3	57	36	
751	129.904167	E5	76	68	716	86.812500	E5	76	49	
752	129.905208	C5	72	50	*	-1	*	-1	-1	
753	130.042708	D5	74	64	717	86.906250	D5	74	49	
754	130.202083	G2	43	47	720	87.000000	G2	43	36	
755	130.243750	B4	71	66	718	87.000000	B4	71	49	
756	130.258333	G4	67	55	719	87.000000	G4	67	36	
757	130.555208	D3	50	50	721	87.248437	D3	50	36	
758	130.855208	B3	59	57	722	87.500000	B3	59	36	
759	131.305208	G2	43	42	726	87.750000	G2	43	62	
760	131.409375	E5	76	78	725	87.750000	E5	76	75	
761	131.435417	B4	71	59	724	87.750000	B4	71	75	
762	131.452083	G4	67	52	723	87.750000	G4	67	75	
763	131.872917	D3	50	56	727	87.998437	D3	50	62	
764	132.156250	G3	55	68	728	88.250000	G3	55	62	
765	132.414583	D5	74	71	729	88.500000	D5	74	75	
766	132.425000	B4	71	55	*	-1	*	-1	-1	
767	132.445833	B3	59	55	730	88.500000	B3	59	62	
768	132.446875	G4	67	39	*	-1	*	-1	-1	
769	132.713542	D5	74	75	733	88.748437	D5	74	75	
770	132.717708	G3	55	51	734	88.748437	G3	55	62	
771	132.727083	B4	71	64	732	88.748437	B4	71	75	
772	132.753125	G4	67	54	731	88.748437	G4	67	75	
773	132.980208	D5	74	82	737	89.000000	D5	74	75	
774	132.982292	D3	50	54	738	89.000000	D3	50	62	
775	132.987500	B4	71	71	736	89.000000	B4	71	75	
776	132.992708	G4	67	60	735	89.000000	G4	67	75	
777	133.237500	D5	74	81	741	89.250000	D5	74	75	
778	133.240625	B4	71	74	740	89.250000	B4	71	75	
779	133.244792	B3	59	56	742	89.250000	B3	59	62	
780	133.248958	G4	67	65	739	89.250000	G4	67	75	
781	133.453125	G3	55	63	746	89.498437	G3	55	62	
782	133.487500	D5	74	83	745	89.498437	D5	74	75	
783	133.493750	B4	71	75	744	89.498437	B4	71	75	
784	133.497917	G4	67	69	743	89.498437	G4	67	75	
785	133.686458	D3	50	55	750	89.750000	D3	50	62	
786	133.719792	D5	74	88	749	89.750000	D5	74	75	
787	133.725000	B4	71	78	748	89.750000	B4	71	75	
788	133.737500	G4	67	73	747	89.750000	G4	67	75	
789	133.994792	E2	40	65	754	90.000000	E2	40	75	
790	134.042708	A5	81	90	753	90.000000	A5	81	88	
791	134.051042	B4	71	71	751	90.000000	B4	71	88	
792	134.055208	E5	76	71	752	90.000000	E5	76	88	
793	134.317708	E3	52	69	755	90.248437	E3	52	75	
794	134.565625	G3	55	78	756	90.500000	G3	55	75	
795	134.565625	B4	71	57	*	-1	*	-1	-1	
796	134.570833	G4	67	66	*	-1	*	-1	-1	
797	134.843750	B3	59	73	758	90.750000	B3	59	75	
798	134.843750	G5	79	81	757	90.750000	G5	79	88	
799	134.844792	B4	71	66	*	-1	*	-1	-1	
800	135.154167	G3	55	70	762	90.998437	G3	55	75	
801	135.155208	G5	79	83	761	90.998437	G5	79	88	
802	135.162500	E5	76	73	760	90.998437	E5	76	88	
803	135.164583	B4	71	75	759	90.998437	B4	71	88	
804	135.407292	G5	79	82	765	91.250000	G5	79	88	
805	135.411458	E3	52	74	766	91.250000	E3	52	75	
806	135.415625	E5	76	72	764	91.250000	E5	76	88	
807	135.416667	B4	71	73	763	91.250000	B4	71	88	
808	135.656250	G5	79	88	769	91.500000	G5	79	101	
809	135.656250	B5	83	82	*	-1	*	-1	-1	
810	135.657292	B3	59	78	770	91.500000	B3	59	88	
811	135.662500	B4	71	81	767	91.500000	B4	71	101	
812	135.665625	E5	76	76	768	91.500000	E5	76	101	
813	135.902083	G3	55	76	774	91.748437	G3	55	88	
814	135.905208	G5	79	91	773	91.748437	G5	79	101	
815	135.906250	B5	83	80	*	-1	*	-1	-1	
816	135.910417	B4	71	82	771	91.748437	B4	71	101	
817	135.910417	E5	76	81	772	91.748437	E5	76	101	
818	136.143750	E3	52	72	778	92.000000	E3	52	88	
819	136.150000	G5	79	91	777	92.000000	G5	79	101	
820	136.151042	B5	83	85	*	-1	*	-1	-1	
821	136.152083	G3	55	61	*	-1	*	-1	-1	
822	136.152083	B4	71	83	775	92.000000	B4	71	101	
823	136.573958	E6	88	102	781	92.250000	E6	88	114	
824	136.583333	A1	33	81	782	92.250000	A1	33	101	
825	136.583333	E5	76	91	779	92.250000	E5	76	114	
826	136.584375	A2	45	82	783	92.250000	A2	45	101	
827	136.584375	G5	79	90	780	92.250000	G5	79	114	
828	137.562500	C#6	85	86	784	93.000000	C#6	85	114	
829	137.880208	C#6	85	93	787	93.248437	C#6	85	114	
830	137.888542	E5	76	76	785	93.248437	E5	76	114	
831	137.891667	G5	79	75	786	93.248437	G5	79	114	
832	138.140625	C#6	85	101	790	93.500000	C#6	85	114	
833	138.145833	E5	76	86	788	93.500000	E5	76	114	
834	138.146875	G5	79	78	789	93.500000	G5	79	114	
835	138.401042	C#6	85	99	793	93.750000	C#6	85	114	
836	138.405208	E5	76	75	791	93.750000	E5	76	114	
837	138.406250	G5	79	81	792	93.750000	G5	79	114	
838	138.646875	C#6	85	98	796	93.998437	C#6	85	114	
839	138.652083	E5	76	88	794	93.998437	E5	76	114	
840	138.654167	G5	79	85	795	93.998437	G5	79	114	
841	138.875000	C#6	85	102	799	94.250000	C#6	85	114	
842	138.881250	E5	76	88	797	94.250000	E5	76	114	
843	138.881250	G5	79	92	798	94.250000	G5	79	114	
844	139.245833	E6	88	104	802	94.500000	E6	88	114	
845	139.251042	G#5	80	86	801	94.500000	G#5	80	114	
846	139.253125	Bb3	58	83	804	94.500000	Bb3	58	101	
847	139.254167	Bb2	46	78	803	94.500000	Bb2	46	101	
848	139.254167	E5	76	88	800	94.500000	E5	76	114	
849	140.245833	D5	74	52	806	95.250000	G#5	80	114	
850	140.253125	Bb2	46	62	809	95.250000	Bb2	46	101	
851	140.270833	F3	53	44	805	95.250000	E5	76	114	
852	140.271875	Bb1	34	47	808	95.250000	Bb1	34	101	
853	140.306250	D6	86	97	807	95.250000	D6	86	114	
854	140.623958	Bb2	46	70	811	95.498437	Bb2	46	101	
855	140.636458	Bb1	34	53	810	95.498437	Bb1	34	101	
856	140.884375	Bb2	46	72	813	95.750000	Bb2	46	101	
857	140.890625	Bb1	34	56	812	95.750000	Bb1	34	101	
858	141.150000	Bb2	46	72	815	96.000000	Bb2	46	101	
859	141.154167	Bb1	34	54	814	96.000000	Bb1	34	101	
860	141.414583	Bb2	46	65	817	96.248438	Bb2	46	101	
861	141.416667	Bb1	34	55	816	96.248438	Bb1	34	101	
862	141.664583	Bb2	46	62	819	96.500000	Bb2	46	101	
863	141.670833	Bb1	34	55	818	96.500000	Bb1	34	101	
864	142.093750	A1	33	50	823	96.750000	A1	33	36	
865	142.094792	A2	45	50	824	96.750000	A2	45	36	
866	142.176042	E5	76	67	820	96.750000	E5	76	49	
867	142.185417	E4	64	57	821	96.750000	E4	64	36	
868	142.204167	G4	67	50	822	96.750000	G4	67	36	
869	143.083333	C#5	73	61	825	97.500000	C#5	73	49	
870	143.122917	G4	67	19	*	-1	*	-1	-1	
871	143.395833	C#5	73	64	826	97.748438	C#5	73	49	
872	143.435417	E4	64	41	827	97.748438	E4	64	36	
873	143.442708	G4	67	42	828	97.748438	G4	67	36	
874	143.667708	C#5	73	78	829	98.000000	C#5	73	49	
875	143.714583	E4	64	44	830	98.000000	E4	64	36	
876	143.714583	G4	67	47	831	98.000000	G4	67	36	
877	143.931250	C#5	73	84	832	98.250000	C#5	73	49	
878	143.957292	E4	64	55	833	98.250000	E4	64	36	
879	143.963542	G4	67	57	834	98.250000	G4	67	36	
880	144.193750	C#5	73	85	835	98.498438	C#5	73	49	
881	144.203125	E4	64	67	836	98.498438	E4	64	36	
882	144.223958	G4	67	61	837	98.498438	G4	67	36	
883	144.453125	C#5	73	87	838	98.750000	C#5	73	49	
884	144.472917	E4	64	61	839	98.750000	E4	64	36	
885	144.473958	G4	67	63	840	98.750000	G4	67	36	
886	144.735417	Bb2	46	53	844	99.000000	Bb2	46	36	
887	144.826042	E5	76	75	843	99.000000	E5	76	49	
888	144.833333	E4	64	61	841	99.000000	E4	64	49	
889	144.836458	C#5	73	60	*	-1	*	-1	-1	
890	144.839583	G#4	68	67	842	99.000000	G#4	68	49	
891	145.682292	Bb1	34	42	846	99.750000	Bb1	34	36	
892	145.815625	D5	74	68	845	99.750000	D5	74	49	
893	146.062500	Bb1	34	48	847	99.998438	Bb1	34	36	
894	146.347917	Bb1	34	53	848	100.250000	Bb1	34	36	
895	146.353125	Bb2	46	39	*	-1	*	-1	-1	
896	146.578125	Bb1	34	48	849	100.500000	Bb1	34	36	
897	146.605208	Bb2	46	34	*	-1	*	-1	-1	
898	146.855208	Bb1	34	45	850	100.748438	Bb1	34	36	
899	146.863542	Bb2	46	40	*	-1	*	-1	-1	
900	147.115625	Bb1	34	48	851	101.000000	Bb1	34	36	
901	147.473958	A1	33	41	855	101.250000	A1	33	36	
902	147.578125	C#5	73	76	854	101.250000	C#5	73	36	
903	147.592708	A4	69	63	853	101.250000	A4	69	36	
904	147.598958	A2	45	43	*	-1	*	-1	-1	
905	147.603125	E4	64	44	852	101.250000	E4	64	36	
906	148.628125	A4	69	59	858	102.000000	A4	69	36	
907	148.634375	C#4	61	41	856	102.000000	C#4	61	36	
908	148.634375	E4	64	42	857	102.000000	E4	64	36	
909	148.927083	A2	45	46	859	102.248438	A2	45	36	
910	149.195833	A2	45	50	860	102.500000	A2	45	36	
911	149.464583	A2	45	48	861	102.750000	A2	45	36	
912	149.761458	A2	45	45	862	102.998438	A2	45	36	
913	150.036458	A2	45	37	863	103.250000	A2	45	36	
914	150.380208	A1	33	32	867	103.500000	A1	33	36	
915	150.435417	B4	71	56	866	103.500000	B4	71	36	
916	150.473958	D4	62	33	864	103.500000	D4	62	36	
917	150.473958	G4	67	36	865	103.500000	G4	67	36	
918	151.393750	G4	67	46	870	104.250000	G4	67	36	
919	151.416667	D4	62	31	869	104.250000	D4	62	36	
920	151.419792	B3	59	36	868	104.250000	B3	59	36	
921	151.719792	A2	45	44	871	104.498438	A2	45	36	
922	152.004167	A2	45	49	*	-1	*	-1	-1	
923	152.264583	A2	45	45	872	104.750000	A2	45	36	
924	152.557292	A2	45	48	873	105.000000	A2	45	36	
925	152.826042	A2	45	40	874	105.248438	A2	45	36	
926	153.157292	A2	45	35	875	105.500000	A2	45	36	
927	153.273958	A4	69	56	878	105.750000	A4	69	36	
928	153.284375	F#4	66	44	877	105.750000	F#4	66	36	
929	153.313542	D4	62	34	876	105.750000	D4	62	36	
930	154.244792	F#4	66	44	882	106.514611	F#4	66	36	
931	154.245833	A4	69	39	*	-1	*	-1	-1	
932	154.254167	D4	62	34	881	106.514611	D4	62	36	
933	154.276042	A3	57	27	880	106.514611	A3	57	36	
934	154.277083	A2	45	25	*	-1	*	-1	-1	
935	154.546875	A1	33	31	883	106.783192	A1	33	36	
936	154.846875	A1	33	40	884	107.060861	A1	33	36	
937	155.107292	A1	33	41	885	107.342551	A1	33	36	
938	155.394792	A1	33	33	886	107.639193	A1	33	36	
939	155.672917	A1	33	29	887	107.946562	A1	33	36	
940	156.083333	A2	45	37	892	108.259062	A2	45	36	
941	156.190625	G4	67	47	891	108.259062	G4	67	36	
942	156.201042	A3	57	39	888	108.259062	A3	57	36	
943	156.201042	E4	64	36	890	108.259062	E4	64	36	
944	156.203125	C#4	61	25	889	108.259062	C#4	61	36	
945	157.353125	E4	64	33	896	109.268107	E4	64	36	
946	157.370833	C#4	61	27	895	109.268107	C#4	61	36	
947	157.373958	G3	55	32	893	109.268107	G3	55	36	
948	157.376042	A3	57	27	894	109.268107	A3	57	36	
949	157.683333	A1	33	34	897	109.636163	A1	33	36	
950	158.000000	A1	33	36	898	110.008848	A1	33	36	
951	158.313542	A1	33	30	899	110.379218	A1	33	36	
952	158.645833	A1	33	31	900	110.747274	A1	33	36	
953	159.018750	A1	33	34	901	111.119959	A1	33	36	
954	160.061458	B4	71	46	904	111.490329	B4	71	62	
955	160.087500	F#4	66	31	903	111.490329	F#4	66	57	
956	160.088542	D3	50	34	905	111.490329	D3	50	36	
957	160.088542	D4	62	32	902	111.490329	D4	62	52	
958	160.104167	F#3	54	29	906	111.490329	F#3	54	36	
959	161.203125	A4	69	47	907	112.240329	A4	69	36	
960	161.713542	A4	69	53	910	112.615329	A4	69	36	
961	161.727083	D4	62	36	908	112.615329	D4	62	36	
962	161.738542	F#4	66	35	909	112.615329	F#4	66	36	
963	162.176042	A4	69	50	913	112.990329	A4	69	36	
964	162.190625	D4	62	39	911	112.990329	D4	62	36	
965	162.190625	F#4	66	38	912	112.990329	F#4	66	36	
966	162.604167	A4	69	51	916	113.365329	A4	69	36	
967	162.620833	F#4	66	46	915	113.365329	F#4	66	36	
968	162.623958	D4	62	39	914	113.365329	D4	62	36	
969	163.164583	B3	59	49	921	113.740329	B3	59	62	
970	163.164583	B4	71	48	*	-1	*	-1	-1	
971	163.196875	D3	50	37	919	113.740329	D3	50	52	
972	163.204167	F#3	54	29	920	113.740329	F#3	54	57	
973	163.207292	F#4	66	27	918	113.740329	F#4	66	36	
974	163.207292	A4	69	33	*	-1	*	-1	-1	
975	164.180208	A3	57	40	922	114.490329	A3	57	36	
976	164.180208	A4	69	41	*	-1	*	-1	-1	
977	164.696875	A3	57	42	926	114.865329	A3	57	36	
978	164.697917	A4	69	45	*	-1	*	-1	-1	
979	164.732292	D3	50	31	924	114.865329	D3	50	36	
980	164.735417	F#3	54	39	925	114.865329	F#3	54	36	
981	164.735417	F#4	66	34	923	114.865329	F#4	66	36	
982	165.186458	A3	57	48	930	115.240329	A3	57	36	
983	165.186458	A4	69	53	*	-1	*	-1	-1	
984	165.202083	D4	62	43	927	115.240329	D4	62	36	
985	165.206250	F#3	54	33	929	115.240329	F#3	54	36	
986	165.212500	D3	50	39	928	115.240329	D3	50	36	
987	165.639583	A4	69	53	*	-1	*	-1	-1	
988	165.643750	F#4	66	59	931	115.615329	F#4	66	36	
989	165.651042	A3	57	41	934	115.615329	A3	57	36	
990	165.654167	D3	50	38	932	115.615329	D3	50	36	
991	165.656250	F#3	54	41	933	115.615329	F#3	54	36	
992	166.204167	C#3	49	33	938	115.990329	C#3	49	36	
993	166.206250	E3	52	38	939	115.990329	E3	52	36	
994	166.285417	B4	71	60	937	115.990329	B4	71	62	
995	166.307292	G4	67	47	936	115.990329	G4	67	57	
996	166.311458	E4	64	37	935	115.990329	E4	64	52	
997	167.391667	A4	69	53	940	116.740329	A4	69	36	
998	167.881250	A3	57	45	946	117.115329	A3	57	36	
999	167.881250	A4	69	52	943	117.115329	A4	69	36	
1000	167.896875	C#3	49	35	944	117.115329	C#3	49	36	
1001	167.896875	E3	52	32	945	117.115329	E3	52	36	
1002	168.362500	E3	52	47	951	117.490329	E3	52	36	
1003	168.365625	C#3	49	47	950	117.490329	C#3	49	36	
1004	168.372917	A4	69	51	949	117.490329	A4	69	36	
1005	168.797917	A4	69	63	954	117.865329	A4	69	36	
1006	168.803125	A3	57	56	957	117.865329	A3	57	36	
1007	168.826042	C#3	49	43	955	117.865329	C#3	49	36	
1008	168.827083	E3	52	36	956	117.865329	E3	52	36	
1009	169.384375	B3	59	46	962	118.240329	B3	59	36	
1010	169.384375	A4	69	39	*	-1	*	-1	-1	
1011	169.394792	C#3	49	35	959	118.240329	C#3	49	36	
1012	169.401042	E3	52	30	960	118.240329	E3	52	36	
1013	169.401042	E4	64	41	958	118.240329	E4	64	36	
1014	169.402083	G3	55	32	961	118.240329	G3	55	36	
1015	169.409375	G4	67	32	*	-1	*	-1	-1	
1016	170.484375	A4	69	38	*	-1	*	-1	-1	
1017	170.485417	A3	57	35	963	118.990329	A3	57	36	
1018	171.009375	A4	69	50	*	-1	*	-1	-1	
1019	171.014583	A3	57	43	968	119.365329	A3	57	36	
1020	171.014583	G4	67	47	964	119.365329	G4	67	36	
1021	171.036458	C#3	49	33	965	119.365329	C#3	49	36	
1022	171.493750	A4	69	46	*	-1	*	-1	-1	
1023	171.494792	A3	57	38	973	119.740329	A3	57	36	
1024	171.501042	E4	64	51	969	119.740329	E4	64	36	
1025	171.521875	C#3	49	29	970	119.740329	C#3	49	36	
1026	171.523958	E3	52	34	971	119.740329	E3	52	36	
1027	171.942708	A3	57	43	978	120.115329	A3	57	36	
1028	171.942708	A4	69	57	*	-1	*	-1	-1	
1029	171.945833	C#3	49	35	975	120.115329	C#3	49	36	
1030	171.946875	E3	52	38	976	120.115329	E3	52	36	
1031	171.947917	G4	67	67	974	120.115329	G4	67	36	
1032	172.473958	D3	50	27	982	120.490329	D3	50	36	
1033	172.475000	F#3	54	34	983	120.490329	F#3	54	36	
1034	172.555208	B4	71	63	981	120.490329	B4	71	62	
1035	172.593750	F#4	66	34	980	120.490329	F#4	66	57	
1036	172.594792	D4	62	32	979	120.490329	D4	62	52	
1037	173.676042	A4	69	59	984	121.240329	A4	69	36	
1038	174.183333	D3	50	36	988	121.615329	D3	50	36	
1039	174.183333	F#3	54	39	989	121.615329	F#3	54	36	
1040	174.223958	A4	69	62	987	121.615329	A4	69	36	
1041	174.250000	D4	62	33	985	121.615329	D4	62	36	
1042	174.259375	F#4	66	39	986	121.615329	F#4	66	36	
1043	174.704167	A4	69	67	992	121.990329	A4	69	36	
1044	174.721875	A3	57	37	995	121.990329	A3	57	36	
1045	174.725000	D3	50	37	993	121.990329	D3	50	36	
1046	174.725000	D4	62	40	990	121.990329	D4	62	36	
1047	174.737500	F#4	66	46	991	121.990329	F#4	66	36	
1048	175.191667	A4	69	70	998	122.365329	A4	69	36	
1049	175.214583	F#3	54	45	1000	122.365329	F#3	54	36	
1050	175.216667	F#2	42	40	*	-1	*	-1	-1	
1051	175.219792	D3	50	41	999	122.365329	D3	50	36	
1052	175.223958	D4	62	40	996	122.365329	D4	62	36	
1053	175.223958	F#4	66	46	997	122.365329	F#4	66	36	
1054	175.881250	C#4	61	46	1005	122.740329	C#4	61	62	
1055	175.893750	F#3	54	46	1004	122.740329	F#3	54	57	
1056	175.909375	B2	47	40	1003	122.740329	B2	47	52	
1057	175.912500	E5	76	65	1002	122.740329	E5	76	62	
1058	175.947917	F#4	66	42	1001	122.740329	F#4	66	54	
1059	177.135417	B4	71	45	*	-1	*	-1	-1	
1060	177.141667	B3	59	45	1007	123.490329	B3	59	36	
1061	177.141667	D5	74	55	1006	123.490329	D5	74	36	
1062	177.650000	D5	74	71	1009	123.865329	D5	74	36	
1063	177.672917	D4	62	52	1011	123.865329	D4	62	36	
1064	177.676042	F#4	66	54	1008	123.865329	F#4	66	36	
1065	177.676042	B4	71	48	*	-1	*	-1	-1	
1066	177.683333	B3	59	49	1010	123.865329	B3	59	36	
1067	178.138542	D5	74	75	1013	124.240329	D5	74	75	
1068	178.150000	A4	69	64	*	-1	*	-1	-1	
1069	178.152083	D4	62	55	1015	124.240329	D4	62	62	
1070	178.154167	F#4	66	67	1012	124.240329	F#4	66	75	
1071	178.157292	A3	57	51	1014	124.240329	A3	57	62	
1072	178.698958	D5	74	86	1017	124.615329	D5	74	75	
1073	178.707292	G3	55	69	1018	124.615329	G3	55	62	
1074	178.707292	B4	71	78	1016	124.615329	B4	71	75	
1075	178.708333	D4	62	63	1019	124.615329	D4	62	62	
1076	178.711458	G4	67	68	*	-1	*	-1	-1	
1077	178.971875	F#2	42	75	1023	124.990329	F#2	42	91	
1078	179.484375	B5	83	103	1022	124.990329	B5	83	114	
1079	179.488542	A4	69	91	1020	124.990329	A4	69	104	
1080	179.492708	D5	74	84	1021	124.990329	D5	74	109	
1081	179.503125	A3	57	77	1025	124.990329	A3	57	101	
1082	179.504167	D3	50	72	1024	124.990329	D3	50	96	
1083	180.654167	A5	81	85	1026	125.740329	A5	81	88	
1084	181.181250	A5	81	91	1029	126.115329	A5	81	88	
1085	181.192708	A3	57	48	1031	126.115329	A3	57	75	
1086	181.195833	D5	74	61	1028	126.115329	D5	74	88	
1087	181.203125	F#3	54	49	1030	126.115329	F#3	54	75	
1088	181.204167	A4	69	58	1027	126.115329	A4	69	88	
1089	181.207292	D4	62	45	1032	126.115329	D4	62	75	
1090	181.634375	D4	62	55	1038	126.490329	D4	62	75	
1091	181.648958	A5	81	93	1035	126.490329	A5	81	88	
1092	181.654167	F#3	54	50	1036	126.490329	F#3	54	75	
1093	181.654167	A3	57	53	1037	126.490329	A3	57	75	
1094	181.676042	D5	74	59	1034	126.490329	D5	74	88	
1095	181.680208	A4	69	63	1033	126.490329	A4	69	88	
1096	182.123958	D6	86	100	1040	126.865329	D6	86	88	
1097	182.131250	A3	57	52	1041	126.865329	A3	57	75	
1098	182.133333	F#4	66	50	1043	126.865329	F#4	66	75	
1099	182.139583	A4	69	58	*	-1	*	-1	-1	
1100	182.152083	D4	62	48	1042	126.865329	D4	62	75	
1101	182.155208	D5	74	56	1039	126.865329	D5	74	88	
1102	182.727083	A4	69	45	1045	127.240329	A4	69	70	
1103	182.728125	D4	62	41	1048	127.240329	D4	62	62	
1104	182.733333	A3	57	43	1047	127.240329	A3	57	54	
1105	182.822917	F#5	78	84	1046	127.240329	F#5	78	75	
1106	182.841667	A4	69	54	*	-1	*	-1	-1	
1107	182.863542	G4	67	44	1044	127.240329	G4	67	65	
1108	183.911458	C#4	61	45	1050	127.990329	C#4	61	36	
1109	183.912500	E5	76	59	1049	127.990329	E5	76	49	
1110	184.428125	E5	76	64	1053	128.365329	E5	76	49	
1111	184.456250	B4	71	46	1052	128.365329	B4	71	49	
1112	184.462500	B3	59	44	1055	128.365329	B3	59	36	
1113	184.463542	A3	57	42	1054	128.365329	A3	57	36	
1114	184.463542	A4	69	48	*	-1	*	-1	-1	
1115	184.515625	G4	67	32	1051	128.365329	G4	67	49	
1116	184.928125	E5	76	63	1058	128.740329	E5	76	49	
1117	184.933333	C#4	61	41	1060	128.740329	C#4	61	36	
1118	184.937500	A4	69	55	1057	128.740329	A4	69	49	
1119	184.998958	G4	67	34	1056	128.740329	G4	67	49	
1120	185.443750	A3	57	40	1064	129.115329	A3	57	36	
1121	185.445833	A4	69	50	*	-1	*	-1	-1	
1122	185.447917	A5	81	64	1063	129.115329	A5	81	49	
1123	185.466667	G4	67	42	1061	129.115329	G4	67	49	
1124	185.475000	C#5	73	49	1062	129.115329	C#5	73	49	
1125	186.204167	Bb4	70	60	1066	129.490329	Bb4	70	36	
1126	186.204167	Bb5	82	54	*	-1	*	-1	-1	
1127	186.234375	D4	62	33	1065	129.490329	D4	62	36	
1128	186.244792	D3	50	33	1068	129.490329	D3	50	36	
1129	186.248958	F3	53	27	1069	129.490329	F3	53	36	
1130	186.255208	F2	41	32	1067	129.490329	F2	41	36	
1131	187.294792	A4	69	56	1070	130.240329	A4	69	36	
1132	187.833333	A4	69	54	1072	130.615329	A4	69	36	
1133	187.859375	F2	41	33	1073	130.615329	F2	41	36	
1134	187.859375	F3	53	28	1075	130.615329	F3	53	36	
1135	187.863542	D4	62	39	1071	130.615329	D4	62	36	
1136	187.864583	D3	50	36	1074	130.615329	D3	50	36	
1137	188.334375	A4	69	52	1077	130.990329	A4	69	36	
1138	188.338542	F3	53	29	1080	130.990329	F3	53	36	
1139	188.339583	D3	50	40	1079	130.990329	D3	50	36	
1140	188.357292	F2	41	25	1078	130.990329	F2	41	36	
1141	188.364583	D4	62	34	1076	130.990329	D4	62	36	
1142	188.826042	D5	74	46	1082	131.365329	D5	74	36	
1143	188.843750	A2	45	35	1083	131.365329	A2	45	36	
1144	188.844792	F3	53	33	1085	131.365329	F3	53	36	
1145	188.844792	D4	62	37	1081	131.365329	D4	62	36	
1146	189.461458	F4	65	44	1087	131.740329	F4	65	36	
1147	189.463542	G3	55	36	1089	131.740329	G3	55	36	
1148	189.469792	A2	45	32	1088	131.740329	A2	45	36	
1149	189.477083	C#4	61	36	1086	131.740329	C#4	61	36	
1150	189.489583	G4	67	34	*	-1	*	-1	-1	
1151	190.563542	E4	64	34	1091	132.490329	E4	64	36	
1152	191.096875	G3	55	37	1095	132.865329	G3	55	36	
1153	191.100000	E4	64	38	1093	132.865329	E4	64	36	
1154	191.114583	G4	67	33	*	-1	*	-1	-1	
1155	191.117708	C#4	61	32	1092	132.865329	C#4	61	36	
1156	191.122917	A2	45	27	1094	132.865329	A2	45	36	
1157	191.618750	G3	55	31	1099	133.240329	G3	55	36	
1158	191.622917	E4	64	41	1097	133.240329	E4	64	36	
1159	191.625000	A2	45	28	1098	133.240329	A2	45	36	
1160	191.636458	C#4	61	26	1096	133.240329	C#4	61	36	
1161	192.115625	A2	45	27	1102	133.615329	A2	45	36	
1162	192.115625	G3	55	33	1103	133.615329	G3	55	36	
1163	192.195833	A4	69	46	1101	133.615329	A4	69	36	
1164	192.202083	C#4	61	18	1100	133.615329	C#4	61	36	
1165	192.933333	F3	53	30	1105	133.990329	F3	53	36	
1166	193.035417	E5	76	52	1104	133.990329	E5	76	36	
1167	193.072917	E4	64	17	*	-1	*	-1	-1	
1168	193.339583	A3	57	27	1106	134.177829	A3	57	36	
1169	193.602083	D4	62	36	1107	134.365329	D4	62	36	
1170	193.828125	A3	57	35	1108	134.552829	A3	57	36	
1171	194.084375	D5	74	49	1109	134.740329	D5	74	36	
1172	194.295833	A3	57	33	1111	134.927829	A3	57	36	
1173	194.547917	D4	62	49	1113	135.115329	D4	62	36	
1174	194.557292	D5	74	62	1112	135.115329	D5	74	36	
1175	194.777083	A4	69	51	*	-1	*	-1	-1	
1176	194.779167	A3	57	47	1114	135.302829	A3	57	36	
1177	195.004167	D5	74	68	1115	135.490329	D5	74	36	
1178	195.014583	F3	53	39	1116	135.490329	F3	53	36	
1179	195.237500	A3	57	39	1117	135.677829	A3	57	36	
1180	195.454167	D5	74	80	1118	135.865329	D5	74	36	
1181	195.473958	D4	62	47	1119	135.865329	D4	62	36	
1182	195.665625	A3	57	37	1120	136.052829	A3	57	36	
1183	195.921875	E3	52	44	1122	136.240329	E3	52	36	
1184	196.068750	A5	81	77	1121	136.240329	A5	81	36	
1185	196.406250	G3	55	36	1123	136.427829	G3	55	36	
1186	196.634375	C#4	61	53	1124	136.615329	C#4	61	36	
1187	196.870833	G3	55	48	1125	136.802829	G3	55	36	
1188	197.103125	E3	52	45	1126	136.990329	E3	52	36	
1189	197.342708	G3	55	36	1127	137.177829	G3	55	36	
1190	197.558333	C#4	61	45	1128	137.365329	C#4	61	36	
1191	197.794792	G3	55	50	1129	137.552829	G3	55	36	
1192	198.053125	E3	52	44	1130	137.740329	E3	52	36	
1193	198.280208	G3	55	40	1131	137.927829	G3	55	36	
1194	198.515625	C#4	61	35	1132	138.115329	C#4	61	36	
1195	198.753125	G3	55	43	1133	138.302829	G3	55	36	
1196	199.023958	F#3	54	39	1135	138.490329	F3	53	36	
1197	199.164583	E5	76	58	1134	138.490329	E5	76	36	
1198	199.466667	A3	57	27	1136	138.677829	A3	57	36	
1199	199.693750	D4	62	46	1137	138.865329	D4	62	36	
1200	199.916667	A3	57	48	1138	139.052829	A3	57	36	
1201	200.167708	D5	74	50	1139	139.240329	D5	74	36	
1202	200.175000	F#3	54	40	1140	139.240329	F3	53	36	
1203	200.395833	A3	57	40	1141	139.427829	A3	57	36	
1204	200.654167	D4	62	41	1143	139.615329	D4	62	36	
1205	200.654167	D5	74	62	1142	139.615329	D5	74	36	
1206	200.860417	A3	57	42	1144	139.802829	A3	57	36	
1207	201.114583	F#3	54	46	1146	139.990329	F3	53	36	
1208	201.114583	D5	74	65	1145	139.990329	D5	74	36	
1209	201.323958	A3	57	37	1147	140.177829	A3	57	36	
1210	201.565625	D5	74	72	1148	140.365329	D5	74	36	
1211	201.572917	D4	62	46	1149	140.365329	D4	62	36	
1212	201.786458	A4	69	52	*	-1	*	-1	-1	
1213	201.787500	A3	57	44	1150	140.552829	A3	57	36	
1214	202.053125	E3	52	49	1152	140.740329	E3	52	36	
1215	202.176042	Bb5	82	77	1151	140.740329	Bb5	82	36	
1216	202.490625	G3	55	38	1153	140.927829	G3	55	36	
1217	202.713542	C#4	61	43	1154	141.115329	C#4	61	36	
1218	202.933333	G3	55	46	1155	141.302829	G3	55	36	
1219	203.177083	E3	52	43	1156	141.490329	E3	52	36	
1220	203.404167	G3	55	42	1157	141.677829	G3	55	36	
1221	203.636458	C#4	61	37	1158	141.865329	C#4	61	36	
1222	203.854167	G3	55	37	1159	142.052829	G3	55	36	
1223	204.098958	E3	52	43	1160	142.240329	E3	52	36	
1224	204.333333	G3	55	48	1161	142.427829	G3	55	36	
1225	204.592708	C#4	61	37	1162	142.615329	C#4	61	36	
1226	204.832292	G3	55	44	1163	142.802829	G3	55	36	
1227	205.131250	F3	53	33	1165	142.990329	F3	53	36	
1228	205.261458	A5	81	68	1164	142.990329	A5	81	49	
1229	205.610417	A3	57	34	1166	143.177829	A3	57	36	
1230	205.896875	D4	62	33	1167	143.365329	D4	62	36	
1231	206.125000	D3	50	48	1168	143.552829	D3	50	36	
1232	206.426042	E3	52	43	1170	143.740329	E3	52	49	
1233	206.426042	G3	55	43	1171	143.740329	G3	55	49	
1234	206.520833	G5	79	68	1169	143.740329	G5	79	62	
1235	206.775000	D4	62	41	1172	143.927829	D4	62	49	
1236	207.023958	F3	53	41	1174	144.115329	F3	53	49	
1237	207.025000	A3	57	40	1175	144.115329	A3	57	49	
1238	207.097917	F5	77	75	1173	144.115329	F5	77	62	
1239	207.152083	F4	65	28	*	-1	*	-1	-1	
1240	207.308333	D4	62	42	1176	144.302829	D4	62	49	
1241	207.568750	Bb3	58	40	1179	144.490329	Bb3	58	36	
1242	207.573958	G3	55	43	1178	144.490329	G3	55	36	
1243	207.586458	E5	76	66	1177	144.490329	E5	76	49	
1244	207.805208	D4	62	40	1180	144.677829	D4	62	36	
1245	208.052083	F3	53	38	1182	144.865329	F3	53	36	
1246	208.056250	A3	57	40	1183	144.865329	A3	57	36	
1247	208.062500	A4	69	48	*	-1	*	-1	-1	
1248	208.089583	D5	74	67	1181	144.865329	D5	74	49	
1249	208.294792	D4	62	39	1184	145.052829	D4	62	36	
1250	208.662500	G2	43	46	1186	145.240329	G2	43	36	
1251	208.711458	Bb4	70	67	1185	145.240329	Bb4	70	49	
1252	208.791667	D4	62	27	*	-1	*	-1	-1	
1253	209.001042	Bb2	46	39	1187	145.427829	Bb2	46	36	
1254	209.228125	G3	55	47	1188	145.615329	G3	55	36	
1255	209.445833	G2	43	40	1189	145.802829	G2	43	36	
1256	209.686458	A2	45	41	1191	145.990329	A2	45	49	
1257	209.711458	C#3	49	41	1192	145.990329	C#3	49	49	
1258	209.785417	A4	69	69	1190	145.990329	A4	69	62	
1259	210.030208	G3	55	47	1193	146.177829	A3	57	49	
1260	210.255208	Bb2	46	44	1195	146.365329	Bb2	46	49	
1261	210.258333	D3	50	44	1196	146.365329	D3	50	49	
1262	210.312500	G4	67	72	1194	146.365329	G4	67	62	
1263	210.509375	G3	55	53	1197	146.552829	A3	57	49	
1264	210.734375	A3	57	47	*	-1	*	-1	-1	
1265	210.735417	D3	50	44	1200	146.740329	D3	50	36	
1266	210.737500	A2	45	42	1199	146.740329	A2	45	36	
1267	210.812500	F4	65	71	1198	146.740329	F4	65	49	
1268	211.025000	A3	57	48	1201	146.927829	A3	57	36	
1269	211.290625	G2	43	43	1203	147.115329	G2	43	36	
1270	211.323958	D3	50	43	1204	147.115329	D3	50	36	
1271	211.383333	E4	64	69	1202	147.115329	E4	64	49	
1272	211.623958	Bb3	58	50	1205	147.302829	Bb3	58	36	
1273	211.876042	A2	45	41	1207	147.490329	A2	45	36	
1274	212.036458	D4	62	62	1206	147.490329	D4	62	49	
1275	212.414583	F3	53	39	1208	147.677829	F3	53	36	
1276	212.659375	A3	57	47	1209	147.865329	A3	57	36	
1277	212.872917	F3	53	46	1210	148.052829	F3	53	36	
1278	213.105208	A2	45	44	1211	148.240329	A2	45	36	
1279	213.245833	C#4	61	48	1212	148.427829	C#4	61	49	
1280	213.426042	F3	53	40	1213	148.427829	F3	53	36	
1281	213.504167	D4	62	59	1214	148.521579	D4	62	49	
1282	213.703125	E4	64	54	1215	148.615329	E4	64	49	
1283	213.755208	A3	57	34	1216	148.615329	A3	57	36	
1284	213.904167	D4	62	56	1217	148.709079	D4	62	49	
1285	214.044792	F3	53	39	1219	148.802829	F3	53	36	
1286	214.056250	C#4	61	56	1218	148.802829	C#4	61	49	
1287	214.193750	D4	62	63	1220	148.896579	D4	62	49	
1288	214.446875	F4	65	56	1221	148.990329	F4	65	49	
1289	214.758333	G3	55	40	1223	149.177829	G3	55	36	
1290	215.041667	A3	57	34	1224	149.365329	A3	57	36	
1291	215.327083	G3	55	36	1226	149.552829	G3	55	36	
1292	215.378125	E4	64	48	1225	149.552829	E4	64	49	
1293	215.932292	F#3	54	37	1228	149.740329	F#3	54	36	
1294	216.071875	A5	81	61	1227	149.740329	A5	81	49	
1295	216.457292	A3	57	32	1229	149.927829	A3	57	36	
1296	216.755208	D4	62	33	1230	150.115329	D4	62	36	
1297	217.023958	D3	50	40	1231	150.302829	D3	50	36	
1298	217.306250	E3	52	41	1233	150.490329	E3	52	49	
1299	217.306250	G3	55	42	1234	150.490329	G3	55	49	
1300	217.422917	G5	79	64	1232	150.490329	G5	79	62	
1301	217.706250	D4	62	42	1235	150.677829	D4	62	49	
1302	217.964583	A3	57	39	1238	150.865329	A3	57	49	
1303	217.984375	F#3	54	37	1237	150.865329	F#3	54	49	
1304	218.004167	F#5	78	69	1236	150.865329	F#5	78	62	
1305	218.245833	D4	62	37	1239	151.052829	D4	62	49	
1306	218.503125	B3	59	35	1242	151.240329	B3	59	36	
1307	218.505208	G3	55	40	1241	151.240329	G3	55	36	
1308	218.537500	E5	76	54	1240	151.240329	E5	76	49	
1309	218.769792	D4	62	44	1243	151.427829	D4	62	36	
1310	219.040625	F#3	54	40	1245	151.615329	F#3	54	36	
1311	219.044792	A3	57	37	1246	151.615329	A3	57	36	
1312	219.065625	D5	74	51	1244	151.615329	D5	74	49	
1313	219.297917	D4	62	45	1247	151.802829	D4	62	36	
1314	219.703125	G2	43	36	1250	151.990329	G2	43	36	
1315	219.802083	C#5	73	59	1248	151.896579	C#5	73	49	
1316	220.151042	B4	71	59	1249	151.990329	B4	71	49	
1317	220.154167	B2	47	39	1251	152.177829	B2	47	36	
1318	220.415625	G3	55	50	1252	152.365329	G3	55	36	
1319	220.634375	G2	43	52	1253	152.552829	G2	43	36	
1320	220.904167	A2	45	40	1255	152.740329	A2	45	36	
1321	220.904167	C#3	49	46	1256	152.740329	C#3	49	36	
1322	220.909375	A3	57	46	*	-1	*	-1	-1	
1323	220.921875	A4	69	64	1254	152.740329	A4	69	49	
1324	221.196875	G3	55	48	1257	152.927829	A3	57	36	
1325	221.443750	D3	50	46	1260	153.115329	D3	50	36	
1326	221.451042	B2	47	44	1259	153.115329	B2	47	36	
1327	221.454167	G4	67	64	1258	153.115329	G4	67	49	
1328	221.686458	G3	55	54	1261	153.302829	A3	57	36	
1329	221.921875	D3	50	43	1264	153.490329	D3	50	36	
1330	221.922917	A2	45	48	1263	153.490329	A2	45	36	
1331	221.971875	F#4	66	65	1262	153.490329	F#4	66	49	
1332	222.213542	A3	57	54	1265	153.677829	A3	57	36	
1333	222.505208	G#2	44	57	1267	153.865329	G#2	44	36	
1334	222.565625	E4	64	68	1266	153.865329	E4	64	49	
1335	222.862500	B3	59	48	1269	154.052829	B3	59	36	
1336	223.197917	A2	45	45	1271	154.240329	A2	45	36	
1337	223.327083	A4	69	67	1270	154.240329	A4	69	49	
1338	223.714583	F#3	54	43	1272	154.427829	F#3	54	36	
1339	223.995833	A3	57	41	1273	154.615329	A3	57	36	
1340	224.242708	F#3	54	45	1274	154.802829	F#3	54	36	
1341	224.485417	A2	45	46	1275	154.990329	A2	45	36	
1342	224.743750	F#3	54	45	1276	155.177829	F#3	54	36	
1343	225.003125	D4	62	57	1277	155.365329	D4	62	49	
1344	225.006250	A4	69	50	*	-1	*	-1	-1	
1345	225.014583	A3	57	44	1278	155.365329	A3	57	36	
1346	225.254167	F#3	54	46	1279	155.552829	F#3	54	36	
1347	225.523958	A2	45	40	1281	155.740329	A2	45	36	
1348	225.593750	F#4	66	57	1280	155.740329	F#4	66	49	
1349	225.915625	G3	55	39	1282	155.927829	G3	55	36	
1350	226.217708	A3	57	36	1283	156.115329	A3	57	36	
1351	226.513542	E4	64	59	1284	156.302829	E4	64	49	
1352	226.540625	G3	55	31	1285	156.302829	G3	55	36	
1353	227.070833	E4	64	49	1286	156.490329	E4	64	36	
1354	227.100000	F#3	54	33	1288	156.490329	F#3	54	36	
1355	227.103125	D3	50	32	1287	156.490329	D3	50	36	
1356	228.315625	D4	62	35	1289	157.240329	D4	62	36	
1357	228.890625	D4	62	41	1290	157.615329	D4	62	36	
1358	229.420833	D4	62	49	1291	157.990329	D4	62	36	
1359	229.936458	D4	62	48	1292	158.365329	D4	62	36	
1360	230.568750	B4	71	44	1294	158.740329	B4	71	36	
1361	230.573958	E4	64	39	1295	158.740329	E4	64	36	
1362	230.582292	D4	62	39	1293	158.740329	D4	62	36	
1363	230.594792	D3	50	36	1296	158.740329	D3	50	36	
1364	230.602083	G3	55	31	1297	158.740329	G3	55	36	
1365	230.605208	G4	67	29	*	-1	*	-1	-1	
1366	231.792708	C#5	73	35	*	-1	*	-1	-1	
1367	231.794792	C#4	61	35	1298	159.490329	C#4	61	36	
1368	231.796875	A4	69	38	1299	159.490329	A4	69	36	
1369	232.425000	E3	52	29	1303	159.865329	E3	52	36	
1370	232.427083	D3	50	34	1304	159.865329	D3	50	36	
1371	232.484375	G4	67	49	1301	159.865329	G4	67	36	
1372	232.487500	A4	69	43	1302	159.865329	A4	69	36	
1373	232.501042	C#4	61	29	1300	159.865329	C#4	61	36	
1374	233.094792	F#4	66	48	1306	160.240329	F#4	66	36	
1375	233.097917	F#3	54	41	1308	160.240329	F#3	54	36	
1376	233.102083	D3	50	36	1309	160.240329	D3	50	36	
1377	233.109375	A4	69	49	1307	160.240329	A4	69	36	
1378	233.112500	C#4	61	37	1305	160.240329	C#4	61	36	
1379	233.655208	E4	64	43	1311	160.615329	E4	64	36	
1380	233.656250	C#5	73	39	*	-1	*	-1	-1	
1381	233.665625	C#4	61	32	1310	160.615329	C#4	61	36	
1382	233.667708	G3	55	33	1313	160.615329	G3	55	36	
1383	233.671875	A4	69	37	1312	160.615329	A4	69	36	
1384	233.675000	D3	50	32	1314	160.615329	D3	50	36	
1385	233.686458	G4	67	28	*	-1	*	-1	-1	
1386	234.490625	E4	64	44	1315	160.990329	E4	64	36	
1387	234.501042	C#5	73	36	*	-1	*	-1	-1	
1388	234.514583	F#3	54	36	1316	160.990329	F#3	54	36	
1389	234.525000	D2	38	33	1317	160.990329	D2	38	36	
1390	234.526042	A2	45	37	1318	160.990329	A2	45	36	
1391	234.527083	D3	50	30	1319	160.990329	D3	50	36	
1392	234.534375	A4	69	31	*	-1	*	-1	-1	
1393	235.725000	D4	62	40	1320	161.740329	D4	62	36	
1394	236.384375	D5	74	33	*	-1	*	-1	-1	
1395	236.385417	D4	62	45	1321	162.115329	D4	62	36	
1396	236.931250	D5	74	40	*	-1	*	-1	-1	
1397	236.933333	D4	62	46	1322	162.490329	D4	62	36	
1398	237.445833	D5	74	45	*	-1	*	-1	-1	
1399	237.446875	D4	62	53	1323	162.865329	D4	62	36	
1400	238.136458	Bb4	70	43	1326	163.240329	Bb4	70	36	
1401	238.145833	E3	52	36	1329	163.240329	E3	52	36	
1402	238.150000	D3	50	30	*	-1	*	-1	-1	
1403	238.152083	Bb3	58	41	1324	163.240329	Bb3	58	36	
1404	238.154167	D2	38	36	1327	163.240329	D2	38	36	
1405	238.159375	G2	43	31	1328	163.240329	G2	43	36	
1406	239.428125	C#4	61	34	1331	163.990329	C#4	61	36	
1407	239.431250	A4	69	40	1332	163.990329	A4	69	36	
1408	239.459375	A3	57	23	1330	163.990329	A3	57	36	
1409	240.084375	E4	64	42	1334	164.365329	E4	64	36	
1410	240.093750	A4	69	47	1335	164.365329	A4	69	36	
1411	240.103125	D2	38	35	1337	164.365329	D2	38	36	
1412	240.112500	A3	57	33	1333	164.365329	A3	57	36	
1413	240.706250	D4	62	45	1340	164.740329	D4	62	36	
1414	240.707292	A4	69	52	1341	164.740329	A4	69	36	
1415	240.714583	D3	50	41	1342	164.740329	D3	50	36	
1416	240.721875	A3	57	37	1339	164.740329	A3	57	36	
1417	240.725000	F#2	42	32	1344	164.740329	F#2	42	36	
1418	240.727083	D2	38	34	1343	164.740329	D2	38	36	
1419	241.326042	A4	69	54	1347	165.115329	A4	69	36	
1420	241.344792	C#4	61	37	1346	165.115329	C#4	61	36	
1421	241.346875	A3	57	33	1345	165.115329	A3	57	36	
1422	241.348958	E3	52	32	1348	165.115329	E3	52	36	
1423	241.355208	A2	45	32	1350	165.115329	G2	43	36	
1424	241.360417	D3	50	34	*	-1	*	-1	-1	
1425	241.381250	D2	38	29	1349	165.115329	D2	38	36	
1426	242.279167	A4	69	52	1353	165.490329	A4	69	36	
1427	242.307292	D3	50	33	1356	165.490329	D3	50	36	
1428	242.310417	F#4	66	28	*	-1	*	-1	-1	
1429	242.312500	D4	62	30	1352	165.490329	D4	62	36	
1430	242.315625	F#2	42	29	1355	165.490329	F#2	42	36	
1431	242.316667	A3	57	27	1351	165.490329	A3	57	36	
1432	242.317708	D2	38	29	1354	165.490329	D2	38	36	
1433	245.390625	F#4	66	30	1359	166.990329	F#4	66	36	
1434	245.396875	A3	57	27	1357	166.990329	A3	57	36	
1435	245.396875	D4	62	22	1358	166.990329	D4	62	36	
1436	245.398958	D2	38	32	1360	166.990329	D2	38	36	
1437	245.404167	A2	45	28	1361	166.990329	A2	45	36	
1438	245.405208	D3	50	26	*	-1	*	-1	-1	
1439	247.917708	A2	45	25	1366	167.740329	A2	45	36	
1440	247.917708	D4	62	26	1364	167.740329	D4	62	36	
1441	247.921875	D2	38	27	1365	167.740329	D2	38	36	
1442	247.926042	D3	50	21	1367	167.740329	D3	50	36	
1443	247.931250	F#3	54	25	1362	167.740329	F#3	54	36	
*	-1	*	-1	-1	15	1.500000	F#4	66	36	
*	-1	*	-1	-1	35	3.750000	F#3	54	36	
*	-1	*	-1	-1	38	4.125000	F#3	54	36	
*	-1	*	-1	-1	48	5.625000	E4	64	36	
*	-1	*	-1	-1	55	6.000000	E4	64	36	
*	-1	*	-1	-1	69	6.750000	E4	64	36	
*	-1	*	-1	-1	70	6.750000	C#3	49	36	
*	-1	*	-1	-1	71	6.750000	G3	55	36	
*	-1	*	-1	-1	72	6.750000	A3	57	36	
*	-1	*	-1	-1	100	10.500000	F#4	66	36	
*	-1	*	-1	-1	110	10.875000	D4	62	36	
*	-1	*	-1	-1	162	17.625000	D4	62	36	
*	-1	*	-1	-1	174	19.500000	D4	62	36	
*	-1	*	-1	-1	179	19.875000	F#4	66	36	
*	-1	*	-1	-1	182	19.875000	F#3	54	36	
*	-1	*	-1	-1	184	20.250000	D4	62	52	
*	-1	*	-1	-1	221	24.375000	D5	74	75	
*	-1	*	-1	-1	255	27.000000	F#3	54	75	
*	-1	*	-1	-1	264	28.125000	F#4	66	75	
*	-1	*	-1	-1	270	28.500000	F#4	66	75	
*	-1	*	-1	-1	470	53.625000	F#3	54	49	
*	-1	*	-1	-1	561	72.750000	D5	74	49	
*	-1	*	-1	-1	592	75.500000	D3	50	36	
*	-1	*	-1	-1	660	82.250000	D3	50	36	
*	-1	*	-1	-1	666	82.748437	G4	67	36	
*	-1	*	-1	-1	682	84.000000	C4	60	36	
*	-1	*	-1	-1	685	84.248437	F#4	66	36	
*	-1	*	-1	-1	689	84.500000	F#4	66	36	
*	-1	*	-1	-1	697	84.998437	F#4	66	36	
*	-1	*	-1	-1	776	92.000000	E5	76	101	
*	-1	*	-1	-1	879	105.750000	A2	45	36	
*	-1	*	-1	-1	917	113.740329	D4	62	36	
*	-1	*	-1	-1	941	117.115329	E4	64	36	
*	-1	*	-1	-1	942	117.115329	G4	67	36	
*	-1	*	-1	-1	947	117.490329	E4	64	36	
*	-1	*	-1	-1	948	117.490329	G4	67	36	
*	-1	*	-1	-1	952	117.865329	E4	64	36	
*	-1	*	-1	-1	953	117.865329	G4	67	36	
*	-1	*	-1	-1	966	119.365329	E3	52	36	
*	-1	*	-1	-1	967	119.365329	G3	55	36	
*	-1	*	-1	-1	972	119.740329	G3	55	36	
*	-1	*	-1	-1	977	120.115329	G3	55	36	
*	-1	*	-1	-1	994	121.990329	F#3	54	36	
*	-1	*	-1	-1	1059	128.740329	A3	57	36	
*	-1	*	-1	-1	1084	131.365329	D3	50	36	
*	-1	*	-1	-1	1090	132.490329	C#4	61	36	
*	-1	*	-1	-1	1110	134.740329	F3	53	36	
*	-1	*	-1	-1	1222	148.990329	A2	45	36	
*	-1	*	-1	-1	1268	153.865329	D3	50	36	
*	-1	*	-1	-1	1325	163.240329	D4	62	36	
*	-1	*	-1	-1	1336	164.365329	C#3	49	36	
*	-1	*	-1	-1	1338	164.365329	G2	43	36	
*	-1	*	-1	-1	1363	167.740329	A3	57	36	
*	-1	*	-1	-1	16	1.500000	A4	69	36	
*	-1	*	-1	-1	26	2.250000	D4	62	36	
*	-1	*	-1	-1	32	3.375000	F#3	54	36	
*	-1	*	-1	-1	33	3.750000	F#4	66	36	
*	-1	*	-1	-1	34	3.750000	D3	50	36	
*	-1	*	-1	-1	36	4.125000	D4	62	36	
