// alignID alignOntime alignSitch alignPitch alignOnvel refID refOntime refSitch refPitch refOnvel
0	2.610417	G#5	80	74	0	0.000000	G#5	80	65	
1	2.623958	F4	65	38	1	0.000000	F4	65	60	
2	2.683333	C#5	73	50	2	0.000000	C#5	73	60	
3	3.391667	A3	57	42	3	0.333333	A3	57	60	
4	4.061458	Bb3	58	38	4	0.666667	Bb3	58	60	
5	4.516667	C#4	61	36	5	1.000000	C#4	61	50	
6	4.914583	Bb3	58	33	6	1.333333	Bb3	58	50	
7	5.067708	F#5	78	56	7	1.500000	F#5	78	55	
8	5.122917	C#4	61	14	*	-1	*	-1	-1	
9	5.123958	F#4	66	20	8	1.500000	F#4	66	50	
10	5.327083	C#3	49	31	9	1.666667	C#3	49	50	
11	5.701042	C5	72	56	10	2.000000	C5	72	45	
12	5.732292	Bb3	58	31	11	2.000000	Bb3	58	40	
13	6.138542	C#3	49	28	12	2.333333	C#3	49	40	
14	6.373958	C#5	73	52	13	2.500000	C#5	73	45	
15	6.421875	C#4	61	18	*	-1	*	-1	-1	
16	6.421875	F#4	66	30	14	2.500000	F#4	66	40	
17	6.604167	F#2	42	30	15	2.666667	F#2	42	40	
18	7.232292	F#5	78	59	16	3.000000	F#5	78	65	
19	7.263542	C#5	73	42	18	3.000000	C#5	73	60	
20	7.270833	F#4	66	28	17	3.000000	F#4	66	60	
21	7.764583	G#3	56	35	19	3.333333	G#3	56	60	
22	8.234375	A3	57	33	20	3.666667	A3	57	60	
23	8.754167	C#4	61	27	21	4.000000	C#4	61	50	
24	9.258333	A3	57	36	22	4.333333	A3	57	50	
25	9.480208	E5	76	48	23	4.500000	E5	76	55	
26	9.696875	C#3	49	32	24	4.666667	C#3	49	50	
27	10.008333	C#4	61	30	27	5.000000	C#4	61	40	
28	10.112500	G#4	68	52	25	5.000000	G#4	68	45	
29	10.141667	E4	64	37	26	5.000000	E4	64	40	
30	10.479167	C#3	49	33	28	5.333333	C#3	49	40	
31	10.664583	A4	69	53	29	5.500000	A4	69	45	
32	10.938542	F#2	42	36	30	5.666667	F#2	42	40	
33	11.441667	C#5	73	54	31	6.000000	C#5	73	65	
34	11.475000	D4	62	33	32	6.000000	D4	62	60	
35	11.475000	F#4	66	28	33	6.000000	F#4	66	60	
36	11.942708	G#3	56	34	34	6.333333	G#3	56	60	
37	12.339583	A3	57	38	35	6.666667	A3	57	60	
38	12.743750	D4	62	34	36	7.000000	D4	62	50	
39	13.136458	A3	57	35	37	7.333333	A3	57	50	
40	13.364583	B4	71	50	38	7.500000	B4	71	55	
41	13.389583	G#2	44	23	*	-1	*	-1	-1	
42	13.577083	B2	47	34	39	7.666667	B2	47	50	
43	13.891667	A3	57	35	41	8.000000	A3	57	50	
44	14.001042	C#4	61	49	40	8.000000	C#4	61	55	
45	14.463542	B2	47	40	42	8.333333	B2	47	50	
46	14.466667	B3	59	34	*	-1	*	-1	-1	
47	14.807292	D4	62	42	43	8.500000	Eb4	63	55	
48	15.134375	F#2	42	33	44	8.666667	F#2	42	50	
49	15.785417	F#4	66	52	45	9.000000	F#4	66	65	
50	16.223958	E4	64	69	46	9.333333	E4	64	65	
51	16.254167	G3	55	41	47	9.333333	G3	55	60	
52	16.546875	G#3	56	60	49	9.666667	G#3	56	60	
53	16.552083	F4	65	73	48	9.666667	F4	65	65	
54	16.894792	Eb5	75	76	50	10.000000	Eb5	75	65	
55	16.910417	Bb4	70	67	51	10.000000	Bb4	70	60	
56	16.995833	F4	65	38	52	10.000000	F4	65	60	
57	17.237500	B3	59	54	53	10.333333	B3	59	60	
58	17.411458	G4	67	66	54	10.500000	G4	67	60	
59	17.603125	C#3	49	47	55	10.666667	C#3	49	60	
60	17.916667	B3	59	43	59	11.000000	B3	59	50	
61	18.020833	C5	72	62	56	11.000000	C5	72	55	
62	18.030208	F4	65	42	57	11.000000	F4	65	50	
63	18.058333	Bb4	70	42	58	11.000000	Bb4	70	50	
64	18.514583	C#3	49	45	60	11.333333	C#3	49	50	
65	19.044792	C#5	73	48	61	11.500000	C#5	73	55	
66	19.056250	G#4	68	39	62	11.500000	G#4	68	50	
67	19.342708	F#2	42	29	63	11.666667	F#2	42	50	
68	20.154167	G#5	80	79	64	12.000000	G#5	80	65	
69	20.176042	F4	65	39	65	12.000000	F4	65	60	
70	20.216667	C#5	73	55	66	12.000000	C#5	73	60	
71	20.685417	A3	57	55	67	12.333333	A3	57	60	
72	21.155208	Bb3	58	52	68	12.666667	Bb3	58	60	
73	21.557292	C#4	61	43	69	13.000000	C#4	61	50	
74	21.917708	Bb3	58	40	70	13.333333	Bb3	58	50	
75	22.104167	F#5	78	71	71	13.500000	F#5	78	55	
76	22.140625	F#4	66	44	72	13.500000	F#4	66	50	
77	22.305208	C#3	49	36	73	13.666667	C#3	49	50	
78	22.664583	C5	72	62	74	14.000000	C5	72	45	
79	22.685417	Bb3	58	40	75	14.000000	Bb3	58	40	
80	23.041667	C#3	49	41	76	14.333333	C#3	49	40	
81	23.259375	C#5	73	62	77	14.500000	C#5	73	45	
82	23.294792	F#4	66	41	78	14.500000	F#4	66	40	
83	23.456250	F#2	42	35	79	14.666667	F#2	42	40	
84	23.942708	F#5	78	56	80	15.000000	F#5	78	65	
85	23.994792	C#5	73	44	81	15.000000	C#5	73	60	
86	23.995833	F#4	66	30	82	15.000000	F#4	66	60	
87	24.370833	G#3	56	39	83	15.333333	G#3	56	60	
88	24.745833	A3	57	41	84	15.666667	A3	57	60	
89	25.120833	C#4	61	33	85	16.000000	C#4	61	50	
90	25.471875	A3	57	30	86	16.333333	A3	57	50	
91	25.629167	E5	76	51	87	16.500000	E5	76	55	
92	25.875000	C#3	49	23	88	16.666667	C#3	49	50	
93	26.263542	G#4	68	48	89	17.000000	G#4	68	45	
94	26.273958	C#4	61	37	91	17.000000	C#4	61	40	
95	26.294792	E4	64	30	90	17.000000	E4	64	40	
96	26.744792	C#3	49	34	92	17.333333	C#3	49	40	
97	27.042708	A4	69	46	93	17.500000	A4	69	45	
98	27.303125	F#2	42	35	94	17.666667	F#2	42	40	
99	27.895833	C#5	73	47	95	18.000000	C#5	73	65	
100	27.928125	D4	62	32	96	18.000000	D4	62	60	
101	27.933333	F#4	66	31	97	18.000000	F#4	66	60	
102	28.430208	G#3	56	31	98	18.333333	G#3	56	60	
103	28.963542	A3	57	37	99	18.666667	A3	57	60	
104	29.341667	D4	62	34	100	19.000000	D4	62	50	
105	29.676042	A3	57	44	101	19.333333	A3	57	50	
106	29.876042	B4	71	52	102	19.500000	B4	71	55	
107	30.078125	B2	47	36	103	19.666667	B2	47	50	
108	30.084375	B3	59	31	*	-1	*	-1	-1	
109	30.492708	C#4	61	58	104	20.000000	C#4	61	55	
110	30.914583	A3	57	38	105	20.000000	A3	57	50	
111	31.213542	D4	62	67	107	20.500000	Eb4	63	55	
112	31.459375	B2	47	45	106	20.333333	B2	47	50	
113	31.469792	B3	59	39	*	-1	*	-1	-1	
114	32.000000	F#4	66	60	109	21.000000	F#4	66	55	
115	32.035417	D4	62	42	110	21.000000	D4	62	50	
116	32.466667	G3	55	58	111	21.333333	G3	55	50	
117	32.669792	E4	64	68	112	21.500000	E4	64	55	
118	32.872917	G#3	56	63	113	21.666667	G#3	56	50	
119	33.170833	Bb4	70	76	114	22.000000	Bb4	70	65	
120	33.251042	E4	64	60	115	22.000000	E4	64	60	
121	33.513542	G#3	56	58	116	22.333333	G#3	56	60	
122	33.680208	B4	71	81	117	22.500000	B4	71	65	
123	33.837500	E3	52	61	118	22.666667	E3	52	60	
124	34.128125	C#4	61	77	122	23.000000	C#4	61	70	
125	34.185417	F#5	78	88	119	23.000000	F#5	78	75	
126	34.216667	B4	71	60	120	23.000000	B4	71	70	
127	34.218750	G#4	68	60	121	23.000000	G#4	68	70	
128	34.582292	E4	64	69	123	23.333333	E4	64	70	
129	34.760417	E5	76	87	124	23.500000	E5	76	75	
130	34.925000	D4	62	75	125	23.666667	D4	62	70	
131	35.229167	B5	83	94	126	24.000000	B5	83	85	
132	35.256250	G#4	68	69	127	24.000000	G#4	68	80	
133	35.256250	E5	76	73	128	24.000000	E5	76	80	
134	35.634375	C4	60	75	129	24.333333	C4	60	80	
135	36.023958	C#4	61	72	130	24.666667	C#4	61	80	
136	36.440625	E4	64	64	131	25.000000	E4	64	80	
137	36.777083	C#4	61	54	132	25.333333	C#4	61	80	
138	36.925000	A5	81	86	133	25.500000	A5	81	85	
139	36.928125	A4	69	68	134	25.500000	A4	69	80	
140	36.953125	C#5	73	46	*	-1	*	-1	-1	
141	37.103125	E3	52	52	135	25.666667	E3	52	80	
142	37.352083	C#4	61	60	137	26.000000	C#4	61	80	
143	37.438542	Eb5	75	87	136	26.000000	Eb5	75	85	
144	37.730208	E3	52	57	138	26.333333	E3	52	80	
145	37.875000	E5	76	85	139	26.500000	E5	76	85	
146	37.905208	A4	69	59	140	26.500000	A4	69	80	
147	38.052083	A2	45	61	141	26.666667	A2	45	80	
148	38.333333	A5	81	89	142	27.000000	A5	81	85	
149	38.363542	A4	69	58	143	27.000000	A4	69	80	
150	38.633333	C#4	61	60	144	27.333333	C#4	61	80	
151	38.775000	C#5	73	76	145	27.500000	C#5	73	85	
152	38.805208	A4	69	41	*	-1	*	-1	-1	
153	38.966667	E4	64	59	146	27.666667	E4	64	80	
154	39.285417	E5	76	76	147	28.000000	E5	76	85	
155	39.655208	F#3	54	40	149	28.333333	F#3	54	80	
156	39.893750	D5	74	71	150	28.500000	D5	74	85	
157	40.167708	D4	62	41	151	28.666667	D4	62	80	
158	40.578125	F#3	54	41	152	29.000000	F#3	54	80	
159	40.984375	F#2	42	40	153	29.333333	F#2	42	80	
160	41.218750	C#5	73	65	154	29.500000	C#5	73	85	
161	41.805208	C#5	73	64	155	30.000000	C#5	73	85	
162	41.843750	F#4	66	44	156	30.000000	F#4	66	80	
163	41.888542	F#3	54	23	*	-1	*	-1	-1	
164	42.240625	D4	62	46	157	30.333333	D4	62	80	
165	42.501042	C5	72	60	158	30.500000	C5	72	85	
166	42.771875	Eb4	63	46	159	30.666667	Eb4	63	80	
167	43.193750	F#4	66	31	161	31.000000	F#4	66	80	
168	43.373958	Bb5	82	63	160	31.000000	Bb5	82	85	
169	43.797917	Eb4	63	39	162	31.333333	Eb4	63	80	
170	44.045833	G#5	80	50	163	31.500000	G#5	80	85	
171	44.255208	G#3	56	30	164	31.666667	G#3	56	80	
172	44.592708	C4	60	28	167	32.000000	C4	60	80	
173	44.696875	G#4	68	40	166	32.000000	G#4	68	80	
174	44.714583	Eb4	63	21	*	-1	*	-1	-1	
175	44.733333	F#4	66	25	165	32.000000	F#4	66	80	
176	45.034375	F#3	54	30	168	32.333333	F#3	54	80	
177	45.285417	F5	77	52	169	32.500000	F5	77	85	
178	45.582292	G#2	44	32	170	32.666667	G#2	44	80	
179	46.138542	Eb5	75	47	171	33.000000	Eb5	75	85	
180	46.151042	F4	65	29	172	33.000000	F4	65	80	
181	46.181250	C#3	49	29	174	33.000000	C#3	49	80	
182	46.183333	G#4	68	35	173	33.000000	G#4	68	80	
183	46.592708	F3	53	36	175	33.333333	F3	53	80	
184	46.967708	C4	60	27	176	33.666667	C4	60	80	
185	47.381250	C#4	61	27	177	34.000000	C#4	61	80	
186	47.773958	C#5	73	44	178	34.333333	C#5	73	85	
187	48.171875	C5	72	48	179	34.666667	C5	72	85	
188	48.584375	C#5	73	42	180	35.000000	C#5	73	85	
189	48.594792	G#4	68	32	181	35.000000	G#4	68	80	
190	48.630208	F4	65	23	182	35.000000	F4	65	80	
191	49.081250	Eb5	75	43	183	35.333333	Eb5	75	85	
192	49.659375	F5	77	45	184	35.666667	F5	77	85	
193	50.466667	F#5	78	47	185	36.000000	F#5	78	45	
194	50.505208	Eb5	75	36	186	36.000000	Eb5	75	45	
195	50.521875	B4	71	35	187	36.000000	B4	71	45	
196	50.542708	Eb4	63	24	188	36.000000	Eb4	63	40	
197	51.275000	G#5	80	45	189	36.333333	G#5	80	45	
198	51.295833	B4	71	37	191	36.333333	B4	71	45	
199	51.296875	Eb5	75	44	190	36.333333	Eb5	75	45	
200	51.342708	F3	53	35	192	36.333333	F3	53	40	
201	52.125000	F#3	54	32	193	36.666667	F#3	54	40	
202	52.385417	Eb5	75	51	194	36.833333	Eb5	75	45	
203	52.407292	B4	71	36	195	36.833333	B4	71	45	
204	52.416667	F#4	66	25	196	36.833333	F#4	66	45	
205	52.646875	B4	71	43	198	37.000000	B4	71	45	
206	52.648958	Eb5	75	51	197	37.000000	Eb5	75	45	
207	52.654167	F#4	66	31	199	37.000000	F#4	66	45	
208	52.683333	B3	59	30	200	37.000000	B3	59	40	
209	53.076042	F#3	54	37	201	37.333333	F#3	54	40	
210	53.454167	G#2	44	39	202	37.666667	G#2	44	40	
211	53.936458	C#5	73	62	203	38.000000	C#5	73	50	
212	53.975000	B4	71	54	204	38.000000	B4	71	50	
213	53.983333	F#4	66	46	205	38.000000	F#4	66	50	
214	54.015625	F#3	54	40	206	38.000000	F#3	54	45	
215	54.530208	Eb5	75	77	207	38.333333	Eb5	75	55	
216	54.565625	B4	71	63	208	38.333333	B4	71	55	
217	54.573958	F#4	66	51	209	38.333333	F#4	66	55	
218	54.613542	G#2	44	45	210	38.333333	G#2	44	50	
219	54.953125	B4	71	77	212	38.666667	B4	71	60	
220	54.979167	Eb4	63	59	211	38.666667	Eb4	63	60	
221	54.983333	F#4	66	51	213	38.666667	F#4	66	60	
222	55.015625	C#2	37	53	214	38.666667	C#2	37	55	
223	55.380208	Bb4	70	77	215	39.000000	Bb4	70	65	
224	55.395833	B3	59	50	216	39.000000	B3	59	60	
225	55.400000	Eb4	63	61	217	39.000000	Eb4	63	60	
226	55.931250	F3	53	65	218	39.333333	F3	53	60	
227	56.385417	F#3	54	55	219	39.666667	F#3	54	60	
228	56.761458	B3	59	48	220	40.000000	B3	59	50	
229	57.133333	F#3	54	41	221	40.333333	F#3	54	50	
230	57.452083	G#2	44	40	222	40.666667	G#2	44	50	
231	57.797917	G#4	68	56	223	41.000000	G#4	68	45	
232	57.826042	F3	53	32	*	-1	*	-1	-1	
233	57.826042	F#3	54	35	224	41.000000	F#3	54	40	
234	58.143750	G#2	44	39	225	41.333333	G#2	44	40	
235	58.497917	C#2	37	37	226	41.666667	C#2	37	40	
236	58.875000	F#4	66	45	227	42.000000	F#4	66	40	
237	59.185417	G#3	56	43	228	42.333333	G#3	56	40	
238	59.295833	G#4	68	68	229	42.500000	G#4	68	45	
239	59.513542	Bb3	58	54	230	42.666667	Bb3	58	40	
240	59.815625	F#4	66	49	232	43.000000	F#4	66	40	
241	59.927083	Eb5	75	74	231	43.000000	Eb5	75	45	
242	60.255208	B3	59	49	233	43.333333	B3	59	40	
243	60.634375	C#3	49	41	234	43.666667	C#3	49	40	
244	60.992708	F4	65	43	236	44.000000	F4	65	50	
245	61.118750	G4	67	62	235	44.000000	G4	67	50	
246	61.568750	B3	59	48	238	44.333333	B3	59	50	
247	61.626042	G#4	68	75	237	44.333333	G#4	68	50	
248	61.905208	C#3	49	50	241	44.666667	C#3	49	50	
249	61.954167	Eb5	75	88	239	44.666667	Eb5	75	55	
250	61.973958	A4	69	74	240	44.666667	A4	69	50	
251	62.305208	F#4	66	44	244	45.000000	F#4	66	50	
252	62.343750	Eb5	75	80	242	45.000000	Eb5	75	55	
253	62.360417	Bb4	70	67	243	45.000000	Bb4	70	50	
254	62.682292	Bb3	58	49	245	45.333333	Bb3	58	50	
255	62.978125	C#3	49	52	246	45.666667	C#3	49	50	
256	63.289583	C#5	73	71	247	46.000000	C#5	73	60	
257	63.307292	F#4	66	54	248	46.000000	F#4	66	55	
258	63.322917	Bb3	58	51	249	46.000000	Bb3	58	55	
259	63.323958	Bb4	70	50	*	-1	*	-1	-1	
260	63.629167	Eb5	75	87	250	46.333333	Eb5	75	60	
261	63.634375	C#3	49	58	251	46.333333	C#3	49	55	
262	63.915625	F#2	42	59	253	46.666667	F#2	42	55	
263	63.926042	F5	77	90	252	46.666667	F5	77	60	
264	64.258333	F#5	78	87	254	47.000000	F#5	78	60	
265	64.282292	C#5	73	65	255	47.000000	C#5	73	55	
266	64.289583	Bb4	70	69	256	47.000000	Bb4	70	55	
267	64.628125	G#5	80	87	257	47.333333	G#5	80	60	
268	64.985417	Bb5	82	90	258	47.666667	Bb5	82	60	
269	65.363542	B5	83	89	259	48.000000	B5	83	65	
270	65.395833	E5	76	71	261	48.000000	E5	76	65	
271	65.396875	G#5	80	68	260	48.000000	G#5	80	65	
272	65.404167	G#4	68	66	262	48.000000	G#4	68	60	
273	65.915625	C#6	85	88	263	48.333333	C#6	85	65	
274	65.936458	E5	76	64	265	48.333333	E5	76	65	
275	65.945833	G#5	80	58	264	48.333333	G#5	80	65	
276	65.983333	Bb3	58	64	266	48.333333	Bb3	58	60	
277	66.583333	B3	59	60	267	48.666667	B3	59	60	
278	66.820833	G#5	80	81	268	48.833333	G#5	80	65	
279	66.838542	B4	71	60	270	48.833333	B4	71	65	
280	66.842708	E5	76	66	269	48.833333	E5	76	65	
281	67.051042	G#5	80	79	271	49.000000	G#5	80	65	
282	67.081250	B4	71	51	273	49.000000	B4	71	65	
283	67.084375	E4	64	59	274	49.000000	E4	64	60	
284	67.091667	E5	76	58	272	49.000000	E5	76	65	
285	67.433333	B3	59	56	275	49.333333	B3	59	60	
286	67.729167	C#3	49	53	276	49.666667	C#3	49	60	
287	68.029167	B3	59	55	280	50.000000	B3	59	60	
288	68.115625	F#5	78	87	277	50.000000	F#5	78	65	
289	68.143750	B4	71	68	279	50.000000	B4	71	65	
290	68.171875	E5	76	62	278	50.000000	E5	76	65	
291	68.555208	G#5	80	82	281	50.333333	G#5	80	70	
292	68.566667	E5	76	75	282	50.333333	E5	76	70	
293	68.578125	B4	71	62	283	50.333333	B4	71	70	
294	68.586458	C#3	49	52	284	50.333333	C#3	49	65	
295	68.863542	E5	76	88	286	50.666667	E5	76	75	
296	68.889583	B4	71	71	287	50.666667	B4	71	75	
297	68.893750	F#2	42	56	288	50.666667	F#2	42	70	
298	68.895833	G#4	68	57	285	50.666667	G#4	68	75	
299	69.251042	Eb5	75	94	289	51.000000	Eb5	75	75	
300	69.275000	E4	64	61	290	51.000000	E4	64	70	
301	69.275000	G#4	68	65	291	51.000000	G#4	68	70	
302	69.696875	Bb3	58	69	292	51.333333	Bb3	58	70	
303	70.115625	B3	59	67	293	51.666667	B3	59	70	
304	70.435417	E4	64	68	294	52.000000	E4	64	60	
305	70.747917	B3	59	61	295	52.333333	B3	59	60	
306	71.042708	C#3	49	53	296	52.666667	C#3	49	60	
307	71.326042	C#5	73	70	297	53.000000	C#5	73	55	
308	71.334375	B3	59	48	298	53.000000	B3	59	50	
309	71.634375	C#3	49	47	299	53.333333	C#3	49	50	
310	71.894792	F#2	42	50	300	53.666667	F#2	42	50	
311	72.216667	B4	71	59	301	54.000000	B4	71	50	
312	72.487500	C#4	61	57	302	54.333333	C#4	61	50	
313	72.596875	C#5	73	76	303	54.500000	C#5	73	55	
314	72.801042	Eb4	63	64	304	54.666667	Eb4	63	50	
315	73.135417	B4	71	52	306	55.000000	B4	71	50	
316	73.213542	G#5	80	74	305	55.000000	G#5	80	55	
317	73.532292	E4	64	42	307	55.333333	E4	64	50	
318	73.846875	F#3	54	51	308	55.666667	F#3	54	50	
319	74.191667	Bb4	70	55	310	56.000000	Bb4	70	60	
320	74.265625	C5	72	73	309	56.000000	C5	72	60	
321	74.664583	E4	64	47	312	56.333333	E4	64	60	
322	74.688542	C#5	73	80	311	56.333333	C#5	73	60	
323	74.702083	Bb4	70	50	*	-1	*	-1	-1	
324	74.958333	F#3	54	52	315	56.666667	F#3	54	60	
325	74.984375	G#5	80	84	313	56.666667	G#5	80	65	
326	74.993750	D5	74	75	314	56.666667	D5	74	60	
327	75.292708	B4	71	67	318	57.000000	B4	71	60	
328	75.320833	G#5	80	85	316	57.000000	G#5	80	65	
329	75.344792	Eb5	75	75	317	57.000000	Eb5	75	60	
330	75.646875	Eb4	63	59	319	57.333333	Eb4	63	60	
331	75.907292	F#3	54	57	320	57.666667	F#3	54	60	
332	76.171875	Eb4	63	66	321	58.000000	Eb4	63	50	
333	76.443750	F#5	78	88	322	58.333333	F#5	78	55	
334	76.473958	F#3	54	56	323	58.333333	F#3	54	50	
335	76.781250	F5	77	88	324	58.666667	F5	77	55	
336	76.803125	B2	47	58	325	58.666667	B2	47	50	
337	77.053125	F#5	78	91	326	59.000000	F#5	78	65	
338	77.315625	G#5	80	92	327	59.333333	G#5	80	80	
339	77.348958	F5	77	49	*	-1	*	-1	-1	
340	77.556250	Bb5	82	95	328	59.666667	Bb5	82	95	
341	77.852083	F#4	66	78	332	60.000000	F#4	66	100	
342	77.945833	C#6	85	92	329	60.000000	C#6	85	105	
343	77.954167	Eb5	75	91	331	60.000000	Eb5	75	105	
344	77.963542	F#5	78	80	330	60.000000	F#5	78	105	
345	78.395833	D5	74	91	335	60.333333	D5	74	105	
346	78.400000	B4	71	81	334	60.333333	B4	71	105	
347	78.404167	F#4	66	77	333	60.333333	F#4	66	105	
348	78.407292	B3	59	76	336	60.333333	B3	59	100	
349	78.698958	Eb5	75	97	338	60.666667	Eb5	75	105	
350	78.706250	F#4	66	74	339	60.666667	F#4	66	105	
351	78.734375	B4	71	60	337	60.666667	B4	71	105	
352	78.735417	Eb3	51	71	340	60.666667	Eb3	51	100	
353	79.021875	C#6	85	92	341	61.000000	C#6	85	105	
354	79.031250	Eb5	75	94	343	61.000000	Eb5	75	105	
355	79.035417	F#5	78	83	342	61.000000	F#5	78	105	
356	79.047917	Bb3	58	77	344	61.000000	Bb3	58	100	
357	79.435417	Eb3	51	69	345	61.333333	Eb3	51	100	
358	79.648958	G#2	44	65	350	61.666667	G#2	44	100	
359	79.755208	B5	83	94	346	61.666667	B5	83	105	
360	79.775000	Eb5	75	84	348	61.666667	Eb5	75	105	
361	79.777083	F#5	78	72	347	61.666667	F#5	78	105	
362	79.791667	B3	59	68	349	61.666667	B3	59	100	
363	80.087500	Eb3	51	70	351	62.000000	Eb3	51	100	
364	80.359375	B3	59	77	352	62.333333	B3	59	100	
365	80.622917	Bb5	82	91	353	62.666667	Bb5	82	105	
366	80.635417	B4	71	73	354	62.666667	B4	71	105	
367	80.641667	Eb5	75	76	355	62.666667	Eb5	75	105	
368	80.650000	F#4	66	66	356	62.666667	F#4	66	100	
369	80.998958	Bb5	82	94	359	63.000000	Bb5	82	105	
370	81.034375	B4	71	62	357	63.000000	B4	71	105	
371	81.036458	Eb5	75	68	358	63.000000	Eb5	75	105	
372	81.086458	F#4	66	66	360	63.000000	F#4	66	100	
373	81.461458	B3	59	62	361	63.333333	B3	59	100	
374	81.683333	Eb3	51	64	362	63.666667	Eb3	51	100	
375	81.906250	B3	59	64	363	64.000000	B3	59	100	
376	82.143750	Eb3	51	65	364	64.333333	Eb3	51	100	
377	82.227083	G#5	80	90	367	64.500000	G#5	80	105	
378	82.242708	B4	71	77	365	64.500000	B4	71	105	
379	82.265625	Eb5	75	66	366	64.500000	Eb5	75	105	
380	82.445833	G#2	44	68	368	64.666667	G#2	44	100	
381	82.641667	F#5	78	87	371	65.000000	F#5	78	105	
382	82.664583	B4	71	69	369	65.000000	B4	71	105	
383	82.676042	Eb5	75	78	370	65.000000	Eb5	75	105	
384	82.748958	Eb3	51	63	372	65.000000	Eb3	51	100	
385	82.998958	B3	59	64	376	65.333333	B3	59	100	
386	82.998958	Eb5	75	84	374	65.333333	Eb5	75	105	
387	83.006250	B4	71	71	373	65.333333	B4	71	105	
388	83.014583	F#4	66	67	375	65.333333	F#4	66	105	
389	83.237500	B4	71	84	377	65.666667	B4	71	105	
390	83.243750	Eb4	63	74	378	65.666667	Eb4	63	105	
391	83.253125	F#4	66	71	379	65.666667	F#4	66	100	
392	83.516667	Bb4	70	82	380	66.000000	Bb4	70	105	
393	83.532292	C#4	61	72	381	66.000000	C#4	61	100	
394	83.545833	F4	65	62	382	66.000000	F4	65	100	
395	83.777083	B3	59	66	384	66.322581	B3	59	100	
396	83.810417	G4	67	78	383	66.322581	G4	67	105	
397	84.052083	C#3	49	68	386	66.645161	C#3	49	100	
398	84.052083	G#4	68	86	385	66.645161	G#4	68	105	
399	84.338542	Eb5	75	90	387	66.967742	Eb5	75	105	
400	84.372917	F4	65	56	388	66.967742	F4	65	100	
401	84.565625	B3	59	62	389	67.290323	B3	59	100	
402	84.703125	C#5	73	83	390	67.451613	C#5	73	105	
403	84.870833	F4	65	67	391	67.612903	F4	65	100	
404	85.156250	B4	71	75	392	67.935484	B4	71	105	
405	85.169792	Eb4	63	60	393	67.935484	Eb4	63	100	
406	85.192708	F#4	66	64	394	67.935484	F#4	66	100	
407	85.509375	B3	59	54	395	68.258065	B3	59	100	
408	85.655208	Bb4	70	75	396	68.419355	Bb4	70	105	
409	85.854167	G#3	56	44	397	68.580645	G#3	56	100	
410	86.144792	F4	65	43	400	68.903226	F4	65	100	
411	86.211458	Bb4	70	74	398	68.903226	Bb4	70	105	
412	86.233333	C#4	61	56	399	68.903226	C#4	61	100	
413	86.552083	B3	59	48	402	69.215726	B3	59	100	
414	86.605208	G4	67	73	401	69.215726	G4	67	105	
415	86.613542	C#4	61	39	*	-1	*	-1	-1	
416	86.906250	C#3	49	49	404	69.528226	C#3	49	100	
417	86.906250	G#4	68	79	403	69.528226	G#4	68	105	
418	87.243750	Eb5	75	84	405	69.840726	Eb5	75	90	
419	87.263542	F4	65	56	406	69.840726	F4	65	85	
420	87.592708	B3	59	55	407	70.153226	B3	59	85	
421	87.808333	C5	72	73	408	70.309476	C5	72	90	
422	88.067708	F4	65	48	409	70.465726	F4	65	85	
423	88.438542	Eb5	75	69	410	70.778226	Eb5	75	80	
424	88.917708	B3	59	42	411	71.100807	B3	59	75	
425	89.493750	C#5	73	58	412	71.262097	C#5	73	80	
426	89.855208	C#3	49	40	413	71.423387	C#3	49	75	
427	90.745833	G#5	80	71	414	71.745968	G#5	80	65	
428	90.773958	F4	65	41	415	71.745968	F4	65	60	
429	90.775000	C#5	73	53	416	71.745968	C#5	73	60	
430	90.797917	C#4	61	31	*	-1	*	-1	-1	
431	91.431250	A3	57	49	417	72.068549	A3	57	60	
432	91.961458	Bb3	58	39	418	72.391129	Bb3	58	60	
433	92.428125	C#4	61	33	419	72.713710	C#4	61	50	
434	92.885417	Bb3	58	39	420	73.047043	Bb3	58	50	
435	93.113542	F#5	78	59	421	73.213710	F#5	78	55	
436	93.155208	F#4	66	33	422	73.213710	F#4	66	50	
437	93.327083	C#3	49	31	423	73.380377	C#3	49	50	
438	93.703125	C5	72	59	424	73.713710	C5	72	45	
439	93.768750	Bb3	58	34	425	73.713710	Bb3	58	40	
440	94.140625	C#3	49	28	426	74.047043	C#3	49	40	
441	94.363542	C#5	73	56	427	74.213710	C#5	73	45	
442	94.417708	F#4	66	26	428	74.213710	F#4	66	40	
443	94.596875	F#2	42	34	429	74.380377	F#2	42	40	
444	94.898958	F#4	66	8	*	-1	*	-1	-1	
445	95.195833	F#5	78	57	430	74.713710	F#5	78	65	
446	95.225000	C#5	73	45	432	74.713710	C#5	73	60	
447	95.237500	F#4	66	29	431	74.713710	F#4	66	60	
448	95.734375	G#3	56	35	433	75.047043	G#3	56	60	
449	96.195833	A3	57	30	434	75.380377	A3	57	60	
450	96.583333	C#4	61	34	435	75.713710	C#4	61	50	
451	96.953125	A3	57	41	436	76.047043	A3	57	50	
452	97.166667	E5	76	47	437	76.213710	E5	76	55	
453	97.316667	C#3	49	32	438	76.380377	C#3	49	50	
454	97.661458	C#4	61	32	441	76.713710	C#4	61	40	
455	97.745833	G#4	68	43	439	76.713710	G#4	68	45	
456	97.776042	E4	64	35	440	76.713710	E4	64	40	
457	98.138542	C#3	49	33	442	77.047043	C#3	49	40	
458	98.393750	A4	69	48	443	77.213710	A4	69	45	
459	98.615625	F#2	42	41	444	77.380377	F#2	42	40	
460	99.180208	C#5	73	48	445	77.713710	C#5	73	65	
461	99.227083	D4	62	30	446	77.713710	D4	62	60	
462	99.234375	F#4	66	25	447	77.713710	F#4	66	60	
463	99.665625	G#3	56	35	448	78.047043	G#3	56	60	
464	100.084375	A3	57	38	449	78.380377	A3	57	60	
465	100.440625	D4	62	28	450	78.713710	D4	62	50	
466	100.744792	A3	57	38	451	79.047043	A3	57	50	
467	100.925000	B4	71	46	452	79.213710	B4	71	55	
468	101.136458	B2	47	39	453	79.380377	B2	47	50	
469	101.531250	C#4	61	49	454	79.713710	C#4	61	45	
470	101.551042	A3	57	43	455	79.713710	A3	57	40	
471	101.930208	B2	47	38	456	80.047043	B2	47	40	
472	102.214583	D4	62	56	457	80.213710	Eb4	63	45	
473	102.453125	F#2	42	38	458	80.380377	F#2	42	40	
474	102.983333	F#4	66	54	459	80.713710	F#4	66	55	
475	103.441667	G3	55	33	461	81.047043	G3	55	50	
476	103.514583	E4	64	60	460	81.047043	E4	64	55	
477	103.847917	G#3	56	47	463	81.380377	G#3	56	50	
478	103.853125	F4	65	67	462	81.380377	F4	65	55	
479	104.243750	Eb5	75	75	464	81.713710	Eb5	75	55	
480	104.268750	Bb4	70	60	465	81.713710	Bb4	70	50	
481	104.326042	F4	65	38	466	81.713710	F4	65	50	
482	104.628125	B3	59	47	467	82.047043	B3	59	50	
483	104.860417	G4	67	61	468	82.213710	G4	67	50	
484	105.091667	C#3	49	46	469	82.380377	C#3	49	50	
485	105.446875	B3	59	38	473	82.713710	B3	59	40	
486	105.560417	C5	72	62	470	82.713710	C5	72	45	
487	105.581250	F4	65	37	471	82.713710	F4	65	40	
488	105.587500	Bb4	70	44	472	82.713710	Bb4	70	40	
489	106.087500	C#3	49	35	474	83.047043	C#3	49	40	
490	106.485417	C#5	73	54	475	83.213710	C#5	73	45	
491	106.504167	G#4	68	41	476	83.213710	G#4	68	40	
492	106.518750	Bb4	70	36	*	-1	*	-1	-1	
493	106.827083	F#2	42	35	477	83.380377	F#2	42	40	
494	107.678125	G#5	80	59	478	83.713710	G#5	80	45	
495	107.695833	F4	65	25	479	83.713710	F4	65	40	
496	107.719792	C#5	73	43	480	83.713710	C#5	73	40	
497	107.722917	C#4	61	23	*	-1	*	-1	-1	
498	108.186458	A3	57	42	481	84.047043	A3	57	40	
499	108.609375	Bb3	58	35	482	84.380377	Bb3	58	40	
500	108.975000	C#4	61	36	483	84.713710	C#4	61	40	
501	109.271875	Bb3	58	35	484	85.047043	Bb3	58	40	
502	109.430208	F#5	78	59	485	85.213710	F#5	78	45	
503	109.458333	F#4	66	32	486	85.213710	F#4	66	40	
504	109.605208	C#3	49	35	487	85.380377	C#3	49	40	
505	109.917708	Bb3	58	40	491	85.713710	Bb3	58	50	
506	110.061458	C5	72	67	488	85.713710	B4	71	55	
507	110.123958	E4	64	42	489	85.713710	E4	64	50	
508	110.126042	F#4	66	40	490	85.713710	F#4	66	50	
509	110.365625	F#3	54	47	493	86.047043	C#3	49	50	
510	110.477083	C#5	73	73	492	86.047043	C#5	73	55	
511	110.775000	F#2	42	55	494	86.380377	F#2	42	50	
512	111.035417	D5	74	84	495	86.547043	D5	74	55	
513	111.232292	B2	47	54	499	86.713710	B2	47	60	
514	111.303125	D5	74	83	496	86.713710	D5	74	65	
515	111.353125	E4	64	50	498	86.713710	E4	64	60	
516	111.353125	F#4	66	43	497	86.713710	F#4	66	60	
517	111.697917	F#3	54	60	500	87.047043	F#3	54	60	
518	111.973958	Bb3	58	62	501	87.380377	Bb3	58	60	
519	112.239583	F#2	42	37	*	-1	*	-1	-1	
520	112.240625	Bb4	70	80	502	87.713710	Bb4	70	60	
521	112.344792	F#4	66	45	503	87.713710	F#4	66	60	
522	112.656250	Bb3	58	53	505	88.047043	Bb3	58	60	
523	112.695833	G#4	68	82	504	88.047043	G#4	68	60	
524	112.983333	F#3	54	56	507	88.380377	F#3	54	60	
525	112.984375	F#4	66	83	506	88.380377	F#4	66	60	
526	113.247917	B3	59	67	511	88.713710	B3	59	60	
527	113.259375	Eb5	75	90	508	88.713710	Eb5	75	65	
528	113.284375	Eb4	63	70	510	88.713710	Eb4	63	60	
529	113.546875	Bb3	58	70	512	89.047043	Bb3	58	60	
530	113.807292	G4	67	82	513	89.380377	G4	67	60	
531	113.846875	B3	59	68	514	89.380377	B3	59	60	
532	114.141667	Bb5	82	93	515	89.713710	Bb5	82	65	
533	114.167708	G4	67	60	516	89.713710	G4	67	60	
534	114.177083	Eb5	75	68	517	89.713710	Eb5	75	60	
535	114.443750	B3	59	72	518	90.047043	B3	59	60	
536	114.751042	C4	60	61	519	90.380377	C4	60	60	
537	115.040625	Eb4	63	69	520	90.713710	Eb4	63	60	
538	115.264583	C4	60	66	521	91.047043	C4	60	60	
539	115.416667	G#5	80	88	522	91.213710	G#5	80	65	
540	115.426042	G#4	68	80	523	91.213710	G#4	68	60	
541	115.537500	Eb3	51	69	524	91.380377	Eb3	51	60	
542	115.734375	C4	60	63	528	91.713710	C4	60	60	
543	115.806250	D5	74	93	525	91.713710	D5	74	65	
544	115.823958	F#4	66	71	526	91.713710	F#4	66	60	
545	115.826042	G#4	68	69	527	91.713710	G#4	68	60	
546	116.065625	G#2	44	57	*	-1	*	-1	-1	
547	116.066667	G#3	56	62	530	92.047043	G#3	56	60	
548	116.092708	Eb5	75	97	529	92.047043	Eb5	75	65	
549	116.347917	G#2	44	61	531	92.380377	G#2	44	60	
550	116.484375	E5	76	100	532	92.547043	E5	76	65	
551	116.657292	E5	76	89	533	92.713710	E5	76	65	
552	116.676042	C#3	49	61	536	92.713710	C#3	49	60	
553	116.682292	F#4	66	68	535	92.713710	F#4	66	60	
554	116.688542	G#4	68	70	534	92.713710	G#4	68	60	
555	116.932292	G#3	56	71	537	93.047043	G#3	56	60	
556	117.169792	C4	60	72	538	93.380377	C4	60	60	
557	117.427083	C5	72	93	539	93.713710	C5	72	60	
558	117.461458	G#4	68	74	540	93.713710	G#4	68	60	
559	117.483333	C#3	49	47	*	-1	*	-1	-1	
560	117.725000	Bb4	70	86	541	94.047043	Bb4	70	60	
561	117.729167	C4	60	64	542	94.047043	C4	60	60	
562	117.963542	G#4	68	94	543	94.380377	G#4	68	60	
563	117.988542	G#3	56	67	544	94.380377	F3	53	60	
564	118.190625	C#4	61	72	548	94.713710	C#4	61	60	
565	118.234375	F5	77	94	545	94.713710	F5	77	65	
566	118.254167	F4	65	74	547	94.713710	F4	65	60	
567	118.263542	G#4	68	78	546	94.713710	G#4	68	60	
568	118.511458	C4	60	64	549	95.047043	C4	60	60	
569	118.813542	A4	69	84	550	95.380377	A4	69	60	
570	118.854167	C#4	61	58	551	95.380377	C#4	61	60	
571	118.854167	F4	65	43	*	-1	*	-1	-1	
572	119.368750	Eb6	87	68	552	95.713710	Eb6	87	45	
573	119.406250	C#4	61	26	*	-1	*	-1	-1	
574	119.410417	Eb5	75	47	553	95.713710	Eb5	75	45	
575	119.940625	E4	64	17	555	96.047043	E4	64	40	
576	120.367708	F4	65	23	556	96.380377	F4	65	40	
577	120.773958	B4	71	34	557	96.713710	B4	71	40	
578	121.087500	F4	65	29	558	97.047043	F4	65	40	
579	121.234375	C#6	85	55	560	97.213710	C#6	85	45	
580	121.266667	C#5	73	42	559	97.213710	C#5	73	45	
581	121.468750	G#3	56	22	561	97.380377	G#3	56	40	
582	121.745833	F4	65	25	565	97.713710	F4	65	50	
583	121.751042	D4	62	18	*	-1	*	-1	-1	
584	121.838542	G5	79	60	562	97.713710	G5	79	55	
585	121.889583	B4	71	39	564	97.713710	B4	71	50	
586	121.893750	C#5	73	36	563	97.713710	C#5	73	50	
587	122.125000	C#4	61	30	567	98.047043	C#4	61	50	
588	122.296875	G#5	80	58	566	98.047043	G#5	80	55	
589	122.725000	C#3	49	26	568	98.380377	C#3	49	50	
590	123.045833	A5	81	58	569	98.547043	A5	81	55	
591	123.323958	F#3	54	25	573	98.713710	F#3	54	50	
592	123.391667	A5	81	54	570	98.713710	A5	81	55	
593	123.436458	B4	71	37	571	98.713710	B4	71	50	
594	123.854167	C#4	61	31	574	99.047043	C#4	61	50	
595	124.214583	F4	65	30	575	99.380377	F4	65	50	
596	124.617708	F#4	66	26	576	99.713710	F#4	66	50	
597	124.998958	C#4	61	33	577	100.047043	C#4	61	50	
598	125.295833	Bb5	82	62	578	100.213710	Bb5	82	55	
599	125.327083	Bb4	70	36	579	100.213710	Bb4	70	50	
600	125.510417	F#3	54	33	580	100.380377	F#3	54	50	
601	125.926042	F#4	66	27	583	100.713710	F#4	66	50	
602	126.051042	D5	74	59	581	100.713710	D5	74	55	
603	126.094792	Bb4	70	43	582	100.713710	Bb4	70	50	
604	126.420833	C4	60	27	585	101.047043	C4	60	50	
605	126.534375	Eb5	75	76	584	100.963710	Eb5	75	55	
606	126.581250	Bb4	70	30	*	-1	*	-1	-1	
607	126.867708	G#5	80	77	586	101.213710	G#5	80	55	
608	126.925000	G#4	68	42	587	101.213710	G#4	68	50	
609	127.050000	G#3	56	55	588	101.380377	G#3	56	50	
610	127.181250	F#5	78	87	589	101.463710	F#5	78	55	
611	127.495833	F#4	66	50	591	101.713710	F#4	66	50	
612	127.680208	F#5	78	79	590	101.713710	F#5	78	55	
613	128.255208	F5	77	75	592	102.047043	F5	77	55	
614	128.294792	B3	59	42	593	102.047043	B3	59	50	
615	128.646875	Eb5	75	81	594	102.380377	Eb5	75	55	
616	128.698958	C#3	49	48	595	102.380377	C#3	49	50	
617	129.021875	C#5	73	73	596	102.713710	C#5	73	45	
618	129.338542	B3	59	59	597	103.047043	B3	59	40	
619	129.573958	Bb4	70	75	598	103.213710	Bb4	70	45	
620	129.893750	F#4	66	45	599	103.380377	F#4	66	40	
621	130.409375	F4	65	51	600	103.713710	F4	65	40	
622	130.868750	B3	59	40	601	104.047043	B3	59	40	
623	131.113542	G#4	68	63	602	104.213710	G#4	68	45	
624	131.145833	F4	65	23	*	-1	*	-1	-1	
625	131.410417	C#3	49	42	603	104.380377	C#3	49	40	
626	132.045833	G#4	68	68	604	104.713710	G#4	68	65	
627	132.114583	F4	65	39	606	104.713710	F4	65	60	
628	132.118750	C#4	61	30	605	104.713710	C#4	61	60	
629	132.597917	Bb3	58	37	607	105.047043	Bb3	58	60	
630	133.014583	C#3	49	30	608	105.380377	C#3	49	60	
631	133.463542	F#2	42	24	609	105.713710	F#2	42	50	
632	133.936458	C#3	49	23	610	106.047043	C#3	49	50	
633	134.440625	Bb3	58	24	611	106.380377	Bb3	58	50	
634	135.011458	Eb4	63	31	613	106.713710	Eb4	63	40	
635	135.023958	F#4	66	27	612	106.713710	F#4	66	45	
636	135.587500	C4	60	29	614	107.047043	C4	60	40	
637	136.414583	Eb4	63	17	*	-1	*	-1	-1	
638	136.415625	C#4	61	23	615	107.380377	C#4	61	40	
639	137.573958	F#5	78	38	616	107.713710	F#5	78	45	
640	137.603125	B4	71	33	618	107.713710	B4	71	45	
641	137.603125	Eb5	75	31	617	107.713710	Eb5	75	45	
642	137.609375	F#4	66	18	619	107.713710	F#4	66	40	
643	138.521875	G#5	80	42	620	108.047043	G#5	80	45	
644	138.553125	Eb5	75	36	621	108.047043	Eb5	75	45	
645	138.557292	B4	71	28	622	108.047043	B4	71	45	
646	138.613542	G#3	56	22	623	108.047043	G#3	56	40	
647	139.393750	Bb3	58	31	624	108.380377	Bb3	58	40	
648	139.628125	Eb5	75	45	625	108.547043	Eb5	75	45	
649	139.630208	B4	71	38	626	108.547043	B4	71	45	
650	139.652083	Bb4	70	36	*	-1	*	-1	-1	
651	139.662500	F#4	66	25	627	108.547043	F#4	66	45	
652	139.911458	Eb5	75	51	628	108.713710	Eb5	75	45	
653	139.935417	B4	71	39	629	108.713710	B4	71	45	
654	139.937500	F#4	66	19	630	108.713710	F#4	66	45	
655	139.943750	B3	59	29	631	108.713710	B3	59	40	
656	140.427083	C#3	49	28	632	109.047043	C#3	49	40	
657	140.803125	F#2	42	32	633	109.380377	F#2	42	40	
658	141.338542	C#5	73	65	634	109.713710	C#5	73	45	
659	141.376042	F#4	66	41	636	109.713710	F#4	66	45	
660	141.381250	B4	71	49	635	109.713710	B4	71	45	
661	141.922917	C#3	49	40	640	110.047043	C#3	49	40	
662	142.034375	Eb5	75	75	637	110.047043	Eb5	75	45	
663	142.070833	F#4	66	47	639	110.047043	F#4	66	45	
664	142.071875	B4	71	55	638	110.047043	B4	71	45	
665	142.391667	B3	59	46	644	110.380377	B3	59	40	
666	142.440625	B4	71	76	642	110.380377	B4	71	45	
667	142.468750	F#4	66	53	643	110.380377	F#4	66	45	
668	142.473958	Eb4	63	59	641	110.380377	Eb4	63	45	
669	142.854167	Bb4	70	76	645	110.713710	Bb4	70	65	
670	142.943750	F#4	66	54	646	110.713710	F#4	66	60	
671	143.277083	Bb3	58	64	647	111.047043	Bb3	58	60	
672	143.645833	B3	59	59	648	111.380377	B3	59	60	
673	144.073958	Eb4	63	61	649	111.713710	Eb4	63	50	
674	144.565625	B3	59	44	650	112.047043	B3	59	50	
675	144.941667	C#3	49	45	651	112.380377	C#3	49	50	
676	145.243750	F#2	42	36	656	112.713710	F#2	42	40	
677	145.311458	G#4	68	51	652	112.713710	G#4	68	45	
678	145.343750	B3	59	36	653	112.713710	B3	59	40	
679	145.355208	F#4	66	32	655	112.713710	F#4	66	40	
680	145.358333	Eb4	63	30	654	112.713710	Eb4	63	40	
681	145.656250	C#3	49	37	657	113.047043	C#3	49	40	
682	145.973958	B3	59	26	658	113.380377	B3	59	40	
683	146.334375	F#4	66	36	659	113.713710	F#4	66	40	
684	146.652083	G#3	56	38	660	114.047043	G#3	56	40	
685	146.764583	G#4	68	67	661	114.213710	G#4	68	45	
686	146.982292	Bb3	58	43	662	114.380377	Bb3	58	40	
687	147.305208	F#4	66	36	664	114.713710	F#4	66	40	
688	147.451042	Eb5	75	67	663	114.713710	Eb5	75	45	
689	147.795833	B3	59	35	665	115.047043	B3	59	40	
690	148.191667	C#3	49	33	666	115.380377	C#3	49	40	
691	148.550000	F4	65	39	668	115.713710	F4	65	50	
692	148.625000	G4	67	49	667	115.713710	G4	67	50	
693	149.077083	G#4	68	62	669	116.047043	G#4	68	50	
694	149.078125	B3	59	42	670	116.047043	B3	59	50	
695	149.388542	C#3	49	38	673	116.380377	C#3	49	50	
696	149.472917	Eb5	75	64	671	116.380377	Eb5	75	55	
697	149.497917	A4	69	48	672	116.380377	A4	69	50	
698	149.813542	F#4	66	30	676	116.713710	F#4	66	60	
699	149.883333	Eb5	75	60	674	116.713710	Eb5	75	65	
700	149.895833	Bb4	70	49	675	116.713710	Bb4	70	60	
701	150.265625	Bb3	58	30	677	117.047043	Bb3	58	60	
702	150.636458	C#3	49	22	678	117.380377	C#3	49	60	
703	151.020833	F#2	42	28	679	117.713710	F#2	42	50	
704	151.406250	C#3	49	29	681	118.047043	C#3	49	50	
705	151.412500	C#5	73	40	680	118.047043	C#5	73	55	
706	151.435417	Bb4	70	25	*	-1	*	-1	-1	
707	151.782292	C5	72	51	682	118.380377	C5	72	55	
708	151.823958	Bb3	58	28	683	118.380377	Bb3	58	50	
709	152.144792	C#5	73	45	684	118.713710	C#5	73	45	
710	152.206250	C#4	61	11	*	-1	*	-1	-1	
711	152.223958	F#4	66	21	685	118.713710	F#4	66	40	
712	152.519792	Eb5	75	51	686	119.047043	Eb5	75	45	
713	152.945833	F5	77	47	687	119.380377	F5	77	45	
714	153.442708	F#5	78	45	688	119.713710	F#5	78	45	
715	153.473958	B4	71	33	690	119.713710	B4	71	45	
716	153.473958	Eb5	75	34	689	119.713710	Eb5	75	45	
717	154.045833	G#5	80	42	692	120.047043	G#5	80	45	
718	154.066667	Eb5	75	33	693	120.047043	Eb5	75	45	
719	154.084375	B4	71	28	694	120.047043	B4	71	45	
720	154.122917	G#3	56	24	695	120.047043	G#3	56	40	
721	154.735417	Bb3	58	30	696	120.380377	Bb3	58	40	
722	154.904167	Eb5	75	43	697	120.547043	Eb5	75	45	
723	154.907292	B4	71	37	698	120.547043	B4	71	45	
724	154.912500	F#4	66	30	699	120.547043	F#4	66	45	
725	155.207292	Eb5	75	49	700	120.713710	Eb5	75	45	
726	155.211458	F#4	66	29	702	120.713710	F#4	66	45	
727	155.243750	B4	71	35	701	120.713710	B4	71	45	
728	155.261458	B3	59	32	703	120.713710	B3	59	40	
729	155.623958	C#3	49	31	704	121.047043	C#3	49	40	
730	155.967708	F#2	42	39	705	121.380377	F#2	42	40	
731	156.401042	C#5	73	53	706	121.713710	C#5	73	55	
732	156.419792	B4	71	41	707	121.713710	B4	71	55	
733	156.433333	F#4	66	32	708	121.713710	F#4	66	55	
734	156.838542	C#3	49	37	712	122.047043	C#3	49	50	
735	156.922917	Eb5	75	67	709	122.047043	Eb5	75	55	
736	156.947917	B4	71	39	710	122.047043	B4	71	55	
737	156.957292	F#4	66	38	711	122.047043	F#4	66	55	
738	157.256250	B3	59	43	716	122.380377	B3	59	50	
739	157.320833	B4	71	68	714	122.380377	B4	71	55	
740	157.360417	Eb4	63	50	713	122.380377	Eb4	63	55	
741	157.363542	F#4	66	45	715	122.380377	F#4	66	55	
742	157.751042	Bb4	70	68	717	122.713710	Bb4	70	65	
743	157.805208	F#4	66	48	718	122.713710	F#4	66	60	
744	158.195833	Bb3	58	47	719	123.047043	Bb3	58	60	
745	158.603125	B3	59	52	720	123.380377	B3	59	60	
746	159.125000	Eb4	63	48	721	123.713710	Eb4	63	50	
747	159.712500	B3	59	30	722	124.047043	B3	59	50	
748	160.072917	C#3	49	30	723	124.380377	C#3	49	50	
749	160.451042	F#2	42	33	728	124.713710	F#2	42	40	
750	160.487500	G#4	68	42	724	124.713710	G#4	68	45	
751	160.497917	B3	59	31	725	124.713710	B3	59	40	
752	160.523958	Eb4	63	23	726	124.713710	Eb4	63	40	
753	160.525000	F#4	66	30	727	124.713710	F#4	66	40	
754	160.904167	C#3	49	29	729	125.047043	C#3	49	40	
755	161.264583	B3	59	27	730	125.380377	B3	59	40	
756	161.671875	F#4	66	24	731	125.713710	F#4	66	40	
757	162.036458	G#3	56	32	732	126.047043	G#3	56	40	
758	162.178125	G#4	68	54	733	126.213710	G#4	68	45	
759	162.405208	Bb3	58	40	734	126.380377	Bb3	58	40	
760	162.727083	F#4	66	29	736	126.713710	F#4	66	40	
761	162.841667	Eb5	75	59	735	126.713710	Eb5	75	45	
762	163.282292	B3	59	31	737	127.047043	B3	59	40	
763	163.801042	C#3	49	35	738	127.380377	C#3	49	40	
764	164.212500	F4	65	24	740	127.713710	F4	65	40	
765	164.213542	Eb4	63	19	*	-1	*	-1	-1	
766	164.300000	G4	67	42	739	127.713710	G4	67	40	
767	164.758333	B3	59	34	742	128.047043	B3	59	40	
768	164.842708	G#4	68	58	741	128.047043	G#4	68	40	
769	165.146875	C#3	49	31	745	128.380377	C#3	49	40	
770	165.232292	Eb5	75	63	743	128.380377	Eb5	75	45	
771	165.263542	A4	69	51	744	128.380377	A4	69	40	
772	165.655208	Eb5	75	61	746	128.713710	Eb5	75	45	
773	165.692708	Bb4	70	43	747	128.713710	Bb4	70	40	
774	165.704167	F#4	66	24	748	128.713710	F#4	66	40	
775	166.065625	Bb3	58	34	749	129.047043	Bb3	58	40	
776	166.433333	C#3	49	38	750	129.380377	C#3	49	40	
777	166.860417	C#5	73	46	751	129.713710	C#5	73	45	
778	166.884375	F#2	42	28	752	129.713710	F#2	42	40	
779	167.223958	C#3	49	25	753	130.047043	C#3	49	40	
780	167.593750	Bb3	58	34	754	130.380377	Bb3	58	40	
781	167.914583	F4	65	20	757	130.713710	F4	65	40	
782	167.915625	C#3	49	16	*	-1	*	-1	-1	
783	168.045833	Eb5	75	55	755	130.713710	Eb5	75	45	
784	168.061458	C#3	49	21	*	-1	*	-1	-1	
785	168.061458	G4	67	32	756	130.713710	G4	67	40	
786	168.511458	B3	59	21	759	131.047043	B3	59	40	
787	168.578125	G#4	68	46	758	131.047043	G#4	68	40	
788	168.618750	F4	65	7	*	-1	*	-1	-1	
789	168.922917	C#3	49	25	762	131.380377	C#3	49	40	
790	168.984375	Eb5	75	49	760	131.380377	Eb5	75	45	
791	169.005208	A4	69	40	761	131.380377	A4	69	40	
792	169.497917	Eb5	75	46	763	131.713710	Eb5	75	45	
793	169.525000	Bb4	70	35	764	131.713710	Bb4	70	40	
794	169.956250	Bb3	58	12	766	132.047043	Bb3	58	40	
795	170.442708	C#3	49	18	767	132.380377	C#3	49	40	
796	170.909375	C#5	73	35	768	132.713710	C#5	73	45	
797	170.916667	F#2	42	23	769	132.713710	F#2	42	40	
798	171.313542	C#3	49	27	770	133.047043	C#3	49	40	
799	171.775000	Bb3	58	23	771	133.380377	Bb3	58	40	
800	172.300000	Eb5	75	44	772	133.713710	Eb5	75	45	
801	172.316667	G4	67	31	773	133.713710	G4	67	40	
802	172.318750	C#3	49	19	*	-1	*	-1	-1	
803	172.364583	F4	65	28	774	133.713710	F4	65	40	
804	172.909375	G#4	68	39	775	134.047043	G#4	68	40	
805	172.917708	B3	59	25	776	134.047043	B3	59	40	
806	173.581250	Eb5	75	50	777	134.380377	Eb5	75	45	
807	173.586458	C#3	49	20	779	134.380377	C#3	49	40	
808	173.594792	A4	69	42	778	134.380377	A4	69	40	
809	174.494792	Eb5	75	48	780	134.713710	Eb5	75	35	
810	174.552083	F#4	66	19	782	134.713710	F#4	66	30	
811	174.553125	Bb4	70	34	781	134.713710	Bb4	70	30	
812	175.141667	Bb3	58	28	783	135.047043	Bb3	58	30	
813	175.706250	C#3	49	27	784	135.380377	C#3	49	30	
814	176.265625	F#2	42	34	785	135.713710	F#2	42	30	
815	176.815625	C#3	49	27	786	136.047043	C#3	49	30	
816	177.425000	Bb3	58	28	787	136.380377	Bb3	58	30	
817	178.076042	C#5	73	42	788	136.713710	C#5	73	35	
818	178.109375	C#4	61	15	*	-1	*	-1	-1	
819	178.114583	F#3	54	21	*	-1	*	-1	-1	
820	178.126042	F#4	66	21	789	136.713710	F#4	66	30	
821	178.885417	Bb3	58	24	790	137.047043	Bb3	58	30	
822	182.232292	Bb5	82	48	792	137.713710	Bb5	82	35	
823	182.235417	F#2	42	13	*	-1	*	-1	-1	
824	182.256250	C#3	49	13	*	-1	*	-1	-1	
825	182.265625	F#1	30	14	793	137.713710	F#1	30	30	
826	182.273958	Bb4	70	17	*	-1	*	-1	-1	
*	-1	*	-1	-1	108	20.666667	F#2	42	50	
*	-1	*	-1	-1	148	28.000000	C#4	61	80	
*	-1	*	-1	-1	509	88.713710	F#4	66	60	
*	-1	*	-1	-1	554	95.713710	G#5	80	40	
*	-1	*	-1	-1	572	98.713710	C#5	73	50	
*	-1	*	-1	-1	691	119.713710	F#4	66	40	
*	-1	*	-1	-1	765	131.713710	F#4	66	40	
*	-1	*	-1	-1	791	137.380377	C#3	49	30	
